3.04513:1005 3.27465:2192 3.32068:2687 3.3825:4141 3.39397:4390 3.39849:5803 3.43051:6835 3.43545:7159 3.46206:8871 3.46354:8964 3.46635:9257 3.49907:9932 3.50237:11385 3.50687:14586 3.53352:15619 3.59962:16198 3.60242:16483 3.62023:19818 3.64409:23085 3.64892:25420 3.67002:30154 3.67419:34432 3.68591:38416 3.69089:48356 
1463 1466 1087 638 1417 1350 1259 1199 1739 429 86 1816 1034 720 861 673 1570 1531 367 1248 1351 111 1366 1636 1090 488 726 825 122 704 1017 1626 395 1929 1527 178 1455 1315 22 647 1169 1407 1572 1863 214 1253 788 1508 1046 1810 1230 881 475 1360 663 1084 1828 1125 397 1138 1194 421 1258 1431 1334 1950 309 1331 1589 418 1162 1335 534 698 834 1759 1344 1689 1305 517 396 689 1702 1154 1472 99 902 110 896 959 1240 41 23 1614 1179 1182 1788 1010 767 1120 168 856 375 81 1834 1450 52 1855 1386 1606 1412 97 470 880 535 1796 1773 1815 1233 732 1941 1408 629 468 500 1342 961 504 1358 1313 303 222 649 1662 244 1359 406 1912 1184 814 1092 1988 665 1602 1027 1519 1954 165 1032 357 1573 1400 511 926 920 1998 1629 1652 1921 865 1460 1556 1299 1415 683 1705 705 1057 645 33 130 715 1579 991 1115 857 1267 358 243 907 1717 490 266 248 467 1914 1467 281 238 813 236 1040 450 291 532 754 1688 712 1994 879 1047 900 1192 1743 1062 250 1050 1271 115 1031 618 1947 446 379 1672 1398 360 91 1069 858 1051 439 1872 625 835 1309 1328 204 1575 1489 708 1437 944 963 1542 1380 1005 312 445 1804 1645 1534 25 325 136 1026 923 653 643 342 459 1003 1972 507 798 1783 363 672 1977 954 1481 1213 794 1593 821 227 758 1361 114 924 1874 294 1028 1544 669 1144 1009 1959 1610 1803 1427 293 285 185 199 577 60 82 340 1496 449 2000 1180 969 1272 193 1655 1902 1110 791 1126 1790 1658 1067 1762 1105 454 447 984 1974 1288 617 254 121 1924 1495 1552 686 1476 1226 1653 1756 1666 1862 917 1837 369 684 154 16 755 51 28 410 1749 265 441 1002 982 771 1029 1692 1071 845 710 47 150 1884 1085 1829 901 1063 675 1736 1576 1030 189 1594 464 1516 1695 539 1255 297 1644 30 1561 1172 1332 119 1217 1385 912 1176 808 176 1875 1081 824 411 716 1438 1898 1980 1723 1277 502 1247 377 1130 1290 1499 3 1817 1545 486 54 1446 1124 296 1501 1521 233 1536 1801 1657 1053 1402 553 1142 310 1423 1737 1664 1008 1684 1797 322 80 1506 
minDistance: 3.69089
cost: 368529
capacity: 298752
time: 48356
maxTime: 60000
LS1: 20443/21376
LS2: 415/933
LS3: 0/0
shakeIters: 494
shakeLoops: 46
