3.15628:1792 3.2123:2348 3.32532:3321 3.36059:3984 3.37392:4189 3.39397:4430 3.39552:4982 3.41086:5457 3.4281:5635 3.42842:5768 3.46354:6103 3.4701:6602 3.49258:6809 3.50687:7099 3.5132:7746 3.52571:17391 3.53222:20447 3.56639:21230 3.6039:23282 3.60943:26857 3.6148:27019 3.63972:28691 3.64295:29037 3.64322:29226 3.64409:29892 3.64784:30108 3.6548:34414 3.66644:34591 3.67002:38762 3.6709:43175 3.68366:45507 3.68426:46843 3.68591:47122 3.68664:48504 3.69216:48766 3.69605:53490 
1828 1593 1276 1383 2000 325 1013 906 114 814 1196 24 993 1031 1799 1610 23 1103 889 1545 507 1059 1057 991 715 1309 1046 227 433 1536 74 1632 1217 865 1107 845 1002 1090 1290 1328 410 1427 926 1739 514 1255 1432 1333 1463 1788 1464 673 322 1380 1162 1112 43 367 1400 28 1489 915 1565 1688 1654 99 379 470 214 1921 896 1478 1450 1499 115 1073 459 33 1026 563 1884 51 390 844 1360 1836 1169 189 1062 767 176 1682 1863 1437 1429 813 1929 1247 193 1262 1614 944 1727 1759 411 1657 1924 849 297 80 1253 66 1796 955 30 834 897 309 1200 1034 1723 1797 363 1172 1872 1560 165 243 375 244 1479 164 953 82 1561 251 1889 130 791 532 1277 1597 1844 761 901 1067 1994 977 1451 1404 369 1513 1010 1234 574 358 285 1089 198 1562 808 672 1272 794 87 1407 1230 1816 1577 439 429 1024 881 1071 1815 511 1072 1319 1556 1199 645 91 1947 506 1912 310 1226 1887 1749 824 397 924 395 1875 1332 248 1607 168 1501 1950 1928 1462 150 1358 788 1542 720 732 519 848 825 1508 1041 377 1899 1717 1533 1575 902 1516 880 300 570 1951 1582 1315 1941 1233 1160 378 1081 1194 1629 996 1709 1915 437 340 1626 500 713 1248 1866 291 684 1570 1408 1998 342 1652 1331 488 281 663 1579 1712 1125 81 1914 963 535 568 879 1359 1964 250 1423 18 1738 785 293 445 1988 1700 236 360 1267 647 475 412 1569 1320 1541 1598 1342 1589 900 464 580 1989 683 1334 517 1810 1366 712 1644 1874 441 756 1105 984 1616 1032 1535 1849 1878 1365 334 22 1008 1053 1666 1653 304 705 223 591 1051 204 1305 185 1335 1468 396 1344 354 1385 1364 1453 1047 5 1476 1630 389 1417 1527 1142 1977 233 1726 1959 111 504 870 1173 499 632 1790 1745 1446 1840 821 1087 58 1705 1580 860 303 637 1692 25 288 172 1858 1398 693 1130 1003 961 449 782 222 1814 446 1743 1040 1351 1350 1289 86 1367 616 1084 1467 60 1741 1207 1184 1340 266 704 1645 1656 614 1213 771 1402 1110 467 1856 716 835 1119 1116 1803 1917 1521 100 1954 907 923 1361 1063 1620 480 933 1552 
minDistance: 3.69605
cost: 367062
capacity: 298943
time: 53490
maxTime: 60000
LS1: 17310/18193
LS2: 454/883
LS3: 0/0
shakeIters: 393
shakeLoops: 35
