3.15628:1691 3.19992:2023 3.2123:2213 3.25593:2450 3.39216:3545 3.39397:3752 3.43819:4421 3.46354:4530 3.46921:6746 3.4715:6912 3.47703:7392 3.48467:7741 3.49454:11413 3.50063:11589 3.50237:12441 3.53077:15174 3.5697:16871 3.62023:17313 3.62317:17608 3.63068:23573 3.63468:25916 3.63744:28736 3.6439:30829 3.64784:38626 3.66576:41289 
82 1002 1084 470 720 849 1335 1190 300 1187 241 117 1288 969 860 1797 297 1179 1668 808 1816 1291 1126 1524 1353 1089 1315 1431 172 1184 1977 845 199 1144 1502 953 1516 514 1727 1872 1107 879 577 185 1358 1878 1040 1645 248 906 1067 73 1908 734 1910 87 1593 1361 587 418 1305 1657 1263 1829 272 1092 716 616 342 1340 434 1575 1047 1216 1914 1110 60 1705 1597 1545 1331 698 1527 1304 715 467 1988 1852 1464 1230 1271 959 1666 1915 464 1562 1071 663 1432 1151 396 826 1248 480 222 165 500 1692 1427 1921 198 110 705 1360 708 1366 1451 100 250 1534 1552 1990 1247 285 219 1499 1008 111 25 443 45 504 1822 1272 756 1717 1114 535 1876 1561 1959 1862 1485 249 912 683 1541 1081 202 1028 794 1762 375 446 1929 429 792 1589 1495 1479 1579 310 279 322 844 266 1050 1771 570 1976 1400 1309 859 491 686 238 1290 1275 907 791 1468 1700 726 731 159 150 1662 1460 1017 754 759 227 1874 1162 1213 987 1010 377 360 668 1124 961 1426 1515 623 1742 1974 544 1803 1458 1787 1423 685 923 1258 1582 306 410 924 1332 767 86 1928 453 1850 1233 593 264 445 980 750 1594 712 1535 506 1788 574 880 160 1123 1810 367 1319 1402 28 1778 358 1398 42 1217 684 286 1723 1463 1514 1982 902 1626 1057 1014 20 1072 1031 168 1359 1200 1828 881 341 1255 1614 209 1573 917 331 1610 732 1556 728 519 1365 1173 81 1601 1932 1749 996 904 1653 1969 1168 776 80 1501 154 30 488 825 758 288 926 58 1709 1954 1892 233 1351 780 1053 1160 963 1119 1565 1283 665 242 5 1194 401 193 1385 1090 1125 1639 1728 1342 119 1091 1736 31 214 821 704 1180 507 1743 1655 176 236 298 51 1408 1941 91 653 16 74 761 1417 693 97 1849 749 1003 309 834 66 991 709 710 243 1085 1844 1489 1407 1475 527 573 1947 363 771 1796 1672 2000 412 369 1333 840 591 397 1105 667 1350 1964 1032 1855 642 23 1521 1096 449 1428 1898 813 1454 1688 1172 1199 1739 1644 1410 941 1814 985 1232 411 244 114 459 1791 54 1866 1776 224 539 379 69 1465 1034 124 99 293 647 439 637 
minDistance: 3.66576
cost: 364305
capacity: 298795
time: 41289
maxTime: 60000
LS1: 18550/19430
LS2: 419/880
LS3: 0/0
shakeIters: 436
shakeLoops: 40
