3.18075:1709 3.236:2068 3.24008:2236 3.25142:2709 3.27201:3370 3.32068:3897 3.32578:4175 3.3825:4799 3.39955:6803 3.42842:7580 3.43545:8103 3.46354:8845 3.46619:9638 3.49258:10060 3.49454:11509 3.50687:11760 3.51959:14378 3.51993:18659 3.53222:18948 3.54838:19146 3.55176:22344 3.56254:22833 3.59645:23311 3.59764:26896 3.59765:27446 3.60902:29442 3.6148:29616 3.6195:29777 3.62317:30417 3.63068:34000 3.64409:35182 3.64892:36309 3.6548:49879 3.66497:54262 3.66576:54611 
1057 1162 1509 1743 1053 637 1657 1899 1423 1460 1758 1040 879 1977 397 159 535 944 500 938 165 1365 1947 1359 1109 45 1985 325 176 454 1332 773 1179 80 948 198 874 539 896 1502 1810 130 1801 1230 1008 441 310 429 1194 1458 1277 1031 726 1253 672 24 1529 67 1576 1203 1262 431 1593 1130 1723 1692 1398 1420 293 60 322 1662 1426 1829 1489 1479 1562 1283 1666 1431 1005 826 250 1556 1003 676 1550 1902 1334 1941 1535 395 1344 926 193 759 645 570 1976 3 705 1892 1081 166 1340 1506 100 1464 401 439 375 656 758 663 1669 1002 1309 81 178 1910 907 1796 1482 1914 1229 1521 1184 1383 1858 240 1736 1084 1350 1187 488 121 684 412 1579 1090 1815 214 519 434 1709 1929 243 23 824 1639 72 1767 475 1803 133 285 1255 1746 990 334 1898 1495 1594 199 834 632 1271 1565 791 464 1010 923 1192 297 1982 1788 616 808 1668 110 829 1319 1700 150 1582 114 1610 729 1086 1361 1144 716 1110 1228 219 470 1814 1272 99 1407 1664 1828 615 1994 1863 331 1908 48 1645 119 788 1768 723 1438 1804 306 396 1182 1143 1735 1749 1654 961 1412 1554 506 28 1290 1199 1699 1476 825 502 1029 1799 1626 845 1589 1516 1226 22 377 433 1391 1321 154 1653 194 984 1366 904 1541 1067 767 111 1784 1234 86 251 761 1189 1797 1921 486 161 1866 266 1439 1007 1849 1472 638 647 1091 821 504 1655 1428 1486 1217 342 1739 702 902 1577 1372 1402 1519 860 732 1816 1052 715 432 1085 731 309 1126 1517 1720 459 794 1380 577 1658 1614 574 279 614 780 1974 617 227 185 599 1176 1305 1034 1607 1874 172 1304 1745 1275 82 1501 1569 74 1534 1950 748 673 175 1342 340 168 651 991 712 918 304 591 844 235 236 1089 1527 369 959 248 1446 51 66 1463 1988 1385 1437 1200 1727 1726 16 272 379 771 58 1545 1561 1935 467 1299 1616 1754 527 1954 1508 1142 671 233 1523 768 1125 941 281 1213 1644 1335 1169 817 1408 1790 1308 30 5 1073 573 1364 848 445 649 1837 414 265 1254 1575 225 1072 1467 411 1764 754 1737 1267 667 1499 704 358 291 300 1172 2000 1432 1051 710 1306 
minDistance: 3.66576
cost: 367277
capacity: 298740
time: 54611
maxTime: 60000
LS1: 16739/17628
LS2: 470/889
LS3: 0/0
shakeIters: 384
shakeLoops: 32
