3.19992:1227 3.20957:1415 3.30197:2146 3.31513:3341 3.32068:3511 3.47536:4825 3.48063:5108 3.49258:5395 3.50063:5694 3.50523:5937 3.50763:6231 3.5132:6484 3.52118:6876 3.55176:8700 3.6039:9469 3.60943:9625 3.62456:9904 3.63257:10246 3.63468:10436 3.63744:12143 3.6439:12362 3.64409:12486 3.64784:15590 3.64892:15678 3.66576:17874 
1476 869 358 794 1342 1668 912 25 1335 645 1380 119 291 715 1767 488 959 814 1409 281 1107 81 1582 1368 1743 1383 900 114 750 1191 1764 1705 1523 1361 559 1742 342 1438 500 244 1010 1366 1928 574 251 1917 1990 982 1998 1994 1002 788 1562 923 1727 577 1089 638 941 596 1168 1964 1610 685 1024 464 1508 243 1003 140 732 1682 1187 1594 1290 1546 16 446 398 585 445 861 1090 704 412 1536 280 1081 1829 1889 433 766 1878 111 1122 1855 74 1172 615 1057 1309 504 1595 286 1050 1023 288 1803 1365 250 1350 702 236 1914 1123 849 1569 880 1464 907 1091 1796 130 663 1579 1620 1906 1929 1407 395 935 1521 1499 1709 649 759 1305 91 996 1976 1985 1203 369 1053 1490 1304 917 1626 698 521 1217 1109 285 1084 671 506 248 1410 1255 51 710 817 1436 921 1408 1431 844 1885 1289 1977 1950 1169 1248 1959 1332 856 767 848 1263 1047 1797 322 1262 310 411 1110 926 514 97 86 491 1692 103 784 808 1385 1816 201 845 293 1364 1031 434 124 2000 1358 1334 1788 511 67 1051 1138 185 716 159 532 1489 1495 1402 1799 1982 1192 1014 614 1213 429 1575 1516 1782 1067 28 1527 860 1601 1941 100 325 1163 354 1790 266 1662 1597 1040 1427 1565 1614 712 1657 931 297 24 1561 193 1810 1723 456 198 1326 1229 1200 1151 421 906 1706 637 440 1173 1534 227 99 989 1052 961 1828 58 863 1105 1032 665 150 1463 1253 1199 23 1420 720 902 1423 396 1645 1378 647 1934 207 1446 309 1992 672 1059 253 1071 834 1180 657 1921 222 1351 667 509 1545 1356 1247 984 1472 470 160 375 199 223 535 240 821 15 165 1026 879 60 1468 1844 1655 653 1143 991 1417 467 1359 517 1695 1087 684 1226 1556 1739 1817 1230 1333 1756 1166 705 599 616 1759 699 1391 214 82 1745 69 1315 1126 1360 1162 1398 1319 919 1940 1696 233 1154 1542 1372 1008 953 1142 418 1426 824 306 300 1815 1434 1589 397 1486 1451 519 1501 1874 164 987 1369 379 731 172 858 1738 683 1653 1194 143 259 1484 875 176 924 72 1749 1034 1485 1664 1437 1966 1254 1479 18 1367 
minDistance: 3.66576
cost: 368329
capacity: 298753
time: 17874
maxTime: 60000
LS1: 21354/22301
LS2: 392/947
LS3: 0/0
shakeIters: 530
shakeLoops: 50
