3.04513:1217 3.11997:1477 3.13747:1627 3.32068:2774 3.42842:3895 3.43633:5783 3.47227:7212 3.47536:8447 3.50203:9384 3.50422:9778 3.5132:10227 3.52118:10500 3.53222:10693 3.55176:11586 3.55261:11822 3.56266:12004 3.59645:12471 3.60242:14839 3.6039:21382 3.6195:29545 3.62317:30905 3.63257:31197 3.6439:31312 3.64409:34641 3.64784:39678 3.65163:39822 3.6548:39932 3.67419:40321 3.68281:48018 3.68664:48210 3.69089:51476 
1653 514 794 1092 172 1024 212 233 1364 846 643 359 1661 1472 778 599 1259 923 66 396 1412 1527 749 1144 398 984 1034 821 1810 133 955 234 808 1417 775 176 1816 1350 527 904 1344 119 214 1972 1277 1789 1358 941 834 1692 254 285 1142 713 1230 1682 577 429 1115 531 617 1767 150 656 720 1120 907 902 1817 1509 1727 1278 1173 94 1636 99 1073 844 896 1974 325 1125 1272 159 1213 30 375 1008 1468 1458 1420 1645 1616 1432 1515 1772 1717 1071 901 1516 1790 865 1057 82 240 1067 1545 1428 960 1951 1220 1575 1438 858 395 1964 1372 879 1579 1892 1044 959 165 224 1026 486 1947 1917 1087 411 227 1290 369 1782 710 464 1053 1288 1541 300 1582 381 1160 1589 1556 845 645 1562 446 1466 1271 771 467 641 663 1091 1050 297 115 897 1179 185 1607 244 1820 322 1431 712 1643 734 193 449 1796 953 331 1429 1408 1450 1610 250 1385 1749 1361 653 500 499 334 243 1172 1745 367 593 72 857 1391 703 1959 1570 1446 445 1657 1123 1225 1274 266 669 23 961 28 45 488 1878 1499 1700 1130 716 1546 238 1084 1359 1360 685 2000 1832 1874 1247 1626 632 1561 1723 1046 130 1356 684 693 16 825 1040 1495 1842 1342 1031 74 1521 1003 1341 912 848 293 1594 1109 111 1105 1192 1573 705 849 1739 1828 1090 1736 194 450 1598 767 248 1315 1929 963 708 1481 83 1437 1815 298 1837 1803 418 1253 81 1614 1788 168 1332 715 1275 251 1814 379 280 991 1988 1743 1759 1334 303 915 1007 253 535 1977 114 1737 154 1240 1002 1666 1072 1797 1427 1597 924 246 1248 1406 1463 409 491 1467 1217 236 1501 470 222 1010 1402 439 377 1162 1593 1502 1658 726 1804 312 1366 1941 880 889 759 1702 900 189 673 1697 1398 33 1380 1124 1009 272 219 60 1966 919 1577 1255 1404 342 615 340 1921 1051 1081 86 1855 1954 672 1107 1950 1705 1910 166 410 1914 722 1168 1126 817 1595 1662 310 1110 454 1844 1199 1194 52 1479 506 616 1062 401 1644 437 1423 1407 1866 729 389 675 1476 1565 1029 1652 70 1994 281 296 1108 1489 676 1726 1017 623 51 
minDistance: 3.69089
cost: 362394
capacity: 298792
time: 51476
maxTime: 60000
LS1: 19499/20375
LS2: 386/876
LS3: 0/0
shakeIters: 459
shakeLoops: 39
