2.94993:654 3.2123:1755 3.25095:2003 3.32044:2437 3.32068:2563 3.37392:2995 3.43667:3607 3.47703:3814 3.50237:4387 3.50422:6133 3.51993:7821 3.52325:11916 3.52571:12307 3.53222:12653 3.59765:14997 3.6148:15149 3.62317:16538 3.63468:17045 3.63972:17361 3.6439:17792 3.64409:23050 3.64892:30788 3.6548:31181 3.66309:34191 3.66576:34407 3.66944:34564 3.67002:36545 3.68591:51783 
1105 912 130 1228 1092 82 35 1274 1463 222 1764 1438 296 342 1051 1874 1814 1366 1331 16 23 1368 1383 244 1162 991 1304 535 1005 369 1455 1685 45 1657 1110 874 25 86 1541 54 441 1417 1736 114 1361 750 1872 715 1844 1031 1616 1130 379 1277 159 1684 615 1385 1468 396 1696 1351 879 1476 467 1703 1575 1364 443 1423 755 1106 1248 1420 880 1773 638 1402 1230 236 1739 1319 279 1490 1437 22 686 1519 896 527 1052 844 235 671 266 720 961 1565 791 1179 219 1007 1342 1499 1796 712 1125 1902 1350 406 767 931 1103 1372 1837 1687 944 808 798 429 234 1358 254 111 1123 81 637 1325 1380 665 286 1788 331 577 1645 1053 100 168 841 243 238 1982 1742 941 1720 857 1797 834 672 641 193 1876 30 1107 306 1816 1398 1346 726 1545 224 574 150 1947 684 1569 1081 1003 710 1024 1790 377 1194 1950 403 667 1255 1672 1192 788 1515 1427 1429 1410 1787 80 240 1582 732 926 375 281 60 1028 553 1914 1332 1019 1810 1935 1063 1597 1976 251 1094 1432 34 1941 519 817 859 470 481 1309 1601 28 1315 1959 363 1593 491 1516 1299 902 334 1084 51 1496 673 632 858 585 794 1954 1610 1169 845 1407 1985 1866 303 1073 1662 123 1508 1964 411 984 1199 475 1247 1614 616 771 1114 1577 904 1817 865 1682 821 1709 1071 1666 1858 310 1527 1290 1892 1828 1655 1977 534 1126 1172 1213 1428 1855 250 1780 784 645 439 705 119 1594 358 1521 734 1658 1561 1144 825 1187 1509 227 1692 1067 848 1240 1804 1653 1929 1359 1108 185 435 297 1057 606 685 1090 1829 683 459 285 502 1115 1723 1596 1700 1166 1688 708 1408 1360 395 907 1409 293 500 780 91 906 1705 367 248 1803 165 1743 666 506 194 1142 322 1974 1184 1173 1271 1579 729 414 1724 1749 133 1921 675 1980 160 990 1466 953 233 647 1489 354 959 214 716 1669 412 1091 272 1305 1296 1328 1501 464 1446 759 447 1576 649 66 1217 1010 418 1008 1116 1076 1727 445 1589 504 1160 1626 2 1451 1799 1311 1087 1917 1994 446 900 1415 209 312 1002 1495 1759 758 1689 1915 
minDistance: 3.68591
cost: 369756
capacity: 298732
time: 51783
maxTime: 60000
LS1: 19981/20986
LS2: 500/1005
LS3: 0/0
shakeIters: 477
shakeLoops: 44
