3.24008:2229 3.25095:2498 3.31513:2949 3.34928:3863 3.37392:4238 3.42842:6122 3.44408:6629 3.46354:6977 3.46635:7440 3.46961:10744 3.47703:13354 3.50063:14087 3.51976:14360 3.51993:15576 3.52838:17085 3.53222:21391 3.54838:23160 3.58788:23910 3.59098:24487 3.59645:27361 3.59765:29472 3.60242:32269 3.6195:32467 3.63068:33839 3.63257:35621 3.63468:35730 3.64322:37639 3.6439:37725 3.64409:38125 3.64892:49310 3.67243:50793 3.68201:53298 3.68591:54646 3.68664:56799 3.69089:57058 3.69833:58054 
535 250 1966 441 1790 1481 653 491 1486 1782 961 234 712 1019 1105 298 1402 1620 1749 1262 1598 897 825 1917 1446 794 1192 1053 1540 1796 1724 991 1454 686 683 1007 194 1626 677 207 1464 1442 1334 1032 363 1072 1866 879 577 73 1365 82 1127 204 1844 111 1947 817 1126 844 716 1179 1002 982 480 907 1595 1350 1130 1027 1954 1658 1743 66 369 447 1941 1353 1501 834 1912 1309 617 1652 143 429 1878 1051 509 1516 119 1929 1610 1385 1358 1519 58 251 1616 1084 926 1017 1437 28 130 824 1575 1856 1988 1380 110 1429 900 51 325 1315 651 1040 1759 705 1255 829 410 1499 1508 165 1489 1921 367 676 285 585 1144 780 912 1569 859 227 1689 193 1230 401 1275 100 1644 1169 1576 915 1407 1594 375 1706 1829 439 992 449 667 645 1248 395 292 331 421 1062 808 464 1834 814 1655 1472 185 1479 1737 1450 700 1372 214 1071 1468 1485 1688 60 1124 1328 1408 1067 1008 488 1666 1872 1950 732 685 715 1819 35 527 1702 1455 379 445 901 1756 504 16 1545 1814 99 591 1723 845 23 1199 1359 632 1804 1803 1861 1367 1656 322 1855 984 1423 1091 874 1535 1705 889 1003 507 380 861 1107 212 358 1010 1404 293 1200 1184 1050 1092 1675 1417 1217 334 1360 150 1589 1630 639 923 318 1914 1876 672 1629 1739 570 1874 81 1412 397 944 1478 1653 1125 244 949 1709 935 647 297 456 704 791 1639 1366 1959 684 1131 434 1290 1977 133 1420 785 25 33 1810 1767 849 446 1087 266 1044 1875 1451 1055 1305 136 1817 1110 189 1816 1436 953 1828 281 821 187 1597 1727 637 1928 534 1224 272 856 1090 1031 726 1172 243 848 1247 1063 860 475 1398 902 233 222 1565 1138 615 1496 1546 1194 176 638 159 1788 1103 467 1083 1213 396 1849 85 500 917 1515 1024 470 1173 734 1473 1556 172 1561 1837 342 340 1544 1910 1196 1463 103 1577 757 248 906 1081 865 1467 880 1527 72 1344 1089 1361 1288 689 657 1682 1342 236 1521 411 1495 1029 1013 1427 114 1636 1717 1335 519 303 309 1892 924 435 1162 450 1579 1458 
minDistance: 3.69833
cost: 369492
capacity: 298895
time: 58054
maxTime: 60000
LS1: 17306/18190
LS2: 459/884
LS3: 0/0
shakeIters: 389
shakeLoops: 31
