3.19992:1515 3.20957:1697 3.2239:1989 3.28857:2413 3.37392:3341 3.40753:3752 3.43545:4012 3.46921:4900 3.47503:5118 3.50422:7656 3.59765:8385 3.60242:8480 3.63468:11689 3.6439:11968 3.64409:12097 3.66576:13580 3.66644:35539 3.68366:52570 3.69833:52733 3.70404:57529 3.70849:58862 3.70944:59554 
771 175 1442 502 1005 1941 645 1649 115 1385 1878 1451 1029 1007 1552 1529 1977 390 133 982 844 643 159 1110 375 1614 1011 1120 1546 527 1582 896 829 281 1782 1105 1402 953 1790 1436 912 924 359 248 1332 1272 1562 500 944 649 770 1861 97 821 1052 23 410 570 1431 81 1788 1655 959 1803 1258 715 1328 1248 1607 58 1365 310 1184 396 398 250 1653 1966 509 1950 716 309 1081 1855 414 66 1027 450 243 1462 1465 1072 671 1010 1364 845 712 119 684 1253 176 1032 138 1702 1781 293 1063 99 672 1109 1313 1914 673 1947 1126 1785 1535 1726 1595 244 1386 1228 675 1739 1541 202 1974 172 1344 1610 834 1550 1872 222 1787 441 1521 1902 1799 1657 378 704 880 1495 988 464 1438 411 1616 1031 1943 1743 296 1040 1213 1277 666 165 22 1972 331 439 1398 1824 1837 759 199 534 1454 811 991 1959 1796 695 1687 984 1575 1087 1844 1593 1764 25 1828 513 488 194 16 1024 470 130 1107 445 1749 1874 1053 1182 1108 1866 1283 726 2000 1408 1412 1423 879 1697 1954 1561 791 1723 1217 1008 582 1508 43 685 732 1756 1910 1315 1836 1577 303 710 1463 1516 1556 616 1071 539 506 647 1602 1626 792 286 1361 1484 1259 1481 1804 1929 1351 1976 1479 1875 1988 100 1067 28 638 219 499 3 251 1527 1816 1849 1017 1226 1759 114 1810 9 1664 1731 1138 1073 504 214 447 1499 1427 1589 1513 395 429 923 233 1090 52 1922 1305 1636 1194 1745 902 617 1255 1458 767 1173 475 1275 577 1928 1565 1034 1994 708 1658 1736 297 1980 1969 1187 236 1892 1366 859 1342 266 683 285 150 591 1144 1407 961 1003 1666 1234 918 73 1230 1644 1106 1705 907 1420 798 505 51 60 585 1437 814 379 322 1742 377 227 1857 168 1696 209 342 1817 1579 1335 435 185 198 306 1814 1321 1179 926 1355 804 1921 401 86 1829 824 1933 639 1271 1501 860 1576 1172 1594 1026 1046 1200 491 1050 1169 334 1199 794 1917 1985 941 1372 1350 1383 1192 1009 1044 1309 1965 298 1324 1645 249 1496 599 1130 467 20 1647 535 1489 434 1770 1570 1092 632 990 1797 1091 1051 1125 817 1084 602 240 705 825 
minDistance: 3.70944
cost: 363975
capacity: 298761
time: 59554
maxTime: 60000
LS1: 18453/19414
LS2: 571/961
LS3: 0/0
shakeIters: 368
shakeLoops: 34
