3.26512:1905 3.27201:2685 3.29238:2998 3.31513:3274 3.38505:4091 3.39397:4320 3.39849:4473 3.40617:5326 3.43545:6111 3.46354:6283 3.47012:6505 3.47227:7300 3.48063:7572 3.49258:8040 3.49907:8473 3.50237:9570 3.5132:11199 3.52768:12861 3.54838:13072 3.60943:13626 3.6148:15729 3.64322:18403 3.64409:19504 3.64874:25444 3.67002:27125 3.67475:34532 3.68281:39038 3.68591:41598 3.69089:52374 3.69833:58572 
1516 1709 354 1162 233 1921 1565 1333 1985 1862 331 984 410 723 1408 454 377 1652 446 708 3 1427 1749 1182 1828 720 1034 1992 418 509 165 1797 340 176 1594 686 919 248 1199 514 1473 713 554 1616 1582 1988 1017 71 912 788 1365 172 1417 1700 1790 379 1263 159 1688 2000 115 1431 675 647 1334 879 1087 1909 1328 1645 342 1542 759 1024 1126 577 1977 665 1654 1105 1438 1144 656 322 486 889 1032 1053 246 209 961 1998 1271 42 896 251 1751 1090 192 1031 1192 398 51 1832 1160 1253 1332 475 834 1288 1829 369 1842 434 817 1305 641 1739 189 133 1124 181 1437 491 1550 1796 421 100 1872 1675 771 585 645 1547 1367 907 1446 82 1598 1816 150 1499 1489 1071 1874 45 1726 685 1562 1169 646 1181 1315 441 1464 1458 726 204 1420 1125 1492 435 1576 1044 222 1142 880 470 599 432 667 1575 1910 1213 778 813 69 87 223 114 1432 380 367 904 1359 1361 375 532 1272 1852 1120 1398 1727 1008 539 1699 293 250 1463 985 449 615 1837 953 1815 1767 1789 1959 915 1974 1661 591 1092 244 1672 1666 924 1705 168 1764 712 467 397 900 1110 1130 72 297 1610 1602 1350 844 16 500 506 819 1819 638 121 111 1109 1081 1302 1941 28 1501 1723 272 33 1759 1546 243 429 1996 1358 503 952 1351 1912 1737 285 207 1275 1589 1283 266 923 944 1479 684 1599 856 464 1010 1072 23 1003 437 1172 715 1561 1577 74 358 917 1342 959 1657 1495 1009 1194 86 637 1782 1593 130 1626 445 1277 504 1290 214 1450 1878 1274 1508 1472 824 1950 791 1051 439 488 1123 1552 91 1743 704 99 1810 683 236 288 705 1230 849 1005 1040 119 1954 616 1173 1579 403 447 185 1255 401 1248 1572 1108 411 227 450 519 199 860 1929 821 1407 825 1366 639 60 1344 1855 991 238 1502 1226 535 103 754 1084 66 300 1423 1788 1028 1664 1372 1861 847 926 193 1803 1966 396 1259 902 617 858 1535 1402 1556 1814 996 1527 240 1091 334 1620 527 1662 1346 1629 1728 73 1200 1380 1947 1217 1570 1085 1630 1184 1885 281 1653 1050 1026 653 808 1682 1002 
minDistance: 3.69833
cost: 364932
capacity: 298926
time: 58572
maxTime: 60000
LS1: 19802/20720
LS2: 418/918
LS3: 0/0
shakeIters: 470
shakeLoops: 42
