3.22116:1831 3.22328:2279 3.24008:2403 3.27201:2639 3.27616:3052 3.32068:3325 3.33964:3549 3.36212:3879 3.39849:4389 3.43545:5425 3.45609:5664 3.46206:5765 3.47703:6334 3.4975:6916 3.52185:7826 3.55176:8020 3.56254:9964 3.57519:10050 3.63744:12336 3.64409:13779 3.64784:14952 3.64892:18523 3.67002:19474 3.67349:41166 3.67419:42533 3.67475:42821 3.67806:48114 3.68281:51985 
1759 1283 1412 902 1200 1593 1539 985 1398 1053 1565 1032 554 1589 705 331 251 1844 61 1804 504 1365 58 179 266 66 1106 47 1575 1472 923 675 1561 732 879 1255 1736 1803 1169 243 1081 35 1545 712 1400 1941 1090 1360 1988 1788 1105 1924 1428 1914 74 130 1569 92 433 445 669 204 1682 1275 641 953 1446 785 1915 1834 1634 1431 1626 1951 1577 194 1674 1372 1860 199 924 1982 15 1976 1950 585 119 248 172 1798 683 1434 1044 218 555 1342 1657 1723 672 1601 1463 1084 1969 209 1527 1897 606 297 23 615 1688 845 673 989 1731 1466 375 771 823 28 334 1432 645 1160 1274 298 1829 1479 450 870 1739 1192 1351 1071 397 396 1673 322 342 20 1144 395 921 300 1782 1954 1230 1810 1478 1276 638 1556 1582 185 1292 1892 1051 519 1390 834 1866 1542 1199 73 1878 665 984 1126 1630 637 1817 671 360 874 1994 1579 45 1409 1985 225 99 459 16 446 1031 963 114 653 1110 1233 1423 488 1288 1899 441 901 175 1885 577 285 856 1062 82 467 507 1754 1815 506 686 916 86 1928 1024 1353 1653 250 935 1217 1123 1921 1705 1709 411 150 410 821 1947 811 1040 379 1727 1271 1698 51 591 1107 906 917 1307 1724 959 920 159 1171 907 1737 1248 1917 214 1002 1052 176 819 961 1179 647 269 244 904 1003 849 1290 1438 192 912 1874 1819 791 1573 1974 470 1005 667 1014 429 987 418 1502 1309 698 1091 903 826 354 1990 798 1050 1358 293 825 1124 464 824 1594 1034 1181 1534 991 1675 1262 403 111 222 1410 1658 1875 1743 272 527 1361 421 1383 1872 948 574 1508 1855 1489 1247 227 1602 1008 617 1486 539 1977 1654 1407 500 829 1910 708 1797 25 103 380 1742 689 1644 168 1451 1515 1516 1796 1350 1666 1814 535 1692 41 1437 1700 1417 1213 1184 1645 1790 684 1166 1837 1364 401 1562 1026 1115 1366 81 1828 734 1610 1172 858 1319 193 1315 1272 1873 1929 1427 1402 160 1464 133 1194 22 726 1495 1655 1182 1902 1816 1125 1267 1359 895 844 794 165 358 310 1762 1877 233 509 1067 1277 944 447 614 1187 219 281 1305 
minDistance: 3.68281
cost: 367303
capacity: 298799
time: 51985
maxTime: 60000
LS1: 21452/22437
LS2: 450/985
LS3: 0/0
shakeIters: 507
shakeLoops: 45
