3.21487:1939 3.22328:2399 3.27201:2863 3.28909:3181 3.31513:3794 3.32068:4402 3.32193:4617 3.34928:4937 3.39397:5769 3.41086:6255 3.43819:7220 3.44401:7420 3.44408:7578 3.4701:9463 3.4715:9679 3.48465:9912 3.50687:15178 3.53352:15525 3.54891:16681 3.60242:16978 3.6039:20603 3.6148:20694 3.63068:21081 3.63876:23698 3.64295:23896 3.6439:24083 3.66576:30064 3.6709:32700 3.68201:33624 3.68281:36245 3.69089:37539 3.69605:37634 3.69833:42282 3.70944:56296 
857 817 251 683 1921 204 202 1589 1516 59 577 1468 1789 1604 1846 1829 1682 599 375 119 720 902 1876 1899 33 1087 871 824 1485 504 133 1446 991 1974 672 1878 476 1450 1126 1053 618 547 401 1267 1003 889 51 1562 1005 18 322 189 506 1579 467 959 1255 1788 285 1479 475 1988 1661 309 1910 1351 819 1947 390 24 1194 1941 1359 759 500 1862 1695 1248 1335 87 647 1199 449 239 47 194 1495 713 1539 1594 377 74 1040 1954 1641 99 220 1577 266 705 288 363 1565 1607 432 488 293 1213 637 312 433 214 1924 439 1071 1815 1657 1917 1072 16 199 1817 1364 100 617 1810 1203 771 1028 447 1692 1057 1162 1702 79 963 1124 25 358 193 1143 1275 176 912 965 507 72 1501 849 865 684 1247 944 150 907 464 1437 1292 380 1737 369 1091 1575 1029 1137 926 1380 238 454 1720 1541 1427 1662 168 1598 1864 1969 1032 880 996 1034 1400 1463 1315 1610 165 81 1527 1726 1992 955 130 1081 961 1582 114 1426 1184 1499 1438 23 1998 1172 941 1092 1630 1408 1644 1790 814 1181 1855 1319 1350 1705 828 1230 1556 411 1365 360 219 331 172 906 1561 1801 732 1372 82 668 1344 1977 712 834 1417 159 1432 1031 244 1472 1464 1084 535 1964 726 1816 845 1360 1008 1652 1478 1572 1358 111 923 1410 233 1105 1226 1626 1743 1169 1620 243 1110 1994 1700 247 1333 788 511 585 412 396 1276 574 470 1797 1593 1451 1803 1391 499 1492 1115 1144 310 673 1914 1051 178 1328 1305 539 1496 973 1324 1116 693 519 446 250 615 591 1125 1067 445 4 667 1024 242 185 342 1342 1723 1521 1002 1874 821 1569 403 1837 879 1073 1796 1332 441 675 1288 924 1771 1010 297 286 198 1932 30 1229 791 1885 1653 1544 1277 1395 689 222 1217 1749 370 1828 334 1402 1272 1154 1179 429 1959 1727 397 754 1489 1361 35 715 414 1739 1724 1929 825 1458 248 1398 1759 1875 1063 434 1050 357 858 778 379 395 1823 534 227 1090 367 1664 121 638 91 86 487 281 1709 60 1767 160 1672 1602 698 1192 1982 1407 1675 1160 874 704 209 1334 1027 1466 1666 1130 808 1423 
minDistance: 3.70944
cost: 366479
capacity: 298839
time: 56296
maxTime: 60000
LS1: 18200/19064
LS2: 411/864
LS3: 0/0
shakeIters: 419
shakeLoops: 37
