3.236:2234 3.27116:2668 3.38231:3982 3.40762:4247 3.42842:5321 3.44408:5616 3.45609:5760 3.46354:5999 3.47703:6745 3.48063:7232 3.49258:7375 3.50215:14202 3.50237:14313 3.50687:18649 3.52954:21070 3.59765:21770 3.60242:23358 3.60943:23542 3.62317:24195 3.64409:24790 3.64892:25234 3.67475:31251 3.69216:32838 3.70404:35810 3.70944:57461 
782 1366 214 734 1767 599 1982 673 859 1288 29 875 1154 227 1705 1921 450 1084 1181 87 825 1008 1803 111 1271 1471 1837 322 1899 91 1542 1342 1429 1965 1087 1749 1709 358 1902 1200 1609 791 1602 206 293 1914 13 1634 1431 504 193 1423 847 1842 787 1455 1034 133 1607 81 1029 1412 638 1275 1878 165 1467 860 1862 844 1003 1090 1002 1692 1527 172 720 1817 723 1863 1091 1364 759 410 1874 535 1192 1771 33 1724 1576 647 1057 1521 1626 732 470 432 503 539 1262 171 236 475 85 150 1695 499 1217 1788 1125 1479 72 1255 1130 1739 219 363 396 1026 1468 1662 1420 1169 1929 1797 1519 1496 1432 1007 464 511 984 233 1610 240 821 944 896 1955 1796 1450 1745 1031 1598 435 82 266 1464 1053 591 225 439 1790 1213 441 1941 871 325 1426 506 1230 198 1824 712 1051 1518 1924 923 959 1315 1810 1214 1358 1508 1184 637 1344 445 1040 1594 244 418 1556 1144 1417 1458 1954 194 1489 429 683 849 889 1719 907 1179 771 12 1723 1593 447 1636 1372 1072 1350 251 238 1606 1569 983 1259 1142 298 1332 563 1747 1668 1675 28 1236 1804 1172 902 1351 1071 953 926 1579 1463 1474 1331 1928 519 941 1688 367 710 990 220 1582 1385 1829 1935 845 1499 1272 243 1407 248 1438 1427 397 856 729 1305 848 1162 1024 1947 154 189 250 715 1513 1067 1589 1166 615 1361 1950 1492 100 446 1089 185 23 119 1666 1977 1816 1073 1652 1866 35 874 808 9 47 1360 224 1572 456 377 870 577 1655 509 1367 819 1974 1657 1309 667 114 1759 1516 1645 1654 1726 1398 1700 309 1028 1005 666 1107 1501 1562 1380 1335 380 297 961 130 1105 1229 331 726 16 1653 704 1597 1044 1910 1253 651 1081 1565 879 1324 395 1915 375 1437 334 617 73 342 1577 1408 369 99 1988 900 459 814 176 168 58 672 285 858 300 434 488 716 616 1063 1092 281 204 1402 1828 1561 684 1682 467 403 1050 401 919 1160 1267 1575 1743 1616 1764 1994 1194 1737 1515 340 1560 656 1706 1110 433 1248 817 222 80 1334 86 486 500 1727 1203 948 1699 1892 414 411 1124 449 310 1481 991 1959 1378 1446 
minDistance: 3.70944
cost: 366165
capacity: 299044
time: 57461
maxTime: 60000
LS1: 18101/18945
LS2: 418/844
LS3: 0/0
shakeIters: 401
shakeLoops: 37
