3.30197:1984 3.34928:2408 3.38052:2845 3.39397:3021 3.39955:3317 3.41393:3897 3.42842:4081 3.46354:4949 3.4701:6046 3.48467:6973 3.49258:7714 3.49454:7832 3.5132:8139 3.54838:9750 3.54891:11251 3.55176:11402 3.59645:11760 3.59869:12231 3.60232:12412 3.60943:12955 3.6148:14328 3.62023:17443 3.62456:19041 3.63257:20328 3.63876:20852 3.64892:22122 3.66576:22795 3.67806:26422 3.68281:36353 3.69833:37420 3.70046:51153 3.70944:51306 
439 1090 1917 199 1762 903 168 1896 1410 1565 1569 617 539 1727 517 379 1199 1283 1582 845 509 1360 493 1267 1319 1367 87 1305 1788 1643 1527 1213 15 421 1941 1692 1652 1124 1932 1358 1372 1138 446 1402 1989 1464 1047 1828 1376 1914 1552 1467 375 103 1508 1589 1271 1874 227 1130 432 959 380 704 515 1247 367 358 437 1463 434 1362 1067 880 117 808 1921 322 236 1019 288 982 1313 1653 1344 904 1299 119 248 879 1184 1486 637 1115 357 1910 1007 1091 369 828 464 160 1334 1111 1172 1682 1255 919 114 172 154 782 1385 1575 1819 1200 1797 1472 1230 1288 1709 194 1829 286 1024 1634 1173 653 700 923 684 665 1353 397 1315 1248 1928 1662 309 535 504 82 1899 1626 1109 846 1110 243 1595 1492 1620 1756 202 712 1803 342 100 1407 246 1335 1929 1144 1398 574 1954 759 111 698 1081 1453 298 1496 671 1789 961 1597 401 214 1561 1994 1657 1747 1278 1876 1010 1275 715 222 1523 667 780 519 73 817 1629 51 1516 585 1947 1866 1579 1743 1084 754 856 1749 1466 1892 1542 1529 411 689 1420 1366 1645 834 1169 1475 1521 615 906 1142 924 907 977 1427 445 412 996 596 193 1089 500 1380 126 953 1705 1724 1796 591 1423 1350 81 1365 447 985 576 984 771 1071 1451 1044 1737 1005 1817 1560 527 1179 244 716 645 234 1051 178 1810 755 710 1790 325 459 647 1160 176 1723 1437 1915 470 130 1742 1969 672 1489 25 1450 1194 396 1364 485 35 467 441 251 488 767 1764 1060 1855 1391 506 1593 23 137 707 224 577 410 1577 72 355 66 240 150 1359 1059 1974 377 1468 1614 1455 993 1040 1050 614 429 1924 1988 1739 238 1053 1057 917 1063 281 45 926 28 889 1217 266 825 1664 1333 1031 1361 1499 686 1383 1814 1977 1192 534 514 708 821 791 902 944 1087 1351 1008 480 1032 829 859 204 794 1601 86 334 293 1309 121 1125 1002 233 219 858 877 1610 991 673 1226 642 1782 705 1706 1562 1644 295 47 297 1534 250 1162 713 1123 1556 1003 1304 395 185 1524 1105 668 310 819 683 1342 1406 1598 
minDistance: 3.70944
cost: 367300
capacity: 298954
time: 51306
maxTime: 60000
LS1: 19651/20577
LS2: 414/926
LS3: 0/0
shakeIters: 480
shakeLoops: 42
