3.00148:869 3.26512:2452 3.28857:2722 3.36937:3804 3.39216:4461 3.39397:4585 3.42669:5158 3.46354:8660 3.4701:11292 3.49454:11547 3.50492:17753 3.50687:18206 3.50924:20128 3.51281:20420 3.5212:22125 3.52838:25131 3.54288:26770 3.5441:26996 3.54838:27428 3.55176:27684 3.56266:34517 3.59034:35268 3.5923:35507 3.59764:36471 3.6039:36596 3.60943:42795 
1427 150 1513 1372 133 708 1217 1508 1278 901 1658 989 645 1914 1706 342 1478 1110 100 1875 1479 1017 1582 834 1335 1194 1814 1546 1402 1879 1616 984 283 1162 591 824 23 858 1031 1966 1727 1315 1362 577 1169 813 1366 715 1172 949 1527 808 1786 198 1742 1874 676 461 1924 826 1143 334 1610 1176 35 281 811 511 1652 265 1921 1565 1674 233 1629 1192 1450 961 60 214 1983 1791 535 616 15 1230 1416 554 86 2 663 1855 72 537 1844 185 726 416 1454 397 596 897 251 1974 1280 506 1929 1739 860 1332 20 835 238 377 1614 1275 1885 1579 22 1737 1053 1248 1199 1828 1184 1702 1023 955 507 160 292 647 907 1465 165 124 396 390 62 456 28 1455 184 99 212 785 1115 672 1698 248 1947 1296 1081 1344 713 1928 467 635 1084 1024 710 1767 119 915 73 470 788 1898 114 1804 880 175 1575 1442 1002 732 1912 812 1723 1573 1071 1668 1788 336 1003 574 199 193 493 1861 1501 1842 1226 1092 1653 1228 673 210 767 1087 1131 411 1645 1019 1829 446 1432 1941 1489 449 638 1365 1709 1810 33 1200 1462 440 712 794 1509 1423 1490 1384 1125 1797 1361 1173 491 1144 437 369 1412 1502 751 1040 49 1529 944 1062 1594 509 1398 1350 1213 110 657 550 1759 1434 18 771 1521 963 244 1823 209 853 1499 821 1229 322 898 1342 1496 293 309 1106 1109 1305 1743 503 844 1253 123 331 704 1408 720 421 1796 1364 1589 395 1664 1654 615 705 1705 1682 1290 643 1661 1359 1730 379 347 782 1644 1420 1385 445 845 80 1837 1319 266 426 430 52 47 300 1360 447 1426 1216 791 1089 1803 500 924 1992 1451 668 900 1374 1022 1562 677 17 1899 434 58 1776 12 1029 1377 1634 1105 1626 375 16 1367 1464 1438 953 1463 991 817 959 429 1437 82 849 250 483 264 1126 1858 685 236 1026 1577 1561 502 723 1468 846 684 358 1878 1749 310 53 1805 103 1014 297 1817 1724 856 439 1965 1391 1358 1799 683 585 912 1166 504 66 617 1283 1998 189 176 455 1090 1756 1988 464 1321 1959 441 272 759 1836 121 1606 1474 928 1975 1783 223 1410 1085 243 828 1027 306 1516 1407 1735 
minDistance: 3.60943
cost: 364655
capacity: 298751
time: 42795
maxTime: 60000
LS1: 18054/18888
LS2: 402/834
LS3: 0/0
shakeIters: 406
shakeLoops: 37
