3.13747:1571 3.22144:2029 3.25095:2429 3.26512:2700 3.4281:3945 3.43545:4240 3.46354:4498 3.47012:5496 3.47536:10525 3.48719:10894 3.49258:11619 3.4975:12155 3.50687:12544 3.56254:14043 3.56264:18013 3.6039:18560 3.60602:36801 3.60902:40564 3.6148:41066 3.63068:42513 3.63744:43204 3.64322:43619 3.64409:50910 3.64784:51703 3.66576:51872 
926 121 865 1333 470 341 283 754 410 572 1255 1277 1351 1468 429 880 1572 192 1402 1499 1349 984 1116 1057 418 1084 1556 1144 1692 504 1682 1007 1994 1796 309 645 903 1709 1620 1417 1272 497 726 1589 1179 1579 316 1738 1249 1309 168 1541 1366 1199 1799 1228 519 1973 1759 397 439 51 1103 728 709 150 60 1815 1941 1234 390 185 907 1614 1910 172 219 160 1872 1213 433 1545 9 1162 1409 1398 1247 502 1565 467 1455 1743 1420 198 1653 233 1094 20 722 1723 1834 675 189 73 1705 544 1857 1142 1437 214 616 1463 450 1546 961 1662 663 1462 1726 623 953 244 844 446 1299 996 615 715 798 750 1594 1053 298 1008 266 1081 1720 176 1917 1644 342 1404 1489 1742 336 1130 1841 845 527 353 1110 1700 1335 45 1226 209 915 1727 1630 834 16 1998 475 243 248 1090 1472 1028 1664 1767 761 637 944 1560 396 812 445 1495 1034 1410 1776 1947 720 1200 480 1668 1749 1372 1342 756 1319 1217 303 491 1364 222 58 12 780 1790 30 1423 1040 1365 1658 99 1976 1063 1639 1829 1932 1254 1180 1876 375 1091 1954 1929 1535 1305 367 1263 1803 28 411 1407 1426 23 1616 447 1633 476 826 767 1464 369 1248 1785 1575 574 80 432 1073 1797 1914 22 133 1688 201 1629 18 1071 1350 449 193 732 1657 1855 1516 1988 199 1832 1051 379 1194 1067 1172 241 1332 293 1745 593 794 1964 1230 1087 1754 1593 684 712 1358 1823 100 331 1817 1002 1092 825 378 771 667 1649 849 54 488 1072 1527 923 1951 159 250 500 1328 119 86 1076 401 286 207 879 1275 1024 1781 288 902 1032 464 1985 1561 2000 1315 1029 795 312 860 685 1788 1031 924 1764 1728 708 1884 821 596 1824 1826 1582 1837 1290 272 1460 1816 683 310 91 114 358 1874 716 300 576 1626 306 1160 1655 202 1173 224 1304 1451 1924 813 236 1478 1862 1810 704 1465 506 1547 1562 1050 297 1361 1187 1840 130 539 848 775 632 1828 1737 1003 991 1974 969 1508 1858 1569 1496 1105 1427 435 1977 920 1730 285 1902 1432 1123 15 1479 668 1959 1192 532 110 898 906 1408 1736 234 66 705 1610 1739 535 1849 1966 570 
minDistance: 3.66576
cost: 366156
capacity: 299082
time: 51872
maxTime: 60000
LS1: 18284/19149
LS2: 424/865
LS3: 0/0
shakeIters: 416
shakeLoops: 36
