3.20957:1613 3.236:2330 3.36937:3080 3.40753:3497 3.40762:4793 3.46635:5356 3.47536:5744 3.48465:6230 3.49258:6771 3.50422:11550 3.52118:11811 3.56254:13840 3.59645:15270 3.59765:15591 3.60242:15946 3.6039:16139 3.60943:19666 3.63068:20172 3.63876:20933 3.6439:22087 3.64784:22374 3.64892:22500 3.6548:23423 3.66309:27646 3.66908:27727 3.67002:29800 3.67053:38172 3.67243:45486 3.67419:45837 3.67475:53127 3.67806:58959 3.68201:59147 3.68281:59252 
1828 1762 1495 1182 1309 1053 1472 1092 1560 684 858 1545 1724 1283 617 206 647 1003 199 705 641 28 1179 1610 1408 849 410 953 1050 150 1959 996 154 1342 1508 821 1672 1451 367 1162 1062 1658 506 244 825 645 771 896 519 1259 1705 397 1982 202 396 1616 1304 1248 1575 1130 1081 1144 1816 1460 342 936 504 1878 1985 1203 185 1582 906 1194 212 963 222 1213 1420 1917 1562 683 1552 1912 300 488 204 826 1028 100 1277 527 577 1928 732 1350 418 1169 1110 1788 1199 22 637 1359 1576 1954 1192 1474 248 47 16 1902 119 1040 1534 901 1951 1577 1977 432 1727 813 1274 1669 902 1874 1072 1527 1593 1842 1071 475 1029 671 250 369 1499 446 331 1379 1247 1992 1700 1450 470 1565 1620 1932 1556 1464 322 1380 1653 517 672 1255 931 1825 356 1137 1008 281 1005 924 1434 1863 1536 1489 1415 1829 1017 207 1473 375 580 298 702 1629 1026 1531 720 491 1657 60 794 266 379 1837 1090 1372 667 325 716 1334 917 421 459 1810 1002 1846 1516 791 251 1501 240 254 961 81 1051 297 991 1550 984 3 441 859 844 1666 1817 1031 1943 121 1773 574 1570 285 653 464 1007 35 1431 1184 1200 1994 429 1226 233 1288 1476 115 1892 201 1662 1358 1947 1366 499 1067 1166 1496 1606 715 140 1626 1432 1271 1723 689 675 193 1643 1759 1598 1172 1924 355 1688 1361 1675 54 1019 1230 845 1055 1736 406 30 1797 860 1589 395 1406 808 1160 1941 114 1743 1542 1521 1876 1427 1709 897 293 1087 111 450 532 227 923 1438 1423 1108 1407 165 904 726 535 358 1664 86 1455 1378 878 72 1655 1644 1579 500 23 1594 759 1109 944 1385 710 1652 824 1742 133 1084 615 1217 82 411 758 1796 1154 467 685 1921 629 1041 1315 879 1024 1333 176 1872 334 1446 1173 238 1190 1240 1125 1988 1344 1695 1964 1855 1790 907 214 243 1305 959 1332 1834 1692 1402 1463 1908 1058 1124 1142 1428 1569 1398 1502 168 1645 686 445 1258 236 1091 172 1739 380 712 1417 1351 109 1974 12 189 1749 817 1032 1929 99 45 780 704 1803 42 80 880 
minDistance: 3.68281
cost: 367953
capacity: 298750
time: 59252
maxTime: 60000
LS1: 19698/20648
LS2: 386/950
LS3: 0/0
shakeIters: 531
shakeLoops: 47
