3.21487:2041 3.39849:3211 3.40762:3398 3.46354:4300 3.46635:5090 3.4715:5652 3.47703:5837 3.48467:7420 3.49258:7506 3.50203:11871 3.50687:12929 3.52768:13459 3.53077:14944 3.55176:15421 3.56264:18138 3.6148:18629 3.63068:19190 3.64322:19844 3.6439:21254 3.64572:22946 3.64892:23282 3.6548:37501 3.67243:37606 3.68281:38083 3.68426:38406 3.68483:40514 
1521 1804 1199 1319 647 1614 1929 1053 240 398 1034 456 1084 531 1496 1733 1090 354 1802 825 754 467 464 708 331 959 179 1743 1652 1002 159 1597 254 1816 1703 119 1797 214 178 1828 580 1872 450 1458 686 172 926 1003 1529 1977 923 734 1665 1200 1011 51 618 1705 1943 1582 1739 367 1431 470 817 1010 1645 111 341 643 514 1801 1885 1432 912 1162 1892 1405 396 1636 1594 165 1192 1921 1446 1508 672 1644 931 1334 1562 1091 1092 1950 715 293 1428 369 509 1695 363 435 1570 1124 52 432 91 1788 225 570 1328 1965 1709 1874 1658 1489 504 233 1089 1342 42 437 1790 168 72 1506 447 1253 475 517 251 1785 1598 1837 1610 1855 1643 309 1367 1051 539 720 767 657 1008 824 1248 1247 1230 1541 1240 1464 991 1727 263 1647 1527 1267 1026 375 193 171 1759 1105 704 1737 16 1255 1463 286 81 185 1499 1130 1803 1154 1271 705 410 1451 1402 397 1332 1353 577 615 1380 1974 1682 303 1915 204 380 1912 732 1032 1815 446 238 86 99 227 503 325 25 1169 1407 1217 1576 1539 1669 176 1839 194 1481 712 874 1031 1988 1179 342 759 243 1356 1796 1985 1262 322 1941 1764 1875 1486 1723 1899 47 1107 1575 82 1573 1437 1005 150 100 1429 1309 1914 1290 831 114 848 310 358 698 4 924 1762 1350 770 683 1292 684 222 917 1299 726 1213 33 1366 1639 1951 1087 944 130 935 138 534 1358 1601 1928 236 1351 1692 791 1495 441 1653 499 1160 115 429 506 535 1274 411 439 281 1666 1359 845 1472 617 488 1288 1361 1468 1378 1724 556 1626 1094 1398 379 266 889 360 1829 758 244 1050 900 1427 1556 1720 1630 1137 1372 716 1657 860 1579 357 340 1194 1360 1992 879 756 35 780 1515 80 500 1749 1959 445 285 1478 1460 459 1561 788 984 1067 1040 1144 847 207 1569 1081 849 645 902 1536 1863 1479 941 1501 1946 1817 871 297 1706 1589 865 1572 390 23 1862 28 1994 1071 1565 713 1385 1947 1450 689 1172 1700 1438 1408 334 1110 1492 1072 821 1635 45 1126 1516 1849 1789 1423 1513 1344 1315 1983 1577 1017 527 1400 1688 395 907 667 1063 
minDistance: 3.68483
cost: 366678
capacity: 298751
time: 40514
maxTime: 60000
LS1: 17110/17997
LS2: 475/887
LS3: 0/0
shakeIters: 386
shakeLoops: 31
