3.20957:1380 3.24008:1744 3.32532:2240 3.38505:2757 3.39849:3300 3.41086:3666 3.41393:4297 3.4715:4817 3.47227:5461 3.49258:5735 3.49454:7442 3.50687:9010 3.51281:9205 3.54838:11478 3.56266:12038 3.60232:12504 3.60602:15063 3.62281:19841 3.63744:22168 3.6439:23579 3.64892:26629 3.6548:29009 3.66309:37984 3.66576:52891 
293 1773 395 732 858 1929 1842 1875 1160 1881 901 968 1519 915 1785 298 1476 686 1541 410 1319 1179 1565 1359 1810 996 236 1546 506 214 684 754 1226 377 1499 1536 450 316 638 673 1087 1684 1431 574 902 1455 1003 447 704 1288 1664 1383 1115 251 1508 1974 1866 1332 845 1056 456 1706 1629 1050 1199 12 923 1008 178 1776 1053 1416 1513 1283 202 1372 1534 1527 1230 1240 720 1067 831 1977 358 1815 114 1657 233 306 1385 1899 51 467 1358 1754 949 663 982 340 1362 1917 791 1579 1552 111 1783 1709 917 1653 80 880 1360 1796 1569 411 1516 130 1335 1705 1825 1662 1468 617 300 1743 124 1924 645 283 1351 1429 1539 1797 1854 1031 281 72 1787 488 1935 165 1626 1933 52 1034 1897 434 792 671 244 1271 23 1790 297 1192 1267 53 1589 194 1788 531 1556 1828 1723 669 1966 984 1450 1371 712 154 1180 1184 1255 1980 475 25 1224 500 824 514 826 1109 834 176 1200 219 705 418 1063 1168 481 1426 1091 1560 1582 429 445 698 726 1837 1333 1996 193 1749 1304 963 1169 342 1437 1814 507 771 172 1855 554 614 906 257 821 493 1451 1542 1234 1254 780 159 464 535 150 367 755 1272 1258 519 288 16 1052 1998 1932 121 715 1203 1110 959 1803 439 1726 944 1861 235 1248 2000 1784 1217 1342 266 296 1366 1985 1409 1829 250 907 1976 509 1402 1315 1693 1380 310 81 1407 794 45 1002 1780 1472 1941 1727 115 527 1415 441 1461 1688 713 1645 1466 1044 1058 1194 82 1486 1423 1106 1872 128 1884 28 1495 1573 517 1007 1997 1562 585 249 1988 99 1598 1739 1089 825 667 1213 1262 1666 599 817 331 1302 209 66 369 1071 580 1321 1561 767 1299 577 647 1983 1668 759 1501 322 1545 1964 43 1427 693 1030 1328 1874 1051 716 616 1959 1658 844 1090 1928 1162 222 406 1914 961 695 1876 1247 1138 1292 243 375 1084 432 1947 1644 309 1485 1438 710 1547 1594 1463 1575 1593 1032 1420 254 119 227 1062 1040 1736 1350 60 1124 1496 683 926 1193 1290 1614 168 1846 1014 1570 504 1398 147 1756 672 1309 470 379 1144 397 50 1521 1489 1024 1417 991 1610 
minDistance: 3.66576
cost: 367603
capacity: 298834
time: 52891
maxTime: 60000
LS1: 19936/20891
LS2: 437/955
LS3: 0/0
shakeIters: 494
shakeLoops: 45
