3.24167:2347 3.26027:2765 3.29359:3182 3.32578:4141 3.36212:4879 3.36474:5039 3.36937:5329 3.37392:5598 3.3825:5974 3.39849:7895 3.40753:8437 3.46635:9229 3.47012:9931 3.49258:10398 3.49907:11924 3.50063:12618 3.50687:14248 3.51819:16446 3.52954:17969 3.53222:18201 3.54838:18811 3.54891:20493 3.55757:22030 3.5697:22153 3.57519:22275 3.59764:22635 3.59765:22823 3.59962:24113 3.60242:29610 3.62023:32890 3.62252:33299 3.62281:33575 3.63257:35998 3.63468:36851 3.6439:44917 3.64409:46313 3.64784:47831 3.6548:48453 3.66692:55024 
880 1226 74 961 1652 1756 731 232 1668 1536 1227 1479 643 1087 821 1217 944 712 357 331 35 1071 1259 1796 165 117 1067 1914 794 1542 963 1950 1003 233 310 959 244 360 283 1383 550 1970 1460 25 1788 1105 1002 1543 1799 902 300 771 792 1662 996 577 293 251 1463 1516 265 984 1342 81 178 1626 1657 1771 234 1142 253 1645 82 1941 1739 1154 1985 1398 1570 1594 1423 1785 222 1545 1688 1439 1829 1410 309 1110 875 1749 1162 475 1589 243 1706 1742 60 91 570 1254 1371 395 1407 877 1400 1736 441 1361 227 30 341 1092 1983 1360 906 691 729 672 1047 80 45 1666 684 16 1053 1863 517 99 130 250 1366 86 1350 1468 1817 928 1202 18 199 1620 591 1305 1472 1247 298 456 1230 1783 617 1017 1828 414 124 1767 1855 860 1031 164 1427 1614 1333 1194 1737 281 547 33 1155 1130 450 1534 1902 297 459 1309 306 1176 1476 28 72 1213 100 114 1951 1062 1561 1358 1008 1057 154 1409 193 1024 504 1521 1653 1709 1040 642 1364 907 1556 704 574 470 1378 1582 1980 209 467 1849 726 1010 1499 1727 1876 715 896 1969 1106 1090 686 150 1899 174 1965 989 767 1977 445 1234 22 214 1610 698 1050 1866 288 172 895 1359 359 1857 647 176 1874 168 1601 23 1695 1138 499 1964 1107 248 1471 1091 1562 1684 1803 1299 1313 1437 367 1885 1063 1655 1723 500 410 58 1915 322 1801 1495 716 1408 1200 825 159 1664 695 1073 87 1929 689 502 54 1844 1982 991 1103 1332 1267 912 1837 396 1172 1458 1372 1489 1816 1032 1248 1203 632 923 901 1051 1947 1169 1242 732 1861 378 667 879 1579 1402 429 1629 1565 411 1959 756 676 1180 1797 296 1315 51 817 1872 369 705 1417 1935 1081 535 1290 418 1089 224 52 1228 1335 342 982 119 1249 219 1917 527 780 303 449 826 1575 834 1508 973 1034 1815 1255 759 1116 1451 375 507 710 1490 488 207 1450 1356 1166 1569 1541 15 1682 1380 266 1611 1501 1125 1513 1368 439 194 1552 720 1527 379 1994 1028 1179 464 926 1119 845 1426 1705 1438 897 377 1126 983 285 506 198 397 1724 
minDistance: 3.66692
cost: 369474
capacity: 298737
time: 55024
maxTime: 60000
LS1: 17065/17887
LS2: 385/822
LS3: 0/0
shakeIters: 398
shakeLoops: 33
