3.15628:1655 3.22116:2647 3.22144:2773 3.34262:4154 3.36937:4560 3.42669:4833 3.43545:4956 3.46354:5224 3.50422:5646 3.51281:10279 3.51976:10560 3.56266:11551 3.59764:12535 3.59962:12784 3.60242:14723 3.6039:16263 3.6195:17073 3.62281:19604 3.62456:24586 3.63068:26179 3.63972:26554 3.64295:29679 3.64874:35070 3.64892:35172 3.67002:42330 3.6709:48674 3.67243:49215 3.67806:49512 
732 1003 1803 1705 1398 293 1034 1810 527 918 1545 1432 896 991 1866 165 254 439 73 1692 298 227 435 1230 1472 585 847 704 459 1028 1053 1014 984 506 1643 1756 1541 1040 1342 1669 248 817 375 1417 285 1072 1565 1402 28 1988 82 1479 1153 22 45 1804 310 959 1943 1262 1620 1423 160 1955 1055 1516 845 1299 1126 1087 1344 300 1481 322 617 283 1172 1662 172 861 251 1359 649 114 1081 236 1743 33 1217 1364 1626 1556 1636 1727 334 859 824 1408 119 1490 1071 1173 1983 1876 1872 1017 244 396 1305 708 81 86 1544 702 212 1797 1109 671 754 1837 483 1597 826 1050 500 1912 1103 860 1459 1372 1437 309 1365 412 1790 1552 437 1400 1829 321 791 1759 488 1332 834 1559 1849 712 1248 464 1360 1090 410 1026 723 1255 1799 1682 1577 953 1116 1749 1561 1276 250 684 1816 133 111 632 676 1200 1073 1598 1495 1010 434 1367 317 1994 556 1874 954 1499 446 1924 672 1787 1385 713 912 380 193 645 902 1366 1515 242 915 397 1011 378 1376 1024 1110 532 1707 35 1361 1463 1652 341 58 1106 961 756 367 1767 72 771 1653 1644 100 178 900 1438 504 1828 1935 1594 1699 1688 1855 875 171 138 1309 1724 1998 616 1227 20 1645 470 456 921 1163 1601 1501 1105 272 1562 222 570 297 1031 1137 1914 209 596 1125 1315 637 720 1589 1814 1412 1941 535 1921 1969 124 1427 1657 214 1908 871 1542 1575 1569 1723 395 199 1002 1051 1796 1184 667 1844 1527 512 647 1274 1709 18 1407 499 1518 303 1977 1641 731 761 1119 1610 358 240 1321 176 1084 1875 881 519 1484 296 1446 1629 360 55 1089 60 1091 1742 821 150 889 656 1063 342 1899 539 1521 1985 1267 1162 1458 243 154 734 716 130 15 386 1931 1535 1350 1739 1468 931 1974 710 926 306 1194 354 1390 503 715 987 1325 16 577 1593 411 207 726 223 879 377 1330 698 1142 1929 1008 80 880 1436 445 266 1032 1067 429 759 1582 1947 1595 1675 1764 1489 559 1706 615 1579 1199 1788 780 944 1928 23 121 168 825 813 66 1606 233 99 1410 1205 185 1746 1290 1817 844 907 379 509 1950 51 1607 1745 
minDistance: 3.67806
cost: 364561
capacity: 298792
time: 49512
maxTime: 60000
LS1: 18018/18896
LS2: 464/878
LS3: 0/0
shakeIters: 386
shakeLoops: 34
