3.04513:1258 3.09637:1950 3.13513:2217 3.19992:2586 3.24008:3037 3.27201:4239 3.33475:5752 3.37392:6535 3.38505:6985 3.40762:8260 3.42972:8463 3.4701:9018 3.4715:10114 3.47703:11545 3.5132:11965 3.52751:12291 3.55176:12637 3.58582:16351 3.59764:16775 3.6039:18479 3.62281:20091 3.62317:23016 3.62456:23875 3.64322:24158 3.64409:27162 3.64784:27438 3.64892:30625 3.66576:30715 3.66644:32073 3.67419:46265 
1335 1386 133 1155 1455 963 880 1181 1154 418 375 172 334 1575 860 293 754 1019 1645 491 1138 1832 363 712 1855 1024 1816 1305 504 401 1481 379 1184 212 140 1283 1598 1652 1658 618 1255 844 450 16 86 137 150 1954 1468 1372 1489 1767 1977 176 1561 704 666 849 168 1240 684 1426 1756 1464 135 713 119 1342 325 638 597 1947 1610 577 1597 279 834 51 1508 316 1702 1040 780 403 1125 698 1552 1029 23 1275 500 1071 1385 238 1630 1087 759 99 35 534 1817 1874 1458 1315 303 1105 1495 614 1828 1361 1941 72 397 617 322 285 1556 227 1688 1664 1959 1454 1527 281 189 367 901 1331 1231 233 342 656 996 570 1593 1408 900 1230 446 1051 1463 1705 1366 297 1723 244 1562 1950 82 1288 623 1002 1796 1657 1333 1398 1499 1063 1192 464 1402 1360 1479 1521 1759 1437 1644 1057 1069 1801 1636 1788 1081 1438 1724 1803 1709 1998 673 1304 250 720 1815 786 1695 771 1547 1872 1837 1309 1050 1409 1518 954 1072 626 984 486 835 1745 1010 488 1110 58 1008 1742 97 81 1248 1535 902 1582 716 637 280 1060 358 848 389 1921 1172 439 959 410 447 1910 1516 1589 1199 1632 1334 1565 539 1211 1797 1929 1865 732 591 1031 1194 55 193 1330 1486 1501 1217 1737 395 369 1380 535 380 912 988 1124 312 445 645 904 1917 982 1982 1485 434 917 1200 1885 1410 1594 685 396 640 1692 926 700 944 506 1203 1985 1969 1090 429 550 1496 1931 1534 845 1577 896 924 214 1247 475 1026 1620 1053 824 1579 91 1160 1259 199 166 1044 1782 1726 667 1736 222 251 507 1428 1263 724 676 309 1144 248 814 509 1226 1123 1653 483 791 1030 693 1478 411 527 1332 1912 1023 801 310 1169 1171 939 223 1743 459 185 1776 1749 243 991 1107 421 1005 272 1545 360 1400 749 160 889 1350 1084 1358 826 165 283 1955 726 114 817 456 1994 28 1476 794 470 1559 1417 1682 1108 69 1626 788 941 1126 1427 1914 1359 1666 643 1739 1465 532 1130 715 22 390 625 1423 1003 669 1706 819 1032 1460 130 1076 821 484 907 615 1908 432 647 1672 236 671 1067 906 808 306 266 111 1988 317 1662 879 616 
minDistance: 3.67419
cost: 362304
capacity: 298842
time: 46265
maxTime: 60000
LS1: 17726/18556
LS2: 416/830
LS3: 0/0
shakeIters: 384
shakeLoops: 33
