3.26868:2006 3.27116:2348 3.27201:2792 3.35653:3454 3.36212:3914 3.37392:4158 3.39849:4547 3.45223:5520 3.45609:9859 3.46354:10127 3.47703:11249 3.53222:11885 3.5913:13132 3.60242:13684 3.6039:18272 3.60943:27207 3.6148:28648 3.61949:30238 3.63068:44601 3.63257:55908 
280 1092 398 137 953 1002 695 1085 47 383 879 1090 870 991 1844 207 671 1247 1213 1366 647 1749 1479 534 1700 657 656 1003 1629 1974 1378 357 439 467 355 353 429 1233 298 1462 1351 1796 1044 1262 716 99 732 912 500 13 1249 1358 233 1743 1790 1709 379 446 1508 639 926 418 198 1788 248 1162 168 23 1977 1513 1453 194 902 1978 488 1427 1976 915 726 1661 1332 591 794 130 1290 1601 507 1828 1541 1730 1216 253 1803 961 798 1521 1495 593 506 397 281 1657 150 251 1454 1172 1417 1199 1360 984 1398 225 51 1053 475 1653 322 1106 380 1166 1666 1485 434 1344 683 1727 993 1929 1645 1860 1655 1941 1305 87 172 1084 792 1428 791 504 1762 1509 1192 1062 272 907 511 1595 456 354 111 389 1274 1028 944 954 1110 100 1994 1275 1579 410 1116 1071 1723 672 1194 219 771 1042 1874 1051 702 1047 160 825 1407 22 445 377 1610 1446 1759 266 900 1468 15 1565 1173 1664 81 1607 1226 535 236 375 1426 599 948 1091 1797 1597 617 1988 1125 1736 1067 1271 1242 224 35 214 1126 193 1460 1476 901 1892 306 176 303 906 860 1662 1361 924 1385 249 1816 98 1481 1432 297 1682 80 119 1124 806 1464 76 1350 1248 411 637 1144 1878 1253 395 1855 1784 433 689 1898 91 1866 623 1489 974 1499 28 1255 712 1455 1374 1969 1326 1072 1562 1810 66 199 1365 1778 1283 1391 1010 749 169 461 1383 250 1675 1267 455 570 1824 629 819 1737 1437 602 227 450 1705 1501 1814 1420 1703 1089 45 1620 1099 1436 684 1288 720 537 1040 881 154 222 848 1014 20 367 1438 1196 977 1187 1783 1180 838 124 1463 390 1423 1527 1217 440 238 859 849 1081 285 1008 1552 577 234 470 638 54 243 808 704 1861 414 641 114 1034 1582 1966 1754 1304 244 1546 1561 645 1342 232 1954 1626 668 519 834 103 1473 1516 1534 86 1408 1556 1789 800 1364 1817 897 283 1200 1315 1052 1057 1319 82 705 552 499 9 845 1434 1739 1107 1598 464 358 369 1410 1914 821 1575 1496 185 1959 813 889 396 869 1804 710 209 963 293 118 1965 165 24 1230 30 1742 1616 1073 826 1502 1644 708 1024 715 342 
minDistance: 3.63257
cost: 369726
capacity: 298749
time: 55908
maxTime: 60000
LS1: 16676/17546
LS2: 469/870
LS3: 0/0
shakeIters: 381
shakeLoops: 36
