3.24167:1978 3.25095:2232 3.29359:2578 3.30629:3031 3.31513:3171 3.35194:3968 3.36357:4377 3.43633:5411 3.47227:5642 3.47536:5839 3.4846:5995 3.48488:6953 3.50203:7453 3.50422:8245 3.50687:10190 3.52768:17530 3.53077:18120 3.55176:18457 3.59847:19741 3.6039:21089 
1017 704 933 1636 1688 535 367 506 1862 1954 615 1492 1899 1705 1160 293 826 1196 591 1358 1199 1305 1376 1019 1579 168 1119 1502 636 563 1026 238 98 904 470 715 464 1567 429 45 685 961 963 758 1657 748 1484 152 1255 856 165 1515 434 150 1562 1921 1247 1789 346 262 954 176 410 1863 1364 1085 1662 214 1094 1228 713 1486 1782 1333 1702 251 1057 1479 1172 322 160 475 857 1460 1988 1977 99 754 1319 895 1620 1788 514 1828 1067 303 1521 1832 1786 1976 944 1380 1829 456 49 926 1496 729 1437 973 1924 5 1772 30 291 1431 672 880 411 1463 1087 114 1982 1784 1799 834 1743 1874 1806 375 292 1110 421 1749 300 638 1737 1423 511 1417 360 794 193 1739 1731 28 198 1803 1609 467 1653 1658 119 503 1595 35 689 1569 1912 321 1181 1184 684 1169 808 1759 1142 459 1495 1047 1561 1645 1390 1253 1644 1575 1309 1468 185 896 1910 285 1872 1289 174 309 253 347 1091 97 1527 13 1666 1610 1051 310 281 491 663 1857 66 1290 720 600 924 199 848 989 441 1742 91 1576 859 432 1852 1973 1632 1024 1606 1594 43 1434 306 403 539 209 53 123 1747 734 705 844 795 1581 1572 698 657 1481 1003 1535 1756 1630 1878 58 194 1534 732 1409 431 1626 1516 1842 906 224 1334 722 1903 676 227 1426 1947 233 645 146 1898 1059 1090 898 901 1508 504 51 1565 821 686 635 1410 860 771 517 16 1790 1213 124 1464 1736 223 121 1050 100 412 1589 418 266 1560 82 81 1084 103 92 88 250 614 1232 1602 577 396 1248 1407 1230 959 394 1315 1217 286 1536 1359 662 984 1485 377 1461 1724 683 881 1029 502 1011 667 288 446 1723 1296 1432 1361 630 1886 189 1668 1400 736 1081 1726 1797 516 312 1089 60 397 1366 1675 1914 1950 1816 1040 243 1941 902 831 1547 1350 632 1489 1451 1709 1438 712 1335 1427 342 73 903 788 72 673 1706 1465 1008 907 1550 1053 671 469 879 1758 1629 164 619 1130 1332 1194 570 1738 1712 48 1430 1727 1398 1692 1408 1442 618 555 86 439 1796 1342 637 1103 1365 996 500 1123 395 845 1428 1849 991 1002 392 1187 1031 825 917 865 1582 928 1478 1929 
minDistance: 3.6039
cost: 365316
capacity: 298803
time: 21089
maxTime: 60000
LS1: 19297/20142
LS2: 368/845
LS3: 0/0
shakeIters: 456
shakeLoops: 42
