3.0249:965 3.04513:1166 3.43545:2823 3.43672:4266 3.46354:4803 3.47536:5461 3.47703:5657 3.48465:6436 3.50422:7597 3.50687:9322 3.51959:10645 3.51976:10868 3.52325:12665 3.53352:12808 3.56254:14589 3.60242:14909 3.6039:16848 3.60943:23156 3.63068:23744 3.64322:23868 3.6439:29428 3.64409:36956 3.64784:42995 3.6548:50244 3.66576:52607 3.66944:58742 
1007 653 1630 902 1593 1687 698 334 1636 1745 1003 1561 1857 572 825 1114 1754 1333 1350 72 684 1366 817 715 880 1084 383 1019 238 1974 1759 25 517 1955 632 1796 1351 45 1401 1105 488 80 73 1689 1059 1125 1169 1199 1478 865 1258 1977 446 503 1983 1106 281 375 244 1365 750 1726 414 1988 1892 1346 1692 1166 1190 1727 447 1247 601 1402 1810 1541 1572 1594 1872 1431 470 1929 504 1675 1076 176 535 1073 1803 1569 1655 306 1152 963 199 1666 530 1664 712 771 185 1040 20 849 160 1194 618 1110 360 411 1695 12 1662 1101 1057 1767 1409 683 28 1160 907 1213 1756 1463 1531 1124 1513 759 1634 1041 860 637 58 78 848 1361 342 1828 467 1595 1535 440 336 1879 1358 1455 464 1959 475 248 509 732 645 171 1359 16 331 961 441 1601 1051 303 708 1820 346 1187 928 219 1407 845 233 729 1712 1941 1259 354 1985 240 1479 667 1521 1921 874 1697 1607 1468 1969 923 671 720 1423 1597 519 1332 1723 673 1874 1304 1862 1742 1410 1708 403 941 434 1576 1458 410 1960 847 1516 5 792 23 826 1855 843 1536 896 1398 1154 1228 1438 150 165 1226 1446 377 1788 1081 1071 672 322 912 871 1565 1829 172 429 60 1849 198 988 577 591 685 35 996 1050 119 1179 396 450 1496 955 1947 1499 1172 1244 1087 1459 209 358 136 1048 1372 1428 1783 1489 926 1626 1062 1217 243 1385 534 285 1063 901 114 1299 1400 1739 1736 1481 1309 1447 443 1724 87 1749 1589 1902 1527 1451 1540 1547 439 1290 129 1340 1127 133 395 1184 616 1274 251 1575 1173 126 293 214 834 1709 585 1254 310 1360 647 1230 312 1556 1005 250 91 1464 168 369 982 990 1305 1785 1976 1288 341 1032 266 491 103 823 97 1790 1579 677 953 1144 1078 879 1130 99 1053 1495 379 1924 297 1231 944 1192 844 580 1427 433 702 1090 924 1486 1492 641 1508 1922 991 1975 1138 222 1705 1454 1639 606 432 511 193 1815 897 989 1364 1107 159 1024 86 1126 1529 1693 1816 1253 1966 1200 1610 1181 1248 1577 1089 1546 1103 1653 1730 1994 1091 1008 1950 1315 1094 1442 82 51 1518 502 194 298 500 1914 906 224 1271 915 236 570 288 1131 1545 367 
minDistance: 3.66944
cost: 364461
capacity: 298825
time: 58742
maxTime: 60000
LS1: 16685/17523
LS2: 442/838
LS3: 0/0
shakeIters: 370
shakeLoops: 33
