3.19566:1268 3.2123:1746 3.21487:2056 3.36059:3011 3.39216:3411 3.40617:3592 3.43545:3967 3.46354:5132 3.46621:5267 3.46635:5599 3.46921:5705 3.47536:6058 3.47703:6268 3.50063:6887 3.52838:7616 3.53222:7850 3.56266:12104 3.56643:12266 3.59765:15187 3.60242:15451 3.6039:19563 3.60527:28271 3.6195:30116 3.62456:31346 3.63206:31556 3.64322:32201 3.64409:43313 3.64892:46917 3.6548:51606 3.66644:52949 3.67419:53332 3.68281:54805 3.70944:55610 
535 1556 140 900 1988 440 712 1562 879 150 902 464 52 1315 1087 97 1359 1091 447 160 1172 227 1922 1090 577 517 1398 1376 1703 1716 1030 1723 1994 1332 1468 1950 467 1390 297 1738 322 1966 178 381 1395 168 647 1544 1248 176 1009 1187 1929 1092 1597 1739 380 1162 1782 1052 1024 1814 1127 1589 1837 45 342 309 1954 285 16 808 236 1519 159 1921 1956 705 1787 86 470 499 1982 1189 1756 955 1465 411 1361 1598 35 821 532 414 1815 325 1499 504 1267 103 1541 23 475 1466 770 941 1143 1546 1489 130 1865 110 791 1169 715 1203 1575 570 1561 1899 1749 233 1655 1458 441 1335 1610 291 434 1027 1455 334 185 1790 1002 432 251 1296 639 1594 559 1464 1072 1842 91 119 684 1058 1816 379 1736 298 248 82 1501 292 1521 924 1616 500 1383 1350 1516 1360 1788 1417 1319 1283 591 829 1305 699 912 1698 1579 1854 794 1479 1051 154 1804 732 165 1849 1115 1105 880 136 81 1855 1876 214 1451 58 204 1402 1309 825 1155 1742 672 1234 1917 1796 1576 189 449 1977 1017 1262 784 244 1783 219 1641 1892 686 111 1173 1709 1073 554 1420 193 507 1184 1226 1947 1829 1928 1653 1063 1776 1536 1432 653 1084 726 300 1010 511 1875 1366 51 331 60 1107 1229 377 673 1019 1053 1874 1014 363 367 1247 1292 509 1380 1233 1527 1463 1271 1110 1897 488 1759 991 1496 1288 585 1438 397 861 845 574 445 1342 1031 1372 1581 99 944 1861 959 1508 669 243 1230 953 1255 1344 1974 1124 1062 199 896 198 1872 1803 481 1495 28 46 418 710 596 358 1213 1410 1866 1217 1426 133 844 1577 1767 450 1702 1724 1160 1050 1644 1423 1727 1914 1081 1199 1008 1334 1032 1634 1626 396 1647 918 1559 1941 1771 224 1179 1726 638 667 351 429 677 33 1408 1026 375 1003 519 1639 1067 759 266 616 961 1290 963 1485 25 1427 1029 1365 1407 222 250 901 1258 798 310 1645 615 716 744 114 1442 657 1211 1277 1985 683 94 1385 1817 834 881 1200 1565 439 4 1676 1040 1730 1705 446 1089 1192 1620 1125 1116 1472 395 1144 984 1828 907 1437 1071 676 1126 1005 293 1743 1194 1299 
minDistance: 3.70944
cost: 367916
capacity: 298791
time: 55610
maxTime: 60000
LS1: 19146/20034
LS2: 416/888
LS3: 0/0
shakeIters: 439
shakeLoops: 40
