3.04513:1303 3.19992:2014 3.27003:2624 3.29154:2876 3.30294:3213 3.32578:3946 3.39463:4776 3.40762:5003 3.42972:6287 3.43545:8285 3.46206:8505 3.46354:9000 3.4701:10221 3.4715:10338 3.47536:10562 3.47703:10707 3.50203:11402 3.51993:11972 3.52838:12724 3.54891:16421 3.56254:16844 3.59962:17089 3.62317:18232 3.63068:19885 3.63468:19998 3.6439:20182 3.64409:23658 3.64892:25005 3.66644:39356 3.67243:39806 3.67349:43144 3.68281:44628 3.68591:44764 3.68664:50418 3.69833:50551 
953 1929 726 1256 632 1788 396 1816 1790 1230 1579 906 30 432 1053 342 1032 881 991 434 1928 844 1706 1629 480 1003 1217 358 1028 248 1351 963 1610 1110 214 1794 912 1427 1335 924 1366 1353 750 889 1736 35 1410 439 531 150 66 1641 1062 926 1029 1398 16 1837 896 1921 1119 73 1385 917 363 172 1248 904 759 1479 285 1315 1181 397 1087 1437 185 1489 309 488 464 1589 1407 12 1705 1655 1645 1344 667 1361 1495 704 293 1234 236 959 119 1723 176 596 165 685 1862 1460 91 1247 1776 1474 1255 1358 1521 199 204 133 1576 1639 230 1067 1969 716 1746 1739 1288 1626 1897 398 341 923 821 1556 379 1364 915 1817 1240 514 734 335 194 1072 944 780 591 99 1499 244 1051 1688 367 771 114 1575 500 486 504 1941 1350 272 1417 122 154 639 1663 1954 817 375 227 570 1309 1597 1342 1702 1400 1138 1130 1005 672 1570 1828 1675 1593 1199 1977 1106 23 791 189 1179 683 1569 470 1620 1932 1664 1797 360 824 240 506 1796 1534 1359 1290 1527 1108 380 58 519 1184 865 901 54 577 243 1598 1172 1535 331 1063 450 390 1994 1985 845 687 961 1973 1804 522 829 1173 72 1644 1682 722 492 1213 266 1745 1472 250 1738 1319 429 712 100 1577 403 159 1144 499 1561 1160 130 467 1572 710 1380 535 1465 251 1027 168 1091 60 1107 1002 825 1126 1727 640 298 33 456 856 222 1849 410 1657 647 645 459 74 1874 1450 291 82 903 814 207 1762 1959 1562 1423 1855 449 445 411 1299 1709 1458 1565 297 1632 1125 1031 834 1914 1275 649 86 1071 1724 1974 879 1749 770 656 1485 984 369 574 1516 1872 1658 539 209 1124 1402 242 1332 198 1910 1026 202 732 1123 715 446 705 1372 1815 401 1652 1720 880 1861 1276 637 1040 1653 700 1759 1239 902 1912 1092 1737 907 794 1008 1194 849 1464 303 111 1468 860 1803 1496 1943 803 511 808 684 334 355 1408 125 1656 1105 756 310 1594 80 1582 1142 1463 1360 193 304 982 1947 1908 201 1810 389 97 1616 1917 1034 1253 1084 1200 1703 1024 1017 421 81 1611 1081 1856 616 475 300 28 491 377 1492 233 1090 
minDistance: 3.69833
cost: 360799
capacity: 298751
time: 50551
maxTime: 60000
LS1: 17816/18657
LS2: 395/841
LS3: 0/0
shakeIters: 411
shakeLoops: 36
