3.04513:1381 3.19992:2132 3.32068:3262 3.32109:4940 3.34928:5540 3.44401:7228 3.45609:7619 3.46354:8101 3.46961:8438 3.49258:8548 3.50687:16689 3.54838:20411 3.56734:22113 3.59764:22373 3.59962:22846 3.60242:23601 3.6039:24959 3.60902:26370 3.60943:32424 3.6148:44345 3.61949:44575 3.63257:44759 3.64322:44959 3.6439:53905 
1304 683 80 285 396 974 1657 1814 82 826 1817 137 1172 874 1385 1499 1576 306 881 334 1636 798 1556 165 906 1468 959 642 1539 1977 1090 248 1080 410 1589 1699 996 1790 1914 1966 1275 1417 1816 1358 1259 1988 1179 617 1496 91 42 896 1106 1062 1547 432 160 834 390 1736 1598 860 304 168 45 375 1705 341 667 1200 1274 554 1040 321 1196 377 961 720 1003 907 1017 619 641 1051 1535 1726 767 1512 98 1434 1626 1495 1852 1299 1426 236 1823 1513 1464 288 95 1666 214 1947 715 449 81 1430 1423 1788 418 130 985 756 1398 1896 28 1365 310 511 1262 176 1992 1810 25 456 639 251 1815 1767 1709 1244 1964 1796 1515 441 1787 1872 439 672 1031 1309 293 300 645 1351 1332 1162 1131 915 754 1376 635 960 1998 1105 1840 411 1874 1545 209 100 1877 1789 880 1575 1912 1756 1723 1047 1254 94 1255 1951 1023 429 1360 921 1630 982 771 150 1476 1601 110 507 1333 464 1658 1032 1130 445 912 953 917 342 1034 1662 1929 1516 1970 1811 1366 1407 331 1192 467 1521 1921 1350 845 1217 1479 1954 1071 435 1863 1160 1081 470 450 1213 673 1455 1941 700 35 1237 185 360 164 1567 838 198 253 729 514 821 712 1727 1985 1565 381 159 114 244 1067 1408 1110 780 1829 1315 1248 136 1764 791 1546 1749 1484 1199 395 1915 86 401 1326 1008 889 68 1292 1562 1803 1296 20 99 1427 398 1492 1917 121 199 535 1091 1283 1024 222 1674 647 1089 397 1410 1742 1572 83 1253 322 1138 266 615 1946 1950 1620 1359 1344 509 16 1653 1290 488 1797 1202 193 1542 689 1002 283 1527 1005 808 1698 23 1862 941 591 1569 1579 570 708 97 111 1594 663 1361 788 88 312 1401 1053 51 1688 1428 1799 1478 1233 900 357 522 1502 1076 1743 1609 233 924 1230 705 539 504 1267 1059 1531 1910 66 1126 243 367 1541 637 1712 437 1087 1463 1489 902 1184 870 1400 1152 1855 1501 1437 369 716 1614 18 1610 194 686 713 1194 1540 446 1451 1828 614 1561 879 1644 1446 991 1849 987 750 824 272 989 684 1861 1481 552 1438 1577 119 1258 734 794 1765 1652 500 723 58 1597 1969 732 69 
minDistance: 3.6439
cost: 359026
capacity: 298737
time: 53905
maxTime: 60000
LS1: 18159/19050
LS2: 472/891
LS3: 0/0
shakeIters: 394
shakeLoops: 35
