3.15628:1342 3.1866:1755 3.236:2202 3.26512:2466 3.31529:3132 3.39849:3828 3.42972:6047 3.43545:6325 3.46354:7906 3.46635:8142 3.47536:8762 3.49258:8991 3.4975:9173 3.5132:9458 3.51819:9718 3.53222:11127 3.56266:14902 3.59765:19598 3.60232:19828 3.60242:22229 3.62456:22395 3.63068:23396 3.64322:30272 3.64409:33724 3.64892:34917 3.6548:39145 3.66497:48856 3.67002:55670 3.67419:56074 3.67475:57997 
1559 174 1296 300 164 539 1199 791 1267 1116 1954 1253 1951 272 577 801 532 880 1071 1365 1446 1662 1727 1844 1211 1790 296 283 780 1985 1541 1570 889 896 1063 1003 535 1028 1081 1344 1366 1552 826 331 1333 248 2000 507 317 645 902 647 1982 1109 1910 1828 1385 265 395 671 480 209 1226 996 1029 1342 82 439 732 1176 859 242 1173 1194 879 1437 1408 684 1182 60 1594 1125 1596 1616 1630 379 1008 1516 288 704 441 342 1626 1970 1610 1577 857 297 189 1799 310 1350 1248 924 1837 616 1142 1010 1855 1756 1565 675 1803 1062 1817 1319 414 23 367 982 1589 1400 306 193 1908 1654 1489 824 73 298 1341 1950 1172 953 1032 1031 1866 1917 1040 1858 397 1034 1371 24 1739 1947 293 1705 1598 1315 1463 1451 1644 1885 165 214 150 794 1535 464 825 1980 570 176 55 254 1597 1092 86 233 250 406 266 1490 708 18 1372 1364 1749 1067 1556 398 227 1356 445 1773 130 500 1427 1455 963 1998 1529 1546 1426 1941 1155 1606 1362 990 798 114 1664 1849 1217 1599 119 1138 761 663 268 1823 133 81 244 1797 1735 401 1657 100 637 1255 1579 236 1863 1959 756 506 519 322 515 1073 1524 845 1788 1575 1899 1988 1130 617 411 1398 1698 50 1661 1931 1305 429 1499 1002 1692 1682 51 1290 488 1814 771 835 30 834 476 1202 47 446 672 1527 901 1428 111 1534 25 33 1072 705 110 1688 396 676 712 1829 340 378 1912 369 309 829 1192 1249 918 239 1110 1335 554 16 450 1275 907 716 959 91 28 54 1560 360 1485 243 1402 1024 1653 1247 1652 168 351 493 1723 1423 1330 1050 1666 870 115 1655 1472 527 1406 202 1458 715 817 941 375 1977 390 1230 504 1796 667 1746 1743 1051 1582 1878 615 754 1874 281 1736 1576 844 1545 1928 860 166 1407 559 1759 1787 1639 865 1501 1994 45 1513 1542 574 303 1053 1521 121 987 1745 3 1709 944 1087 1784 1865 1106 199 1478 222 1090 821 1929 1562 334 212 921 991 729 66 1277 1607 1179 1495 251 1966 1162 1009 1561 1131 370 759 433 1359 1005 20 1332 1169 1915 470 1360 22 673 358 1872 726 
minDistance: 3.67475
cost: 368523
capacity: 298827
time: 57997
maxTime: 60000
LS1: 20017/20920
LS2: 407/903
LS3: 0/0
shakeIters: 466
shakeLoops: 41
