3.21487:1970 3.37889:3870 3.39397:4169 3.40762:4731 3.42972:5202 3.44723:6292 3.46354:6736 3.4701:8372 3.4715:9274 3.49258:9674 3.50203:11277 3.51959:16182 3.51993:19371 3.55261:20190 3.59962:20976 3.6039:21083 3.62281:28072 3.63068:28214 3.64378:29708 3.6439:33547 3.64892:33766 3.65163:35345 3.6548:36539 
577 1700 1076 1575 1534 1788 1437 1468 1810 1304 715 1248 1727 1974 309 780 1742 1652 1876 58 1126 293 1516 1130 963 1217 961 86 470 825 1262 1709 100 1655 16 907 1226 710 1184 1432 164 334 1192 222 1202 1941 1804 445 1091 509 880 1561 1364 1106 1034 723 1489 266 848 1688 94 1234 1309 860 410 469 1577 984 114 1541 130 1846 1776 1620 1053 35 264 1759 1350 794 570 1749 165 209 668 1797 1917 712 705 821 1632 1855 1921 1754 1636 464 1506 488 230 306 1239 248 247 596 1365 185 72 1929 1455 1407 1829 826 82 66 241 20 1464 1162 160 411 817 720 615 1828 1131 1495 1866 51 531 519 1705 1008 1040 212 1010 446 1964 1493 1508 1031 1465 1582 685 1985 716 418 1360 637 1230 1427 1003 504 1724 808 684 1623 1579 672 1743 1213 1675 219 1315 770 236 199 1378 1626 28 881 265 924 396 1932 959 813 1335 788 111 1358 335 47 60 1982 1410 1771 1005 844 1232 845 1342 1910 756 358 1194 901 18 379 1875 1668 25 1521 1288 342 759 500 176 1556 1450 149 1924 1412 1639 1255 1656 367 1915 193 1682 1542 849 667 129 695 1576 1290 1594 99 1408 227 1073 1645 433 1125 1173 1977 390 587 1778 331 1653 1601 1790 698 395 502 1400 1589 1490 677 1544 154 1254 1172 1481 1344 401 397 906 507 1299 303 704 1723 1142 902 1597 1092 172 1062 1817 243 726 1332 1099 406 1664 78 456 824 233 1509 1275 923 1398 1071 1087 206 310 159 1658 708 1124 119 1417 121 671 272 683 1943 1844 1121 1499 80 1824 1706 761 388 467 491 1361 1739 1351 447 1200 941 1849 360 1745 434 591 377 1067 1902 953 450 459 1914 700 1319 912 1072 1803 480 202 1872 1120 341 535 903 1163 1562 506 1090 1791 1496 198 1816 460 1451 214 1822 865 312 1402 771 1384 861 1105 728 991 354 1385 1644 1009 1692 168 1814 617 1610 1081 150 1026 879 1815 1998 1108 73 1595 300 45 9 1063 1110 1094 285 91 322 663 722 732 987 1954 1863 1475 1176 1897 375 758 616 22 1634 1463 691 1366 223 1952 1434 1109 369 1527 1199 483 527 1970 897 1423 429 23 869 244 297 1959 1228 81 1050 791 250 
minDistance: 3.6548
cost: 358330
capacity: 298739
time: 36539
maxTime: 60000
LS1: 18951/19779
LS2: 378/828
LS3: 0/0
shakeIters: 427
shakeLoops: 39
