4.03071:741 4.22872:1269 4.26626:1605 4.33584:1833 4.3955:2024 4.40973:2246 4.46801:2389 4.48871:2487 4.55427:2728 4.58823:3834 4.59172:4005 4.59246:4994 4.61345:6884 4.62172:7012 4.62404:7171 4.6243:7587 4.63654:7702 4.63756:10064 4.66308:10202 4.71118:10558 4.7759:10738 4.81664:11095 4.8189:11581 4.82201:12292 4.82678:12429 4.83327:20901 4.85284:21139 4.86141:25048 4.86282:25769 4.88787:35483 4.88995:35536 4.90765:58530 
287 517 1230 1225 1598 726 875 993 1828 1446 626 192 1517 1577 1947 1486 1248 474 1585 1205 1501 244 1450 1335 414 1816 1759 1356 122 1797 1620 1508 1614 68 521 1868 340 573 1420 1315 1153 1983 1034 335 1657 1432 136 1834 1528 1785 1565 1872 860 739 1106 1626 1217 1996 16 817 1182 689 1381 1143 322 792 831 1361 119 1006 883 1012 1019 1738 161 1022 1894 86 886 1541 410 17 1397 1172 500 366 934 571 401 94 1643 54 1817 534 1229 1409 1117 490 1360 1073 20 1040 1672 844 653 309 497 1912 207 202 1162 1933 1325 28 470 179 1369 1092 596 13 1901 1908 1130 1028 1192 1078 412 508 1515 904 434 1682 1063 529 1675 1067 1142 476 1743 961 1400 455 1566 1726 652 900 932 168 1401 1586 1214 1017 1314 1403 1250 1683 87 499 1630 164 175 1015 973 1702 1320 258 715 1309 180 1874 742 457 1495 391 493 1264 1923 1955 194 276 1972 749 1251 1691 778 1457 429 1689 1681 1936 1888 460 199 1398 1399 1764 1875 712 1680 1819 1509 1354 907 849 776 506 1575 1466 1804 111 842 1277 1053 1476 1087 1596 853 977 1815 19 1416 1059 1283 66 1359 498 1437 954 829 1542 665 395 1247 835 621 944 1631 1943 29 262 1051 990 727 1994 211 637 73 1032 1239 643 707 1164 672 1463 1671 88 1330 80 
minDistance: 4.90765
cost: 246259
capacity: 199164
time: 58530
maxTime: 60000
LS1: 36886/38257
LS2: 467/1371
LS3: 0/0
shakeIters: 872
shakeLoops: 82
