4.24145:1190 4.31396:1629 4.43309:1982 4.45391:2465 4.45658:3459 4.45937:4565 4.47228:4703 4.47904:5627 4.50795:5798 4.55097:5961 4.59488:6132 4.62404:7904 4.6374:9693 4.64606:9867 4.64908:9936 4.65846:10736 4.66666:11616 4.71351:12203 4.71623:12322 4.73203:12458 4.73839:13887 4.74204:17657 4.74905:19000 4.76247:19167 4.76261:20031 4.76398:24162 4.80727:25931 4.81037:26216 4.8189:26880 4.82201:26930 4.8239:28273 4.8259:28973 4.8265:36025 4.82678:42643 4.84504:46136 4.84848:46773 4.85284:47391 4.8593:56462 4.87651:56524 4.87756:56578 
1277 616 1172 1681 973 1886 108 983 627 1124 982 807 136 335 1412 1053 1350 233 140 875 1206 1745 508 521 340 1107 835 1229 582 414 1410 180 693 1874 1688 1105 474 1596 1738 1360 1057 193 1217 1190 1019 300 1361 1015 1572 1160 1507 1309 1293 209 665 1834 122 369 1051 1012 1604 964 1996 210 1527 1315 529 1540 842 1365 1598 1264 961 525 1039 1728 837 58 924 1683 1743 1182 1486 227 722 503 1304 685 28 1995 1416 1815 683 739 1407 1589 1761 1783 470 379 1631 276 412 211 1872 1894 1063 1789 456 1839 52 285 1617 1230 883 459 1058 1975 1155 1466 1866 304 630 756 577 406 194 265 1084 884 1420 82 89 1117 1936 652 1354 169 1069 460 262 334 573 755 1558 1861 936 1192 247 1273 1804 908 626 613 778 1630 985 821 20 207 1187 13 1528 1682 1305 749 1521 1744 1391 1545 1006 844 1456 1379 1144 1320 1954 1552 1401 1727 258 906 1703 449 831 1380 1413 1672 397 1251 1409 1164 849 754 860 1706 325 1566 1454 792 1655 1426 1803 653 1702 562 993 1143 165 1121 773 1359 119 292 534 1626 275 1330 1719 647 331 1335 585 303 1675 880 16 1461 1022 1239 1620 1980 984 358 1250 579 689 1797 1561 204 779 320 81 726 164 606 1047 1656 596 990 1432 1614 66 1758 410 1028 995 
minDistance: 4.87756
cost: 244896
capacity: 199159
time: 56578
maxTime: 60000
LS1: 36241/37545
LS2: 400/1304
LS3: 0/0
shakeIters: 864
shakeLoops: 81
