4.20699:970 4.30012:1259 4.34482:1435 4.40973:2600 4.46251:2745 4.47735:4061 4.48871:4180 4.55429:6327 4.58823:6460 4.58987:6978 4.64541:7193 4.65984:8161 4.70524:8745 4.70926:8833 4.72207:8977 4.72545:9036 4.74856:9308 4.7759:10888 4.77895:12320 4.79123:20376 4.8189:24329 4.82201:36609 4.8265:43588 4.85284:48004 4.85525:49414 4.86282:51256 4.88433:52646 4.91675:53356 4.9456:57090 4.94797:57153 
1486 596 773 1359 210 904 262 1912 903 1681 1182 1032 164 1743 1283 509 1069 1631 1717 1163 685 397 1829 1672 1453 2 1446 647 136 119 1834 1063 962 1482 1789 1738 1682 1296 800 1420 853 1556 1409 613 243 285 630 198 637 1894 1315 1237 1293 984 1328 1517 1078 301 1630 1175 499 66 500 194 995 1172 835 1186 370 1384 665 23 1803 1785 1153 1361 1239 539 534 1819 1365 1510 886 1417 1412 1856 792 1816 128 111 1450 139 1617 1861 1191 1573 1955 708 884 1476 1758 1432 1164 1595 626 1401 585 512 985 1092 1121 1684 1084 964 506 821 1266 1379 897 211 1233 737 726 37 369 366 932 1309 1466 1229 983 1143 414 1410 1277 1190 1230 322 1683 140 742 358 87 335 1034 1994 371 615 1374 514 574 459 1552 953 1541 1739 842 176 1706 498 555 1248 849 582 1205 749 379 1817 1381 1575 13 340 795 325 1304 374 652 1626 529 1983 636 1797 1596 1602 1544 244 667 1601 1438 583 508 1461 944 1680 1002 1342 441 1256 1947 1369 817 1330 1105 1545 1702 1053 1456 1117 1515 265 1192 1427 739 917 695 1157 1858 74 1546 1656 455 154 1980 1839 94 1051 807 755 470 423 165 844 1399 1012 433 315 1866 115 247 402 1264 643 342 266 1250 1620 108 614 1097 690 20 29 28 973 11 875 1380 1644 429 1536 
minDistance: 4.94797
cost: 242593
capacity: 199178
time: 57153
maxTime: 60000
LS1: 34726/36037
LS2: 479/1311
LS3: 0/0
shakeIters: 802
shakeLoops: 76
