4.20699:1014 4.3955:1510 4.42171:1754 4.45937:2223 4.47735:2305 4.48421:2796 4.48871:3333 4.50088:3915 4.501:4148 4.56807:4280 4.59488:4500 4.62172:5995 4.63654:6856 4.6625:7079 4.67191:7457 4.67888:7513 4.68446:8887 4.70172:9188 4.70926:9299 4.71175:9367 4.75994:9603 4.77475:9781 4.7759:10028 4.8259:10345 4.83919:11812 4.85284:12031 4.8593:14075 4.86282:16531 4.87723:22166 4.87894:24645 4.88787:24757 4.90765:27777 4.91471:31410 4.93548:32624 4.94157:47000 4.97207:52153 
1872 1829 853 906 776 534 1019 1053 1985 66 402 1834 1151 497 936 934 932 204 792 1785 614 16 414 693 1032 359 211 154 490 1277 1994 1423 1515 52 433 1758 643 28 623 667 884 410 807 1862 573 904 1432 860 773 1409 1509 1797 1761 1943 1507 1598 1738 1239 1361 647 1620 117 1747 1533 751 1544 613 1162 831 1749 456 983 1980 446 1735 176 1575 229 499 944 1296 1420 1181 1248 1357 503 1702 146 340 212 1672 875 903 165 1255 1229 1416 349 1399 207 1582 1461 1561 1631 1092 1051 23 1405 1359 1876 1675 1330 502 1681 137 739 470 1164 1796 562 1237 638 1753 1596 339 806 1486 835 1264 870 1666 1381 596 300 1304 199 1360 252 331 1552 1928 1270 1842 1124 1488 1297 1226 366 292 1825 574 1626 247 651 1630 1614 1888 119 1153 1661 1689 1400 1315 498 1205 1002 778 1743 80 1453 755 262 136 1866 493 1121 1117 1482 20 977 1383 844 1633 1705 973 1858 1947 1379 685 251 1508 709 1182 1492 122 1528 1256 982 115 325 412 1227 1448 358 1706 1090 1403 746 1816 429 1179 961 335 849 1147 1030 1350 194 842 1293 543 1936 401 964 1466 1594 397 1376 886 1401 1250 652 1407 665 785 658 1437 1839 1369 1063 1230 58 1012 309 1143 1972 1983 243 1601 509 518 266 1410 1380 817 1468 320 787 
minDistance: 4.97207
cost: 245821
capacity: 199156
time: 52153
maxTime: 60000
LS1: 37609/38896
LS2: 316/1287
LS3: 0/0
shakeIters: 935
shakeLoops: 87
