4.18674:899 4.22872:1101 4.24559:1194 4.26753:2096 4.40565:2541 4.41765:2621 4.45391:2991 4.47904:3219 4.48793:3295 4.48871:3892 4.5361:4013 4.58823:4284 4.59974:4628 4.62172:5142 4.65203:6561 4.65846:7213 4.66011:8369 4.68295:8486 4.71118:11794 4.71623:15392 4.72545:15446 4.75438:17380 4.75572:22907 4.79979:23083 4.80265:23875 4.81037:26983 4.8189:27522 4.82201:27574 4.8259:29646 4.85284:30945 4.86141:30997 4.86282:52003 4.87756:52771 4.87894:55846 
1702 117 80 1552 1309 534 266 1617 647 397 884 1852 1993 110 903 1436 66 932 339 1356 1383 834 178 643 1420 1508 693 457 724 412 154 1544 119 982 744 490 1304 1521 1450 1372 924 1410 821 140 13 1620 1575 28 1063 1614 1163 136 55 970 1409 1756 1069 198 1468 902 1044 1277 1206 665 1029 88 512 391 776 1153 1250 1315 1743 94 763 514 1523 118 1105 1092 358 1398 364 944 875 1528 1631 1825 1479 800 16 100 1073 1283 576 860 1369 109 1844 108 1784 58 1672 973 1328 1230 455 1340 1019 585 1057 52 1017 354 276 325 673 807 340 1229 849 934 1177 1273 1379 987 1713 1296 1804 1162 1463 1947 1432 1363 1696 995 1106 254 474 984 1657 1399 1361 613 1582 87 1227 1866 1423 423 1815 1293 1090 1800 1584 170 909 689 739 1540 165 410 234 1839 886 366 1573 755 1239 1028 1928 1691 33 1482 795 1320 1589 92 1680 596 1955 202 204 853 1738 446 1359 322 81 1520 1507 1318 275 29 199 1182 1367 1053 1354 1234 1710 1012 414 498 1655 456 1923 865 1407 309 1894 638 1376 1541 1453 1689 507 23 379 1181 1596 936 35 317 1994 573 192 1448 459 433 1121 842 835 1143 1476 1515 1084 637 1595 1417 1264 1630 460 335 1626 1297 1625 1856 207 1466 844 685 1797 1912 194 1248 1888 1404 1975 1699 792 1401 1051 476 1876 
minDistance: 4.87894
cost: 243451
capacity: 199195
time: 55846
maxTime: 60000
LS1: 37434/38709
LS2: 380/1275
LS3: 0/0
shakeIters: 861
shakeLoops: 80
