4.0779:870 4.22194:1200 4.22872:1390 4.24145:1552 4.30012:1787 4.33584:1915 4.40719:2127 4.45391:2410 4.45658:2708 4.501:2831 4.63654:3453 4.66308:5159 4.69836:5289 4.71351:8563 4.73144:12351 4.73203:12491 4.73959:14606 4.76398:15485 4.7759:15617 4.80265:15915 4.81037:15998 4.8189:16161 4.83635:16568 4.85048:16776 4.85284:16869 4.86141:40285 4.88433:47453 4.94157:52118 4.97207:54963 4.97365:56982 4.97629:57807 
897 1247 1157 1416 1743 175 1258 433 1314 886 498 213 412 983 737 1399 573 1849 329 1955 641 1293 1749 529 1442 1237 638 920 1182 1032 1256 925 614 504 1565 68 626 1501 297 339 192 1626 1631 1450 497 455 1342 490 1758 234 817 1580 1858 884 114 665 16 54 1777 870 1401 1423 667 411 778 1230 295 1536 1980 383 1923 58 170 499 795 1659 1330 179 1684 973 1672 31 643 1703 1785 1069 944 366 936 28 1432 1589 46 1936 1834 301 1825 1410 1250 865 176 842 1680 1264 1009 1359 247 1899 1802 1630 1407 1408 1229 1857 199 1620 792 164 695 1994 949 1404 1283 853 1908 1374 109 880 755 111 13 322 185 596 1360 11 739 1596 1544 309 1466 1248 742 1774 439 117 374 1176 1143 1545 194 702 1175 1420 903 265 844 1053 161 340 211 693 1051 397 616 1277 748 395 1177 1090 1174 173 1552 571 429 835 776 1482 1356 1612 964 685 50 335 1602 1398 1528 647 1304 369 1815 1275 1738 9 1162 1400 1614 94 1575 1417 1371 1262 1797 1153 782 1894 1438 582 1381 987 100 1685 1559 1056 508 52 1540 1040 202 136 358 849 1917 1214 1856 932 1164 1278 122 402 1391 152 1315 1105 470 154 410 108 20 500 904 707 1296 1335 1819 1012 285 1409 1598 1117 1006 1015 512 379 119 514 414 615 919 325 1121 75 1739 1983 1490 1309 
minDistance: 4.97629
cost: 243582
capacity: 199361
time: 57807
maxTime: 60000
LS1: 33622/34966
LS2: 588/1344
LS3: 0/0
shakeIters: 725
shakeLoops: 68
