4.24559:1137 4.42171:1612 4.50795:1849 4.62404:2146 4.63654:2825 4.65846:3078 4.70172:3320 4.70497:3683 4.71118:3817 4.71175:3949 4.72207:4059 4.74905:4897 4.7759:4960 4.8189:5124 4.82201:5508 4.82865:12220 4.85284:12477 
1335 1143 1928 1002 1589 210 1432 792 1352 139 199 456 1841 1289 1876 1084 844 457 759 1466 1631 1153 1816 370 339 1596 1078 13 665 689 176 932 1623 1727 300 159 1250 1871 1399 202 615 1410 211 1979 1910 579 1719 571 1894 712 1264 499 1947 1672 119 846 1607 884 1006 785 1486 2 1614 275 902 1561 329 154 1423 1409 1293 1073 23 1365 1817 1317 529 1972 1994 508 1709 1527 358 503 80 853 460 304 773 1117 776 694 778 817 1172 136 297 88 1051 964 35 1247 693 1785 1239 1814 1515 1059 1872 651 986 1888 1404 52 754 374 164 493 849 1689 1438 1702 111 1453 122 748 1463 944 573 1705 1575 1866 1053 875 1636 1758 718 331 1582 117 446 406 1181 1743 835 1620 377 983 1369 1010 535 165 1450 31 1420 1012 1559 120 1062 1513 1541 667 1009 108 1124 1032 252 325 1417 1211 1836 606 1448 1682 1119 1374 1761 1786 247 1749 1657 1829 978 1875 20 1861 1227 684 1680 1309 498 1092 94 1256 1386 534 502 514 1545 842 1797 1243 1815 289 1180 936 1468 1617 695 410 455 1354 37 596 1121 1283 782 1050 1777 1908 685 28 1427 1652 789 1825 1985 115 1112 194 1520 973 1416 490 821 66 1565 1407 1666 1069 1834 521 990 1630 643 1182 1728 621 1842 354 1605 73 1626 397 1544 1105 266 749 1229 1040 412 1255 916 340 1993 371 1789 645 
minDistance: 4.85284
cost: 245064
capacity: 199199
time: 12477
maxTime: 60000
LS1: 37305/38595
LS2: 415/1290
LS3: 0/0
shakeIters: 858
shakeLoops: 83
