4.22872:968 4.25228:1197 4.40719:1705 4.45391:1975 4.48871:2567 4.56114:4315 4.56807:4800 4.58987:5193 4.59974:5362 4.63654:5476 4.66308:5692 4.67191:6674 4.67888:8719 4.70849:8849 4.71118:9179 4.71544:9333 4.74905:10212 4.76165:10695 4.7759:11003 4.80265:13218 4.80577:19271 4.8189:19374 4.82201:19542 4.82641:22953 4.82678:24212 4.84504:24339 4.84848:25794 4.85284:27113 4.86141:37179 
1117 1053 211 1264 1866 936 1357 1399 903 1545 1121 626 16 1815 140 904 630 1296 1943 349 1834 1816 1432 1688 325 1323 499 1476 1172 983 1874 1371 1614 886 1936 176 1828 895 1899 164 87 1789 329 573 596 1181 1192 633 1335 1603 446 1541 614 779 849 297 627 1983 300 1671 800 1205 125 949 1783 647 1051 170 340 582 1067 652 985 1814 108 1293 1213 58 514 1017 884 154 52 853 1316 1092 1407 1361 1917 119 559 1672 638 1461 1456 94 1139 1358 1797 1507 776 1544 577 136 339 1582 456 1438 1463 1604 1681 1743 1657 964 1764 842 1626 651 165 1401 529 1015 301 1365 739 1508 433 1836 759 1119 502 1685 1239 503 275 1187 498 1359 1164 128 924 397 1966 1410 490 1019 412 1248 1256 1182 1318 402 1756 1928 1416 1328 782 1865 1912 184 1858 66 1032 1453 1063 785 1190 35 1555 1994 685 1753 247 1112 753 80 1749 1888 801 1980 1630 1420 1157 1486 40 527 115 1565 1143 844 806 1153 1417 1861 1596 535 334 309 1856 379 152 459 262 265 1631 1409 1012 1400 194 1314 817 749 1009 20 398 944 55 1330 1069 1230 1886 1382 158 13 1800 1340 1501 425 792 1839 743 312 795 322 689 1247 860 606 835 1057 15 901 1846 1517 773 1176 1229 204 1274 323 1374 1105 244 1412 1875 1761 1350 831 621 1620 366 574 1354 316 122 1250 
minDistance: 4.86141
cost: 242646
capacity: 199344
time: 37179
maxTime: 60000
LS1: 36838/38099
LS2: 372/1261
LS3: 0/0
shakeIters: 860
shakeLoops: 79
