4.26753:1325 4.27642:1414 4.36835:1795 4.3955:1975 4.44862:2131 4.51773:3480 4.59488:3860 4.60293:4137 4.6374:4424 4.63856:4751 4.66308:4952 4.66666:5685 4.70679:10796 4.72861:13814 4.73203:15599 4.74204:19431 4.79979:31525 4.81032:31654 4.8189:33629 4.82865:41260 4.83044:46353 4.8343:53449 4.84504:53611 4.85284:57883 
1205 983 795 933 627 340 1417 87 1680 1073 498 1994 1053 1274 1681 596 1067 19 831 821 1361 179 219 630 1454 470 1367 68 304 1839 1400 73 1515 1078 412 20 1409 1008 207 960 1655 1786 1603 198 742 1947 1330 643 414 1810 410 66 849 1059 1463 500 1860 33 1427 1702 1527 749 1513 573 1868 1726 1153 1177 80 1510 154 665 1069 111 1420 88 626 673 1335 990 944 1549 694 1888 614 1759 1682 1785 1160 1590 383 285 1955 1872 1988 707 1328 645 663 497 493 853 192 1644 1604 1340 40 1304 1320 1170 1517 243 908 211 1617 846 1142 1828 17 1121 236 395 1565 1626 16 1309 1737 1815 1783 1797 1002 29 616 985 1743 737 1164 1350 1398 325 508 1552 1630 1408 1372 1705 94 954 1561 309 777 1143 530 11 1466 1829 54 571 870 359 1656 1316 1672 1172 214 837 1607 1983 1631 130 1283 1240 13 1486 1015 406 1814 1575 1040 920 690 193 1052 525 1401 961 1012 801 499 1192 388 1915 1598 844 1933 835 1566 1250 1453 1033 726 964 140 1738 1585 800 685 118 621 117 136 1117 1979 1256 1544 1437 1182 819 1614 369 28 963 995 44 534 262 1051 1315 842 860 1057 1620 411 1976 689 1761 1633 1149 244 1230 115 1446 934 1064 1952 222 1264 194 1054 1399 1403 1302 1105 292 1382 379 1756 1239 119 652 202 1277 623 
minDistance: 4.85284
cost: 238928
capacity: 199175
time: 57883
maxTime: 60000
LS1: 34873/36180
LS2: 477/1307
LS3: 0/0
shakeIters: 806
shakeLoops: 77
