4.11641:983 4.30914:1468 4.36835:1746 4.37313:2338 4.40719:2543 4.44082:2812 4.48421:3202 4.48871:3319 4.51955:3658 4.53061:3812 4.5387:4103 4.58137:6225 4.59488:6373 4.62172:8029 4.63654:8255 4.63856:9094 4.65846:10060 4.66119:10243 4.71239:11946 4.71585:12883 4.73203:13091 4.73959:13931 4.75291:16900 4.76261:17655 4.76398:19816 4.7694:20277 4.77475:22315 4.81037:23141 4.8239:23846 4.84001:30564 4.84504:32844 4.85284:34087 4.85347:34906 4.87894:35669 4.91427:48957 4.92459:49043 
340 1267 234 192 119 647 1656 1432 298 1216 1689 33 739 445 1304 685 534 1874 47 737 1834 652 457 1003 154 20 773 865 835 695 301 1297 1828 517 1799 1342 1861 1190 571 596 1015 993 1573 1785 433 88 256 778 1361 50 748 1017 782 990 1105 1127 1080 1413 689 164 1164 1457 136 139 1552 842 11 1617 2 973 1817 817 364 1380 1541 807 1369 123 1400 1309 1528 1206 1666 1409 779 573 1510 366 529 627 244 604 1157 727 1680 1022 391 1595 1614 1114 146 1544 1797 28 1247 643 429 1028 397 1703 198 1059 16 795 1493 1983 1582 1596 375 1688 80 1719 1659 23 1743 265 1069 1063 29 1842 124 211 1928 359 209 1985 1416 1681 1839 306 140 1365 1264 1710 849 470 776 202 1994 880 412 1250 1804 1789 1229 944 1975 806 906 1657 936 1954 1774 204 1405 1675 1630 1230 621 1040 111 1542 527 1802 1738 844 1476 1903 1359 371 1620 860 1273 1092 853 1841 665 1330 1057 1683 1053 1427 194 1646 1417 1227 1087 1540 1866 58 1407 1006 1626 1121 1739 1508 310 1117 683 193 1357 980 626 1487 389 199 577 901 490 395 108 9 1517 1193 904 1256 508 1565 1682 1307 410 1888 272 514 480 1486 1277 1585 623 831 1175 1420 726 792 1702 983 322 1466 1012 724 1728 1513 902 1153 1995 1182 796 1381 1073 749 1643 414 179 152 
minDistance: 4.92459
cost: 246751
capacity: 199164
time: 49043
maxTime: 60000
LS1: 36021/37277
LS2: 393/1256
LS3: 0/0
shakeIters: 827
shakeLoops: 78
