4.24145:1153 4.26747:1350 4.5387:2008 4.55429:2112 4.6374:2848 4.66031:9851 4.67191:12176 4.71239:12355 4.71623:12631 4.73203:13703 4.73959:13794 4.7477:13920 4.76096:14080 4.76247:14823 4.79979:19189 4.80265:19690 4.81664:21284 4.82201:25667 4.8259:27420 4.85284:31624 4.85347:37041 4.86962:37831 4.87512:38505 4.87894:38695 4.88433:39490 4.88787:42140 4.89534:49654 
1053 1155 1541 1912 1846 84 1117 1069 460 1248 1874 439 161 846 749 1980 1700 1788 1852 20 973 842 33 1143 1040 756 1716 86 219 1466 709 579 395 1296 1573 16 1335 798 108 1230 154 576 490 847 179 1130 571 28 1691 1358 1585 1205 1309 1063 1028 906 52 573 961 995 1544 1043 303 1121 1356 1501 1304 1317 1403 61 773 301 1371 685 1590 1423 904 140 1517 1032 2 209 402 1057 1450 1923 54 1761 1365 1090 1182 1559 1983 1263 414 1800 1982 339 169 649 1442 1552 1401 58 423 185 689 817 1306 529 68 178 1767 1092 1051 1438 1087 1153 1463 276 1448 1886 122 210 1172 934 1682 932 1540 1255 1602 1264 682 1710 1342 1825 1277 1855 1839 500 984 1692 1803 665 1834 1523 851 117 1239 615 1681 1596 931 1804 433 1054 1840 778 1256 870 792 1797 924 748 88 835 1413 1359 1398 1630 1357 1181 1598 1899 455 1409 109 1745 29 849 1626 1620 1407 1495 755 15 695 1617 1315 55 1229 627 1273 1903 497 379 647 1509 354 1976 936 1922 1955 480 534 1193 13 1689 1106 317 1844 1015 1206 244 1420 1468 1012 577 340 521 1631 1515 1305 412 776 1283 1486 978 1361 1743 410 1738 1427 1614 1815 517 1162 1227 744 964 807 1507 204 903 322 66 831 335 1105 844 779 1145 1453 162 99 1250 596 1379 982 1975 199 297 886 358 
minDistance: 4.89534
cost: 243719
capacity: 199157
time: 49654
maxTime: 60000
LS1: 36726/38044
LS2: 460/1318
LS3: 0/0
shakeIters: 831
shakeLoops: 79
