4.17873:756 4.24145:1181 4.26747:1393 4.27832:1466 4.30914:1650 4.31396:1764 4.40719:1993 4.41765:2097 4.45658:2386 4.45937:2739 4.46251:2818 4.5933:3071 4.60351:3235 4.61141:3788 4.61431:3936 4.62172:4186 4.63654:5130 4.66666:5394 4.66678:7171 4.70497:11132 4.71175:13065 4.71544:14024 4.75994:16979 4.76261:17088 4.77895:17851 4.82201:18017 4.8239:19183 4.82865:19969 4.83327:28809 4.84264:34408 4.84504:35743 4.85284:35846 4.85633:36598 4.86282:39005 4.86607:41490 4.88433:47895 4.88787:49202 4.88995:49815 
1266 1399 366 1573 960 849 1955 58 1446 178 1408 1450 354 54 1626 1761 154 693 1575 2 265 1842 755 1283 122 1617 66 1466 647 1121 1672 1815 115 1361 266 1296 1335 571 1803 817 194 1359 665 792 1681 1839 1229 1789 1624 1164 1785 369 340 1876 1376 375 68 754 737 1371 164 1589 276 897 865 320 1486 1417 456 831 1063 1912 973 1365 663 1728 1700 1691 1788 1980 1177 1620 759 1657 795 1423 1501 1124 80 300 1739 498 1409 1797 1662 1800 1829 573 490 928 773 1053 433 1653 1996 749 616 1923 961 1105 1027 1401 1727 13 1899 335 275 801 886 204 211 429 397 1835 1309 1051 627 1453 455 383 210 1019 1846 412 1910 1875 1182 108 1731 111 695 50 934 222 1675 1032 842 1917 1250 322 1305 835 1340 1227 1403 1817 1090 1017 8 685 626 776 139 410 88 301 1556 247 15 689 1040 1153 643 1383 1819 1614 379 985 903 932 529 20 1994 1149 1947 292 851 579 1320 1404 603 1463 709 844 1508 853 136 1764 983 615 1448 904 785 1379 219 1682 1381 460 1117 423 28 87 1360 1555 499 325 1703 596 358 753 185 944 1093 1814 1630 446 1264 374 883 1738 630 1743 964 1410 1143 1357 1709 1407 1585 583 1716 1239 1432 1248 1979 1022 984 1230 1427 331 1783 323 1631 1420 993 1256 1363 936 1995 1012 
minDistance: 4.88995
cost: 245407
capacity: 199287
time: 49815
maxTime: 60000
LS1: 37350/38655
LS2: 397/1305
LS3: 0/0
shakeIters: 870
shakeLoops: 82
