4.3955:1188 4.40719:1459 4.42619:1705 4.45391:2410 4.46801:2634 4.501:2869 4.50795:3004 4.5361:3256 4.57173:3621 4.59246:3757 4.59905:4139 4.62172:4320 4.63247:5792 4.69836:6735 4.71351:6968 4.71961:7762 4.73203:8676 4.74307:9495 4.76165:10104 4.7759:10890 4.84264:11139 4.8593:11197 4.86141:12393 4.87071:23649 4.88787:23767 4.90415:28342 4.93543:28496 4.94615:29138 4.94797:34541 4.96098:34593 4.96103:46431 
643 1839 1866 585 683 1785 1544 433 1053 204 1028 1446 334 446 459 1994 310 162 503 490 1181 1626 1376 1528 944 983 1277 1743 1296 1689 1420 410 500 493 1229 647 778 1680 1003 904 1182 1682 331 16 1602 903 20 652 1309 684 376 60 670 1631 1509 1476 123 1582 13 1410 1314 782 1361 1955 1506 325 247 897 1409 199 1666 275 936 512 1098 712 685 180 1486 828 1702 110 1283 1540 1039 984 58 1758 599 1683 1466 1335 849 1616 88 1230 358 1802 2000 755 695 114 1400 119 1490 577 853 1359 1894 1059 1157 1596 1620 1330 1656 1502 2 835 176 1797 1542 596 152 1080 1947 1804 1381 1614 335 529 1239 470 961 1304 534 140 97 1842 1177 626 579 1552 340 739 1501 1598 792 846 1450 884 402 412 297 401 1834 1577 1369 1510 1117 1315 1073 1264 198 729 1985 66 17 28 1360 1407 33 1573 1659 1513 1293 1193 285 1130 1143 1205 1063 497 175 1438 209 776 973 527 498 1328 995 414 111 1164 613 445 669 429 211 1155 1162 1819 421 397 1617 1206 1416 1857 194 1379 117 1815 844 499 281 274 1401 1012 1044 842 50 435 301 1738 203 41 1408 1432 1868 202 411 1374 322 667 52 80 1448 1566 457 1515 1928 371 807 860 865 192 1493 87 1121 31 456 1221 1801 1825 244 573 262 
minDistance: 4.96103
cost: 242109
capacity: 199196
time: 46431
maxTime: 60000
LS1: 38284/39575
LS2: 324/1291
LS3: 0/0
shakeIters: 936
shakeLoops: 88
