4.24145:1088 4.24559:1221 4.25228:2364 4.37313:2588 4.40973:2896 4.42171:3065 4.48871:3782 4.51773:4892 4.5361:5174 4.62172:5696 4.62404:6426 4.67191:6700 4.70524:7365 4.71118:7517 4.71239:8540 4.72545:9078 4.73959:9422 4.74905:9521 4.76698:9597 4.79811:10426 4.79979:11269 4.80265:12292 4.8189:15641 4.82201:26749 4.8239:28106 4.8265:48645 4.85284:57495 
883 1213 1747 1681 1448 792 1356 1409 665 1059 904 1834 222 1789 433 1761 20 58 1816 702 1130 961 1119 1466 1787 1955 358 1983 652 456 202 1652 1795 1420 1669 837 739 684 1069 212 164 499 1391 1439 1689 1357 907 1703 1256 1815 247 573 455 1124 1053 66 410 1205 1662 379 835 1266 1596 198 1495 322 1105 1084 1803 853 1954 1486 1382 450 1229 1582 807 1057 1410 1180 1468 693 1630 169 16 782 1380 1702 204 1019 1575 599 474 97 1067 1565 1293 1015 1710 932 1743 23 1509 1507 870 508 643 1841 194 1450 1040 690 1041 325 497 977 1533 1631 1558 647 412 773 751 1153 1887 1022 571 185 1012 896 1682 1237 1330 1369 723 304 1073 1172 117 1117 1912 748 1738 1918 207 666 931 1315 445 119 1947 298 995 89 1888 521 364 1017 1680 1908 1797 1164 370 1283 354 1114 596 1728 28 1175 211 1691 1936 300 1854 1620 1874 339 1335 1614 33 1933 265 275 1050 1413 1063 800 1387 616 906 1437 1307 441 1426 1476 1423 1401 1032 860 1508 1542 303 1777 1471 54 715 1544 755 1528 1239 1857 990 1432 111 1143 1881 446 17 1051 627 1982 340 842 1230 1399 136 983 1096 1830 1894 865 1994 1408 1157 1383 1657 709 844 1675 1034 1264 317 1398 11 301 1350 1656 1006 154 1182 181 924 414 1247 685 817 1806 777 1626 849 534 935 737 
minDistance: 4.85284
cost: 245525
capacity: 199224
time: 57495
maxTime: 60000
LS1: 35266/36559
LS2: 458/1293
LS3: 0/0
shakeIters: 808
shakeLoops: 75
