3.95473:591 4.36835:1472 4.50088:1854 4.51804:2554 4.52677:2765 4.55429:2969 4.62172:3265 4.65678:4528 4.66666:4776 4.70524:4908 4.71239:5113 4.74814:5872 4.7759:6049 4.80577:6211 4.81032:8784 4.82201:14145 4.8239:15808 4.83327:16748 4.8593:23399 4.86282:26325 4.88787:27256 4.88995:28398 4.91372:31907 4.93548:32032 4.93988:33551 4.9456:42266 4.94615:53600 
115 292 1630 371 456 936 1996 1121 573 19 1369 119 1053 1420 1726 1596 778 1051 1216 1486 779 1468 1457 949 1743 614 1157 410 1162 17 248 966 596 973 1933 1482 1817 643 109 1682 739 414 247 1356 1785 1164 309 1087 490 1912 52 517 1876 117 1545 1205 180 751 508 1032 366 340 844 178 1438 1631 677 1846 1416 1206 1309 198 1566 773 1258 29 1834 1738 1816 584 1399 1117 1012 1681 1142 1819 698 1407 1814 1296 962 41 1787 1379 23 50 1354 1932 1910 1666 874 1607 737 792 627 1073 202 796 1943 1143 1059 429 1015 164 1256 695 961 875 82 660 889 258 1541 1620 262 817 653 1868 1063 1264 137 493 944 1617 140 1894 571 1397 1226 860 1662 685 1025 897 1852 80 397 1979 1764 1335 1874 853 97 1227 712 1685 68 518 2 1017 842 831 683 1761 320 1855 776 1381 1691 1357 1182 1153 1466 20 623 94 1365 1585 1575 835 1513 1804 1119 682 1976 1040 497 1626 88 1380 203 1598 1028 1230 276 1803 1994 193 1315 849 1917 1955 1623 194 301 499 58 1190 358 498 748 73 28 665 1508 435 1409 509 1800 1446 335 964 1797 983 1219 457 1842 1728 1448 984 552 1229 755 1237 599 1866 455 1093 1193 87 1825 401 176 8 1515 1717 637 136 1293 13 1267 256 1689 1069 354 199 1839 574 1144 1360 211 1359 339 322 806 1614 
minDistance: 4.94615
cost: 240345
capacity: 199168
time: 53600
maxTime: 60000
LS1: 36323/37655
LS2: 513/1332
LS3: 0/0
shakeIters: 792
shakeLoops: 75
