4.20265:1250 4.22194:1410 4.22872:1610 4.40719:1947 4.47799:2245 4.48871:2344 4.48956:2432 4.5387:2746 4.56114:3486 4.58823:3583 4.62172:3754 4.62261:4267 4.63756:4916 4.67191:6085 4.69836:6310 4.71544:7308 4.73144:7629 4.73203:8402 4.74186:9960 4.76165:10424 4.76261:13616 4.81032:15210 4.8189:15451 4.82201:30567 4.84299:32033 4.85284:33052 4.8593:38239 4.86141:44420 4.86282:53988 
1359 1910 1894 954 1876 1205 1144 1917 490 412 1285 562 1657 1975 726 1844 1804 982 1273 410 1644 932 252 243 901 1069 1533 1456 792 1468 279 860 1405 1899 1664 905 1256 58 325 309 1317 1590 1250 973 80 1556 1214 1758 1507 1552 1242 1685 744 896 1255 1736 20 1996 920 497 1230 1630 1513 884 507 1883 577 1409 1340 1063 1738 1401 964 1192 1625 883 1828 1797 614 616 1309 1412 414 1417 842 1815 1182 707 115 1463 1320 214 1598 685 1972 846 1427 502 985 977 1672 724 1293 1314 1239 1324 1761 1682 379 835 693 1572 108 596 516 156 334 1012 778 161 1304 739 1365 436 1523 844 202 251 1176 355 849 416 1681 1756 1229 1952 821 1866 934 1928 406 498 1350 1404 136 433 1410 184 87 960 817 1420 606 571 1374 1305 574 470 949 339 1371 1515 1816 300 1886 1358 272 1361 1090 1403 1979 1399 630 904 1802 1219 1015 1053 369 1408 1363 1181 845 1573 1706 647 122 207 1432 508 1142 88 301 322 1495 1466 1638 1400 886 831 154 456 194 1262 623 401 476 573 503 1836 665 1783 1367 1121 340 119 455 944 423 990 1277 204 689 1565 1852 1947 1607 335 1446 915 514 1032 1620 1626 1582 1164 1213 1785 52 1407 152 1248 435 1799 1453 1283 795 801 1423 1040 1335 1051 437 1614 1983 1247 633 1888 1117 776 1354 94 1162 1980 756 66 1264 349 
minDistance: 4.86282
cost: 245945
capacity: 199271
time: 53988
maxTime: 60000
LS1: 35290/36538
LS2: 385/1248
LS3: 0/0
shakeIters: 834
shakeLoops: 78
