3.81391:541 4.3984:1691 4.40719:1841 4.45937:2388 4.48871:2531 4.59905:3287 4.62172:3412 4.62404:3555 4.63654:3661 4.63756:3789 4.63856:5624 4.65577:5925 4.71239:8086 4.71351:8305 4.71544:8561 4.72207:10135 4.72545:10216 4.74856:11181 4.80265:12029 4.81032:16540 4.8189:18892 4.82201:19583 4.82538:19777 4.8265:20629 4.86016:23672 4.88433:23772 4.90765:25820 4.93548:26991 4.94615:30071 4.94764:46637 4.94797:48033 
1051 1401 712 16 1230 1955 1589 498 1966 1513 886 1309 1983 1596 1143 652 835 685 80 1182 114 171 1432 844 1376 1044 247 459 140 137 1626 1849 244 1409 1034 614 1630 870 11 1187 285 609 316 1681 292 1315 395 1359 1003 1053 1437 1461 1410 1682 1602 663 1764 613 897 493 1894 108 1985 776 903 573 778 1369 656 1834 309 707 1073 383 1335 616 1009 737 115 853 842 827 211 111 1839 168 961 1405 596 1728 1607 410 366 1164 198 1229 412 1536 1535 301 1151 795 154 1486 1420 68 949 476 490 1738 1085 1482 109 1121 266 860 973 1147 645 325 1408 179 397 964 1357 87 1304 1726 1247 358 565 739 164 1585 1780 1417 1797 875 1226 623 1654 1006 1192 28 262 1517 1943 1078 1819 1117 672 1367 849 1258 339 117 439 1565 1157 1239 1659 1360 1552 297 1059 1688 749 944 1994 66 1761 1162 1816 1012 1250 1423 904 1620 1614 37 1090 1774 370 1575 755 1743 1804 1296 340 199 1515 1416 857 73 1507 246 194 751 19 50 1466 322 1866 1069 1105 1492 136 642 742 1666 689 509 695 29 470 497 643 636 653 1446 329 1463 810 335 807 243 1824 414 1397 709 1631 1544 1266 684 1598 1153 20 1481 1798 1923 1933 1427 1399 295 574 369 1825 1277 792 1947 192 1468 965 1330 1398 119 320 304 806 176 499 
minDistance: 4.94797
cost: 242876
capacity: 199177
time: 48033
maxTime: 60000
LS1: 36501/37781
LS2: 406/1280
LS3: 0/0
shakeIters: 843
shakeLoops: 80
