4.22872:1224 4.24559:1441 4.26626:1530 4.3185:1699 4.40719:1866 4.48871:2083 4.58823:2582 4.59172:2686 4.59488:2870 4.59905:6260 4.63654:6336 4.66308:7245 4.67191:8808 4.69836:8893 4.76165:9076 4.80265:9837 4.8189:14331 4.82201:15236 4.8265:20005 4.85284:20293 4.88433:28691 4.90969:29701 4.91675:32604 4.92149:44700 4.92659:47316 4.93548:47445 4.93602:48668 4.94595:49296 4.94764:49354 4.97207:51330 4.97365:53277 4.97373:58441 
665 1250 1398 1612 1211 1983 433 1093 397 1846 1936 1955 1359 199 410 1743 470 853 234 1493 1315 1151 1401 936 414 1710 1463 453 1614 1256 1450 1057 984 1012 80 152 1672 58 366 1408 476 1335 1815 335 1432 1145 310 325 567 202 749 1536 582 689 255 982 1306 792 1027 1283 973 154 1552 412 1092 66 1304 534 1098 1923 164 596 693 1702 1278 1407 1090 1239 1501 1105 1575 1190 374 739 1106 1509 1405 1617 1706 800 1542 264 1943 309 379 339 1409 1230 1400 1143 1006 139 1789 1866 615 842 568 685 1416 1305 1680 643 122 204 835 1117 146 571 773 1521 695 55 1238 1255 748 16 1996 15 1728 1825 1154 1566 369 1229 1824 50 140 395 1774 1225 1888 645 1596 647 28 1980 1682 1834 499 1311 671 508 1507 1007 755 1121 194 1476 961 1620 209 1797 455 1437 1541 1947 1630 1749 1177 1700 1631 11 370 1032 1181 300 1788 849 161 445 1994 1602 1764 301 304 903 1376 1738 1164 1858 1205 574 1510 1293 1053 108 745 817 1681 1420 1565 709 136 576 276 1712 1990 358 1277 1482 1995 172 169 1829 1468 1264 1040 807 285 192 1626 340 1982 870 1153 60 1296 1423 1017 1309 52 507 261 68 322 529 1346 490 222 23 844 1410 1508 776 1486 1466 1446 1513 573 247 985 117 1839 193 1330 1903 1369 742 1912 431 
minDistance: 4.97373
cost: 244014
capacity: 199301
time: 58441
maxTime: 60000
LS1: 37132/38472
LS2: 472/1340
LS3: 0/0
shakeIters: 836
shakeLoops: 78
