4.00809:854 4.22872:1237 4.36857:1572 4.37313:1673 4.3955:1850 4.45658:2027 4.47753:2139 4.48871:2351 4.5142:2504 4.55427:2820 4.59172:3510 4.59488:3659 4.61345:4461 4.62172:5928 4.63654:11475 4.63856:11761 4.71175:12117 4.71544:12474 4.71623:13226 4.81032:13354 4.8189:14289 4.8265:16071 4.84504:22811 4.85284:24911 4.8593:33765 4.86282:35369 4.86607:44415 4.88787:54401 4.90001:58253 
1620 355 1172 1866 28 15 1017 414 35 749 275 748 470 1092 1596 1631 870 176 1124 456 506 665 340 1315 1387 739 334 211 1398 1229 936 1828 1177 512 1486 702 903 1002 1296 1182 1552 1163 1053 262 1626 304 1463 397 849 1416 192 1437 782 1834 154 498 1852 817 1582 1983 1003 1366 1073 895 301 1774 1059 117 1293 1955 1783 1432 853 1995 1084 55 509 1507 1875 534 1928 1044 87 1804 1402 1033 904 835 964 1376 1457 16 1860 944 108 136 1823 1888 886 1861 1936 194 1309 1683 821 433 89 1352 1157 1764 1952 1350 122 630 932 1728 1990 1630 94 1982 410 1595 164 1015 1857 309 635 1743 860 322 1513 1346 1712 71 499 1510 1407 178 1098 1247 438 329 20 412 653 1614 1164 1239 1250 689 1117 1069 1461 1314 115 483 1476 1453 1672 88 1359 1680 807 1153 1408 1316 455 1643 973 80 1264 52 1912 1565 75 577 1972 776 204 1206 673 1230 119 1317 1297 1248 514 684 800 647 1865 1702 1541 111 1797 1277 626 1056 638 596 1369 1420 657 1602 1829 1544 1448 1374 1401 380 446 571 1121 614 1012 1221 445 58 985 621 1361 842 1105 2 1527 297 1703 1509 873 1255 1508 1285 1399 1636 1009 1994 917 643 574 1205 1400 1876 920 1106 325 1006 685 978 1143 1283 511 1040 493 1933 974 1256 1367 66 1943 693 1051 476 1450 285 
minDistance: 4.90001
cost: 242808
capacity: 199359
time: 58253
maxTime: 60000
LS1: 35489/36758
LS2: 451/1269
LS3: 0/0
shakeIters: 789
shakeLoops: 73
