4.40565:1501 4.40973:1833 4.45937:2559 4.46801:2644 4.48523:2950 4.48871:3109 4.49106:3217 4.49476:3296 4.501:3371 4.55197:3638 4.58823:3788 4.59128:3919 4.59905:4034 4.62404:4230 4.65203:4467 4.65577:5538 4.65846:6586 4.66666:6715 4.70926:9329 4.71052:10491 4.71239:10693 4.72545:13768 4.75774:13930 4.81037:15822 4.8259:16046 4.8265:20712 4.83561:24858 4.83994:32967 4.84504:35341 4.85284:37124 4.88995:42651 4.89723:43910 4.90765:48312 
1992 1975 577 179 1450 185 1053 1022 1561 1972 1796 1486 1335 1182 987 115 1309 491 259 1814 529 1427 498 180 1857 420 944 1358 534 1490 844 81 1361 325 817 1012 834 739 1181 685 1206 1040 1225 1423 435 1302 1151 1700 1453 1264 870 122 693 1680 410 1283 842 977 1894 1719 1510 136 497 1205 152 194 1398 535 1432 665 860 406 1383 1143 1620 884 460 1493 1412 903 1468 247 369 13 340 1315 1069 1121 1420 1515 1630 1743 886 984 421 414 17 1407 1350 97 1749 579 254 1277 1239 748 1866 1815 1797 1943 207 920 904 684 568 1541 1153 1401 339 455 140 490 702 1296 500 1666 1073 433 111 1617 1844 1090 279 1172 1544 670 877 1626 1333 335 1192 961 243 1596 1727 709 1660 936 66 470 596 1783 1876 1994 1461 1706 204 503 52 1317 1501 476 985 1217 178 835 210 1631 1764 1862 1614 1990 1672 166 1359 800 1240 1059 708 211 58 755 1164 1112 334 1816 1015 1410 1408 1466 779 1106 1157 161 1221 391 1542 358 1056 192 1738 776 573 973 1657 660 1409 1293 1379 1852 28 1248 412 749 1834 1273 395 203 1229 1774 212 647 1835 1507 23 865 846 1513 1839 849 99 1117 508 571 742 1802 1357 1416 80 301 1369 875 1399 1351 1528 792 1032 901 853 562 630 1675 1375 1230 643 16 1669 1566 
minDistance: 4.90765
cost: 244431
capacity: 199165
time: 48312
maxTime: 60000
LS1: 37430/38751
LS2: 428/1321
LS3: 0/0
shakeIters: 860
shakeLoops: 81
