4.24145:1088 4.26747:1248 4.30502:1607 4.45937:2241 4.47735:2620 4.47753:3417 4.52677:3627 4.55427:3747 4.55429:3809 4.56142:3988 4.59172:4315 4.61141:5150 4.62172:5296 4.65577:5450 4.66678:7928 4.68426:8661 4.71175:8785 4.71351:9187 4.71544:9242 4.72545:10590 4.7564:15784 4.7759:16615 4.79651:16740 4.80265:19003 4.81032:21515 4.8189:24124 4.82678:24189 4.8317:26921 4.8343:28713 4.84001:34751 4.85284:35505 4.8593:35585 4.86282:39988 4.87723:44099 4.87894:45466 4.89723:50679 4.91569:50773 4.91675:52321 4.93988:57224 
596 1955 1975 1783 1432 68 173 1302 543 1785 1398 92 1367 835 1401 1063 1143 1410 1181 1983 1797 1230 1705 470 58 490 1620 1501 1872 983 1032 973 136 1463 1097 932 1283 616 606 1982 322 154 414 1407 889 964 846 776 1409 16 990 1747 739 1192 1412 936 1994 1647 785 1630 1466 709 1379 1789 9 1022 1117 1205 358 1354 480 194 340 685 970 1093 1596 1361 1330 1040 1357 20 1369 412 1383 1666 1164 1273 1657 296 80 755 749 849 506 1094 1671 1954 689 667 1819 1817 562 325 934 881 1598 258 1886 534 152 229 1092 1656 529 410 1559 1486 211 460 275 1743 122 17 1256 1615 207 1829 1255 1293 1844 1381 129 1012 1481 1453 1834 665 883 115 1672 456 1626 1229 748 1328 1700 165 87 1868 1702 987 984 1814 1250 652 508 535 429 860 1144 503 778 875 1182 844 1073 504 247 1359 1846 579 1275 1399 1585 364 88 1852 1100 1442 455 433 1376 1153 1350 1804 111 335 170 1403 1360 1335 266 1051 1450 262 1866 842 777 1059 1069 1710 626 1892 1803 1815 897 123 853 527 1342 397 1315 1590 577 1876 630 638 1053 1121 339 276 773 52 1674 28 1631 1951 334 1745 369 1277 792 647 1683 614 961 1461 29 977 573 902 74 1157 1264 13 1309 500 449 285 1180 1706 1509 1680 571 1894 512 1738 1681 904 1996 
minDistance: 4.93988
cost: 243081
capacity: 199444
time: 57224
maxTime: 60000
LS1: 36969/38274
LS2: 416/1305
LS3: 0/0
shakeIters: 850
shakeLoops: 77
