4.22872:1484 4.24145:1900 4.24559:2148 4.30012:2353 4.34482:2581 4.40719:3526 4.40973:3704 4.44082:3856 4.45391:3986 4.47509:5338 4.47904:5402 4.48421:5666 4.48871:5728 4.50088:5849 4.501:6048 4.65846:7102 4.66119:7331 4.66308:7447 4.68295:12707 4.69383:14427 4.69836:14491 4.70524:17004 4.71961:17164 4.73203:17321 4.8259:17561 4.84001:19043 4.85284:19180 4.86282:20036 
817 1404 297 1589 693 842 627 1614 1990 1672 1296 1369 685 1682 1427 1510 1556 1270 20 125 944 755 1983 1029 152 1012 834 366 2000 1947 1617 1582 647 115 1015 844 517 529 1685 1620 1438 140 1557 1365 1143 497 613 1398 54 211 1683 1595 1017 379 1256 185 973 192 80 1508 243 154 982 1764 1132 1596 689 371 1117 1699 665 1162 429 1309 1283 903 849 807 1359 136 1558 199 202 1495 214 1463 645 1032 506 1432 1489 388 756 456 828 643 568 1888 1409 455 322 1784 792 1239 1566 1607 52 1559 1844 884 1084 917 585 1448 1250 1515 1914 460 649 1743 1774 1623 1401 997 1573 1901 359 739 1692 1626 1466 672 1057 334 421 164 1121 480 490 1182 1955 865 795 1420 61 1374 1019 1737 1979 1330 615 776 1305 1328 614 119 1413 207 416 1054 1801 1631 1087 1067 1523 1258 1264 1379 470 954 1304 1300 1738 596 888 457 964 1985 1417 1105 1053 1874 441 94 1092 1093 652 1206 1361 1450 550 1227 108 1575 1325 1354 66 1507 275 1297 1797 410 28 1839 1804 198 1915 978 1142 412 309 1144 1416 1302 1917 1336 1293 983 949 1315 1008 1630 433 727 1527 1980 258 1912 875 1520 1277 821 88 886 340 335 1069 500 13 369 800 1933 358 1122 1306 329 414 1756 1230 626 684 50 1707 1493 1975 1219 1802 1153 514 23 1273 1761 1028 1996 1078 1381 1333 1399 
minDistance: 4.86282
cost: 246518
capacity: 199158
time: 20036
maxTime: 60000
LS1: 35937/37266
LS2: 486/1329
LS3: 0/0
shakeIters: 815
shakeLoops: 78
