3.825:510 4.27266:1415 4.33766:1869 4.36835:2003 4.37313:2350 4.40719:2431 4.45391:2558 4.47904:2761 4.4985:3151 4.5387:3638 4.55197:3717 4.56807:4042 4.58823:4770 4.59172:4839 4.62172:4917 4.63654:6335 4.63856:6563 4.67896:6779 4.71239:6915 4.71961:7751 4.75774:12382 4.76127:13302 4.7759:14573 4.77895:14701 4.79651:17553 4.79979:18292 4.8189:20230 4.82249:20284 4.84504:20819 4.84848:21197 4.85284:21306 4.87176:21470 4.88995:27386 4.89723:28051 4.90765:30551 4.92659:30766 4.93602:31366 4.94157:34245 4.94797:34928 4.97207:38353 4.97373:47773 4.97994:50032 
1315 1507 853 949 993 778 192 1379 574 1739 1761 137 693 1227 29 1206 17 262 1432 1205 1361 490 1626 455 709 1646 737 369 751 1556 1774 497 886 1250 1059 831 474 1399 1330 214 571 13 136 1416 1309 1709 1328 20 977 379 508 1359 844 1785 1182 1852 1446 500 1994 66 1596 1528 573 1620 397 1789 212 28 1482 164 1743 739 1051 499 577 677 1685 543 1409 1342 429 52 1486 1121 119 1816 782 1955 792 1230 1541 1381 1515 1901 1623 990 1229 915 23 1277 1391 636 707 870 643 1682 1468 410 1797 1410 1894 1706 1248 122 1540 1705 1595 1598 1417 68 340 491 1463 1917 596 476 1374 1283 1012 247 1423 1369 325 842 433 456 211 207 835 897 1614 1063 470 776 1357 435 229 176 860 1815 961 1356 1190 1738 1354 1239 1398 1365 275 1501 1420 613 154 964 1376 1585 1448 111 50 727 1513 194 1675 80 1106 1360 984 1264 875 412 1453 1819 944 712 1943 41 1947 653 493 1164 1983 755 1544 1040 366 665 973 1630 1466 1028 647 1876 509 109 335 1631 1407 234 301 1607 1814 1910 1143 1304 702 358 1090 726 498 414 849 58 1032 1350 152 1681 129 1552 517 355 874 795 1144 1153 1450 1193 204 295 1015 1400 1053 1073 1561 1216 1117 199 1857 685 1866 309 1874 1256 1804 1297 
minDistance: 4.97994
cost: 246031
capacity: 199205
time: 50032
maxTime: 60000
LS1: 36904/38198
LS2: 339/1294
LS3: 0/0
shakeIters: 913
shakeLoops: 85
