4.0779:905 4.11202:1136 4.1899:1497 4.20941:1672 4.23049:1812 4.37313:2369 4.3955:2919 4.45937:3342 4.46801:3559 4.47509:3648 4.5593:3781 4.62172:4053 4.65203:5189 4.65577:5252 4.66192:5408 4.68426:5535 4.71175:6412 4.71351:6487 4.72207:6543 4.76165:6615 4.82201:11015 4.83327:11082 4.8343:16986 4.84504:17842 4.85284:20707 4.86282:21464 4.87028:22130 4.89723:26212 4.90001:34831 4.93602:34978 4.94157:35708 4.97207:39538 4.97365:44835 4.97373:45473 
949 1217 902 255 491 782 1033 1007 1617 1680 571 161 176 1631 1947 1839 573 1614 194 395 1541 1012 770 11 1277 358 1825 853 199 1630 865 1556 23 1634 1815 164 414 1309 683 1513 165 204 1705 68 1403 410 490 1051 1803 1463 776 1248 973 860 1359 1446 122 509 1369 1520 1816 470 514 20 665 1053 1738 41 1955 1239 1461 1438 1175 58 369 1703 1121 168 1577 497 1432 1544 207 104 28 1487 1598 1405 29 565 817 1854 835 1450 1453 1361 1283 1482 778 1990 1234 154 179 309 907 647 849 1894 251 1552 94 1626 755 476 1250 935 685 1305 1802 931 934 1251 1743 1437 340 265 66 1980 1213 499 1682 903 1376 596 807 1391 1063 285 1993 1855 136 397 109 1379 335 1486 1536 1728 635 508 825 211 1105 1672 977 80 831 1620 1787 1230 1917 33 1607 1057 445 295 1106 1476 1416 904 1681 119 773 1216 982 1602 1420 1561 1479 1409 366 185 792 1585 1789 325 1528 1501 1092 468 1933 1034 247 739 1710 1225 1304 643 668 54 1383 844 1264 1804 1596 1398 653 1296 1223 108 742 749 140 1399 1153 642 1466 1872 1982 1182 663 984 1943 1330 371 1335 457 1205 455 1032 1834 412 433 842 117 1797 529 1410 1994 35 1143 379 801 1342 869 1229 693 1157 1509 1954 1356 1575 1983 689 
minDistance: 4.97373
cost: 245542
capacity: 199246
time: 45473
maxTime: 60000
LS1: 37704/38993
LS2: 345/1289
LS3: 0/0
shakeIters: 910
shakeLoops: 87
