3.63171:155 4.09011:939 4.27832:1430 4.36835:1716 4.48871:1912 4.55427:2431 4.58823:2943 4.59488:3085 4.62172:3280 4.62261:3566 4.63654:3674 4.65846:5247 4.66011:6289 4.66666:6344 4.68426:13219 4.70679:14199 4.71239:15098 4.72545:15868 4.72622:22569 4.73144:22790 4.74814:22864 4.74856:23036 4.79469:25257 4.80265:25711 4.82201:25824 4.8265:25917 4.82846:29375 4.85284:32327 4.86282:37616 4.87651:38647 4.87894:39504 4.88787:39621 4.90765:39692 
358 1229 1015 1507 1293 339 983 140 1400 192 1517 737 1143 1093 643 198 1399 74 1296 1175 1410 577 1705 136 1022 1448 1839 1644 875 1842 23 115 17 1866 1975 1675 771 1688 1573 194 792 1205 1764 521 159 1416 1598 917 500 1796 1996 511 1533 414 752 29 204 1360 1726 739 1182 254 1834 80 1142 1671 185 52 1852 883 1248 170 412 227 1157 1354 1603 1468 309 1666 28 964 689 301 512 1032 1369 1917 1092 1230 258 371 1053 665 1874 441 410 1825 1829 1264 13 806 1117 1277 1335 1258 1643 1409 470 1556 1753 615 457 503 1559 1630 817 88 613 949 1596 119 87 849 1976 1250 614 1979 202 1819 1680 1107 562 755 433 853 1743 1381 1359 1051 1012 1262 897 1994 1774 1164 778 1947 335 180 111 837 397 1351 773 842 1139 1379 1073 514 429 1804 1427 1482 179 58 870 596 199 1561 886 585 904 1181 1239 1620 1865 519 1315 616 1513 525 772 835 1059 325 1626 1710 1084 1861 984 82 751 1463 1955 652 1552 244 1002 846 844 243 742 645 1437 1227 671 297 75 834 1256 1304 936 1357 873 508 94 1785 1193 620 265 460 807 831 395 459 1420 1121 1614 1703 934 1382 506 1901 340 1894 1155 480 517 1835 1797 1407 251 1727 1451 207 647 1356 1631 1154 1361 884 66 667 2 1273 865 364 932 944 
minDistance: 4.90765
cost: 240970
capacity: 199277
time: 39692
maxTime: 60000
LS1: 35972/37273
LS2: 442/1301
LS3: 0/0
shakeIters: 826
shakeLoops: 77
