4.37313:1345 4.40719:1572 4.44862:1793 4.48871:1887 4.55197:2027 4.59172:2330 4.59488:2390 4.59637:2497 4.62172:3438 4.62404:4855 4.66666:5730 4.69762:6626 4.71623:7377 4.73959:8906 4.79123:9348 4.79469:9414 4.80577:9838 4.8265:10622 4.8343:11845 4.84001:16860 4.85284:17073 4.86141:40029 4.87028:40241 4.87108:46635 4.87723:47466 4.87894:47571 
1323 256 309 1994 739 1248 643 262 1561 1191 1317 527 934 1764 211 1682 1466 1403 136 1596 1067 508 906 667 1409 573 1716 1726 1225 1476 521 990 1598 1842 1063 423 831 349 111 13 1417 1193 1738 1240 140 1784 1814 1797 1427 1458 1448 15 1453 596 1255 252 1666 325 821 1979 1626 20 1256 253 1078 1710 849 621 1408 525 1712 1330 1229 502 1786 1815 334 1903 17 685 52 340 1371 1702 749 1400 1565 1806 212 1059 1264 1528 499 1933 742 1399 1657 179 844 1309 80 122 1681 1743 753 1513 276 152 1153 1318 1647 1785 1361 1277 285 397 468 1507 835 1834 842 1420 1121 164 28 1230 1182 339 1744 983 412 1885 493 1630 406 510 777 117 154 1620 859 1114 1437 1073 1656 722 1756 1614 16 1549 1320 529 1069 470 1552 973 1205 792 514 1858 1799 1213 1468 94 1923 1006 665 1604 73 936 1372 1875 66 1160 712 279 585 119 1457 853 658 1816 176 156 1407 707 1366 574 1463 497 460 498 414 1541 1266 869 115 1527 383 231 130 1479 1032 694 474 1015 284 1617 689 366 1416 1413 613 1689 1247 1955 395 335 304 1239 1432 1090 247 977 623 1423 1705 886 1347 29 1866 1383 534 1164 1828 272 1575 1996 1401 194 675 1356 795 860 410 1788 450 1172 652 800 1117 431 1477 1293 1644 1105 1051 1250 1874 1623 779 1515 708 202 455 490 1012 
minDistance: 4.87894
cost: 238807
capacity: 199231
time: 47571
maxTime: 60000
LS1: 36249/37542
LS2: 435/1293
LS3: 0/0
shakeIters: 832
shakeLoops: 80
