4.09011:777 4.26626:1759 4.27266:1978 4.27642:2258 4.38627:2449 4.44862:2681 4.48871:2961 4.48956:3898 4.55429:4718 4.56005:5450 4.58823:5558 4.59172:5674 4.60293:6717 4.62261:6857 4.65203:6929 4.65846:7028 4.66011:8452 4.67191:8674 4.69762:9049 4.70926:9206 4.71175:12534 4.71239:12595 4.71544:26250 4.73203:36443 4.75994:40422 4.76165:40492 4.7759:41516 4.80265:41586 4.80577:44887 4.81032:45661 4.8239:45744 4.82865:52945 4.83639:58802 
1839 1996 1112 543 1408 1995 211 1942 623 1976 534 1335 1448 1844 727 821 778 490 1756 932 1542 1819 1932 1181 1719 414 1894 164 1466 1283 1381 1401 1784 1975 1666 1127 751 1745 792 1206 690 1354 897 1630 1915 801 1247 844 1399 1413 1706 154 1205 1941 519 877 1596 1983 185 1227 470 1561 1273 1360 1371 16 1527 514 904 378 1861 1306 1087 301 1380 1229 1657 1296 17 647 80 737 1221 140 989 779 1015 309 831 1177 906 1040 1078 1488 198 1250 229 366 491 1598 1359 207 179 973 320 1051 1073 1545 1256 1172 1468 1830 1558 1743 1702 1193 1761 1030 1423 874 1902 1705 742 1982 194 258 901 777 842 247 225 1012 169 934 1121 334 433 94 521 1866 1886 1437 1427 1910 457 1605 1069 1620 1124 1315 1688 339 726 1052 1403 504 1143 1626 227 1248 1006 1817 1264 754 835 983 886 1186 23 651 1387 1130 1804 977 343 1182 1230 1614 1022 849 1797 1575 111 295 1361 1675 1090 1509 136 1054 1117 1320 796 559 1585 1842 1237 292 944 1985 1092 243 853 1409 1053 429 1350 192 316 340 202 1032 1059 119 1681 369 535 397 1656 739 745 1774 1631 870 412 917 652 1063 1309 199 1142 576 633 410 1293 1442 1154 28 1789 1164 776 508 693 672 1528 1738 358 1277 1420 1416 1330 137 755 920 596 1994 1002 1728 860 212 214 1565 1682 335 395 1785 
minDistance: 4.83639
cost: 245147
capacity: 199218
time: 58802
maxTime: 60000
LS1: 37240/38561
LS2: 477/1321
LS3: 0/0
shakeIters: 811
shakeLoops: 75
