4.36835:1543 4.37313:1644 4.40719:1785 4.45937:2006 4.47596:2322 4.47753:2396 4.47799:2456 4.49106:2646 4.51804:2827 4.5387:3800 4.55097:3860 4.58291:4179 4.5933:4885 4.62172:5043 4.63654:6953 4.63756:11632 4.68426:11775 4.70172:11850 4.71239:11975 4.72622:12735 4.73144:12882 4.73211:13102 4.7477:15347 4.74814:15403 4.79469:18726 4.80577:20080 4.8265:20789 4.82865:21433 4.83561:21967 4.84181:22116 4.85048:23167 4.86282:23561 4.88787:26203 4.90001:26265 4.90765:30361 4.91675:30580 4.9257:32481 4.93709:45357 4.94615:48969 
128 1084 985 1712 695 244 1626 577 1040 1073 94 1666 739 1572 525 844 1142 1320 1381 673 29 1894 822 16 28 653 749 573 1087 904 1903 1105 1498 1397 1552 1277 853 1682 1829 87 1453 1691 984 111 1542 1450 1154 1789 517 414 626 80 1612 1671 795 993 81 1738 1544 869 1153 949 115 633 340 1164 1342 1631 778 1401 1405 1328 1416 342 1630 1620 1947 1952 1309 285 133 1273 1596 1541 99 248 1866 1143 412 500 817 1486 1471 782 821 211 455 1644 1229 1293 1417 849 596 684 773 1463 1369 1994 838 266 136 1955 301 1203 1815 1476 630 1205 374 1063 1936 555 1513 514 1844 1306 17 164 1330 667 1672 1888 780 1057 470 932 1335 154 870 1461 574 875 846 1264 924 247 309 1689 886 1507 837 1834 767 1315 1409 1517 1170 1012 745 1051 652 973 1379 1376 52 755 506 1248 1803 358 68 1681 474 903 1230 198 1258 1283 1092 1602 35 689 1614 1182 643 1466 792 1654 983 1839 748 1446 685 1192 335 212 1739 835 1121 480 1365 322 1059 140 1078 395 1797 194 119 1761 1412 1420 1432 73 665 1943 1727 1359 262 1304 571 807 1407 1250 1032 1361 842 334 1598 615 1683 1457 931 418 1842 543 1399 1117 1349 742 1852 371 1367 251 508 1743 397 179 847 1296 109 936 1374 343 23 1149 1528 1053 
minDistance: 4.94615
cost: 237812
capacity: 199193
time: 48969
maxTime: 60000
LS1: 38453/39750
LS2: 363/1297
LS3: 0/0
shakeIters: 895
shakeLoops: 81
