4.11785:903 4.27266:1248 4.30914:1681 4.40719:2037 4.40973:2592 4.45391:2705 4.46801:3839 4.48421:4233 4.48871:4293 4.51864:4425 4.56807:4558 4.58823:4697 4.62172:4914 4.63756:4981 4.65531:5916 4.65846:6107 4.66308:6163 4.67191:18742 4.68757:19063 4.71118:19289 4.71239:19631 4.71623:21771 4.72861:22210 4.73144:25838 4.73959:30117 4.74856:52214 4.76247:52625 4.7759:55210 4.80265:55285 
671 4 792 1190 119 1117 834 959 334 1719 433 962 1680 1151 1631 227 1317 749 1683 1783 1011 1063 1219 455 1053 1230 1164 626 1073 1399 301 573 964 1830 1442 884 1412 1706 525 66 1994 1212 1438 498 665 1330 1508 973 89 664 1264 689 1789 695 651 1920 1340 9 1437 443 1130 1092 535 707 1306 1398 28 938 1359 904 1315 1069 1614 275 1409 1401 202 1432 1335 683 1296 1814 1834 1656 1630 1992 737 842 1702 54 1898 258 614 1293 767 1716 1012 1855 1153 331 504 936 901 20 582 1841 1817 630 1785 983 985 870 1996 596 672 886 140 1486 1828 685 898 1054 1410 1936 667 1471 379 80 52 1420 1239 1043 1333 1380 1396 1983 371 1626 180 534 729 1320 1712 1450 1541 1862 1839 543 1797 1502 835 1947 1017 1660 1051 1407 29 1309 1672 1376 397 766 1214 402 1408 1492 1007 1556 1659 461 652 82 1027 1466 1256 1598 194 647 724 1371 1743 1283 317 163 1717 459 425 1612 1361 961 1644 1273 845 1933 1227 621 897 1856 1590 456 837 1121 533 1354 161 801 1248 1726 1910 1078 709 1689 410 243 1575 1897 1277 817 1182 340 1761 778 859 247 1501 1788 85 529 508 1143 1669 108 1032 50 1886 1894 309 304 1815 470 1844 1176 1579 844 777 325 446 933 1738 485 860 1907 219 401 1596 1250 1112 1620 903 1802 1515 574 849 853 1995 1975 944 414 339 267 198 
minDistance: 4.80265
cost: 237711
capacity: 199225
time: 55285
maxTime: 60000
LS1: 33927/35231
LS2: 576/1304
LS3: 0/0
shakeIters: 699
shakeLoops: 65
