4.08589:840 4.26753:1302 4.31396:1713 4.33011:1867 4.33284:2773 4.36835:3008 4.37313:3203 4.40719:3305 4.41765:3746 4.46801:4016 4.47904:4088 4.5361:4760 4.55429:4901 4.61888:5244 4.62172:6230 4.65678:6801 4.66011:7685 4.66308:7905 4.66666:8377 4.68426:8434 4.71175:9038 4.75077:12684 4.76165:12738 4.76187:13438 4.7759:14057 4.81032:14139 4.8189:17946 4.82201:22219 4.82865:35138 4.85284:36775 4.86282:42174 4.87894:58460 
1153 335 1315 1764 1876 694 1498 1672 1017 455 1057 35 1400 849 28 1738 1713 1778 1117 1084 585 243 88 119 1943 1160 920 459 410 228 508 977 503 498 1786 414 785 52 1476 630 765 1053 1078 906 1032 68 470 1407 292 776 1230 1682 16 1513 614 493 1453 1239 1045 1237 1277 23 1486 1995 779 1157 835 202 1552 1121 1027 1631 136 180 645 917 1162 1164 1002 1872 1595 1229 1515 509 1297 164 1012 1354 1743 369 903 1408 1399 1702 1719 1490 1757 1783 1466 54 613 702 1681 562 712 1412 693 807 300 1868 1051 1213 1124 1105 639 653 331 577 652 637 842 616 1731 61 1617 115 251 1025 665 366 1728 523 456 1052 1979 1903 95 1990 853 73 1054 358 1190 1092 1759 1756 198 985 476 1379 1602 1361 94 1192 320 1309 1264 1774 1423 20 370 1888 1761 1616 734 844 1857 1712 193 596 1529 1450 1507 247 944 534 17 317 207 1350 1577 1186 412 1330 1359 1875 1908 860 643 1566 1858 1288 431 1598 1182 1413 1073 1372 82 751 1420 66 1296 1816 1596 739 1401 80 340 755 829 304 1835 636 19 339 1059 1614 666 1508 1626 1620 1842 1432 1747 1527 109 111 1090 964 1351 1666 1696 1528 904 1405 285 685 192 499 1143 322 932 707 490 657 1427 1994 1015 1293 1283 1205 875 984 211 1211 1797 1144 821 137 1912 973 936 1383 1533 961 1468 
minDistance: 4.87894
cost: 242546
capacity: 199170
time: 58460
maxTime: 60000
LS1: 37042/38325
LS2: 375/1283
LS3: 0/0
shakeIters: 876
shakeLoops: 81
