3.09885:2007 3.20527:2712 3.24446:3019 3.26308:3490 3.27495:4102 3.29489:4391 3.29582:5038 3.31057:5581 3.32941:7951 3.3482:8513 3.36611:8635 3.36639:10069 3.39971:10578 3.41418:10703 3.41548:12647 3.44692:12835 3.45074:15895 3.45304:18752 3.46283:19000 3.46415:19418 3.48235:20944 3.50344:21274 3.51498:21692 3.51915:24689 3.52787:26932 3.53025:28236 3.53078:29693 3.53169:33518 3.53488:37131 3.53676:42055 
1271 4 187 550 1839 301 1385 433 824 1680 549 1820 131 1996 1795 941 1943 801 1744 572 1050 952 209 1162 1664 1027 1535 632 900 1033 530 1286 412 993 1657 1569 1210 411 924 670 354 322 1182 1476 1100 141 720 442 1888 663 1229 668 184 1199 130 1351 1372 1844 1965 446 579 755 1109 1802 881 1397 1349 441 1028 198 435 515 1417 110 1194 1648 1966 183 115 1438 1454 519 316 656 1797 1067 1227 1935 1209 1980 208 1283 1634 608 1244 1274 732 1248 1315 279 709 1799 1653 1059 118 1180 782 1678 447 453 812 1334 1580 1520 929 1176 748 838 715 1270 1883 647 82 795 1486 358 1006 1994 541 28 843 976 102 874 1855 295 762 1767 193 1444 479 596 776 1729 803 18 527 408 1748 949 516 1777 870 117 1894 842 1482 1565 706 80 97 1637 296 667 829 506 560 1356 1310 1645 912 1246 1461 500 680 1742 1559 1307 367 236 1974 1172 1552 171 1918 917 264 1542 864 554 1630 300 984 1017 1088 1154 1541 1806 334 1371 1163 272 1029 844 1916 224 658 1304 1324 617 78 214 1582 1972 808 1579 1878 1116 304 1342 1703 1881 1708 1947 1849 1030 17 534 1733 686 325 1803 1629 150 1790 765 1544 378 1702 1817 1543 306 729 1299 1429 1093 1529 897 615 1092 159 1852 280 896 1912 1598 460 1607 140 308 1261 1328 1392 981 1772 1330 1796 421 1786 396 716 1134 544 212 173 1130 1280 931 806 1975 990 1813 225 1427 1701 1928 821 432 310 129 1652 1596 507 675 705 1696 837 403 1125 467 1380 1181 1801 249 429 1749 1612 1239 1692 1439 1590 320 1032 726 536 1023 1277 944 751 1113 555 180 339 1381 590 895 182 1646 211 1875 613 1143 1781 898 1570 1805 328 122 185 817 1273 708 724 1193 569 170 1665 1562 1011 1084 1633 2 164 1347 1822 956 1919 1000 108 1700 498 1012 509 1408 1838 773 1379 1080 121 1333 1155 1495 1114 1937 1437 247 74 1727 1490 875 1233 227 1690 1339 1263 901 1561 1766 836 825 55 1157 250 192 1556 1407 1620 1504 1757 1367 1042 422 1267 818 1317 347 1390 985 309 1788 476 462 630 514 1074 1846 503 1376 1575 778 628 737 1672 849 1179 744 1762 66 1600 1073 1778 902 891 1623 1667 245 331 431 800 219 1609 
minDistance: 3.53676
cost: 368681
capacity: 298771
time: 42055
maxTime: 60000
LS1: 18863/19750
LS2: 428/887
LS3: 0/0
shakeIters: 429
shakeLoops: 40
