2.96521:1091 3.06746:1963 3.09411:2256 3.10434:2458 3.31057:3690 3.33865:4003 3.36201:4503 3.39971:5149 3.41418:5742 3.43723:6226 3.44284:12266 3.48235:14258 3.48349:14636 3.50865:18596 3.51915:20344 3.52064:36053 3.52772:41454 3.52965:42727 3.53025:47071 3.53146:47284 3.53169:49634 3.53421:50010 3.54311:50747 3.54369:51052 3.54728:51397 3.55043:52126 3.56246:53567 3.57652:54166 3.58773:59917 3.59186:59992 
58 1211 286 1650 293 1966 680 1976 1143 161 536 1582 615 447 208 37 169 224 549 1799 1541 986 254 1495 837 1706 210 975 503 211 1195 667 1315 709 729 546 184 984 301 1349 421 137 1611 881 1979 431 1302 1486 982 897 838 227 214 498 1280 628 438 1844 1208 1893 1219 613 136 1692 1667 1629 9 507 1201 1385 1688 1965 844 1083 1080 1181 1915 596 1727 1737 1381 1168 1561 1401 1544 267 1665 82 1783 626 693 1469 825 670 17 1894 606 1050 519 15 842 109 1042 1708 902 1330 947 1943 755 734 1437 198 834 1041 497 461 1199 280 1496 247 1566 708 264 1024 1795 732 485 773 1368 647 158 1716 1537 1162 1683 1124 117 317 668 1427 1607 1429 1194 535 1412 1715 1609 1482 777 1759 1126 879 1763 1691 851 1666 1705 550 1356 1151 1369 929 1680 672 1762 1106 1909 506 1493 1261 1579 541 164 796 43 720 508 1391 375 295 1516 751 1244 1416 1267 234 1803 1632 808 1117 176 1227 843 1424 1881 1417 1258 1459 1478 529 1105 20 1935 66 192 973 1383 801 1552 1334 1299 172 1351 656 1971 864 1542 1509 1033 983 1408 300 1789 1739 371 55 1389 514 1019 255 1878 359 432 572 1160 1703 1229 1226 1434 1700 1263 1365 410 1309 1658 1596 1461 1490 1627 1678 991 1367 666 695 1985 1047 1155 81 1513 1975 887 1934 792 1574 1786 716 1030 904 1161 1983 165 1955 325 1176 1038 807 187 1091 1874 1583 279 1325 868 159 1257 265 110 633 441 1455 895 836 1164 1059 1784 1839 472 1110 712 573 893 412 28 1776 1040 1802 1376 1431 1506 357 1032 516 704 235 1333 1889 140 555 183 1720 433 1256 147 977 1556 1543 75 25 630 1247 744 316 985 706 4 185 749 795 143 355 1250 1598 899 354 378 1749 645 989 1798 1816 631 310 122 1846 1729 658 1630 1328 1702 900 530 334 756 73 322 47 453 245 1565 219 614 347 605 1372 1120 705 206 1573 1347 358 1017 532 1089 828 1781 1092 560 875 1407 1210 854 212 917 865 499 554 1221 213 1130 940 1377 104 574 303 948 1501 80 60 277 123 405 1428 1994 1970 1654 1817 1857 1324 111 1094 1207 429 1304 1361 170 1849 427 1540 726 190 1652 762 
minDistance: 3.59186
cost: 359858
capacity: 298779
time: 59992
maxTime: 60000
LS1: 18072/18979
LS2: 480/907
LS3: 0/0
shakeIters: 397
shakeLoops: 34
