3.04707:1343 3.05396:1730 3.09411:2297 3.32941:4049 3.3455:4334 3.36317:4568 3.398:6029 3.39971:6141 3.41418:6563 3.44539:7301 3.44893:11281 3.46908:12255 3.48235:16633 3.48349:18408 3.50865:18702 3.51915:19091 3.52772:20951 3.53146:28999 3.53169:30597 3.53676:31106 3.56018:40726 3.56272:42755 
1042 981 778 1889 347 1151 1791 987 1454 1333 647 1823 898 1230 296 1143 514 577 1283 658 164 1342 595 516 1836 837 81 1875 1665 1376 239 808 1703 115 1652 821 613 1956 1596 1825 410 1702 25 1211 1374 316 1126 453 387 576 887 234 1834 606 1973 825 211 1380 831 1476 359 421 37 1000 301 1546 1565 1438 1894 1717 1199 583 1748 709 498 427 1045 1965 121 1839 1887 1692 185 422 1427 1181 879 1168 1886 1012 1041 1109 744 184 1654 1457 699 555 1017 1658 1059 795 1294 1801 596 984 1220 1225 519 1730 1540 549 1817 506 1209 60 1634 875 1802 601 1114 1561 872 785 1437 173 615 357 262 374 1106 1334 261 28 1784 1163 1263 459 899 1881 1444 1691 300 563 13 842 227 1686 4 133 720 1110 893 360 1580 1700 1267 329 1918 1299 1089 212 1516 645 1258 158 877 1217 1783 1273 715 170 1351 1116 1974 286 1501 1164 801 550 1542 1781 534 1155 1271 1367 1943 306 334 1796 1277 1552 1670 432 1611 1330 470 1486 433 1878 628 1007 1201 843 1854 310 1262 1002 143 447 1910 1862 1309 182 1566 1904 1349 1347 949 834 110 554 1799 897 265 680 165 1506 1162 948 1304 108 1838 1778 1063 250 187 726 325 1560 1142 1495 1582 249 1626 902 183 1208 467 1107 2000 476 829 1736 1424 626 23 560 1762 1573 44 749 1324 1368 1008 765 66 1459 426 1091 838 214 844 1254 1598 1303 541 856 1678 734 72 758 1672 1105 83 1219 1705 1645 1157 475 58 339 1983 1030 614 1356 1966 1032 864 86 1019 732 1556 1519 636 1190 1649 354 672 935 1979 1391 171 198 1579 1280 993 1667 209 1448 123 1256 846 1589 1004 1708 1006 667 412 1520 1737 579 117 1601 729 841 1377 1846 303 1315 956 1915 706 535 1408 1360 378 1975 1610 762 1874 900 1010 277 784 1543 849 953 1505 1482 1833 10 1176 1428 1361 1227 500 1490 1630 180 1229 1050 727 1873 112 55 460 48 1696 456 1680 80 1541 536 1857 929 817 1124 47 573 17 1193 1080 280 1620 1954 1536 507 574 99 917 1189 1390 1727 1033 82 1226 1461 1027 140 1147 1933 1210 1274 1221 320 1623 1194 705 1609 1248 1407 111 245 1417 530 1094 1344 435 264 1446 20 1927 208 219 1364 1917 1369 
minDistance: 3.56272
cost: 368883
capacity: 298766
time: 42755
maxTime: 60000
LS1: 17848/18750
LS2: 491/902
LS3: 0/0
shakeIters: 389
shakeLoops: 35
