3.28106:2838 3.30476:3518 3.32143:4136 3.34235:4764 3.37693:5457 3.3837:8272 3.38736:8358 3.41418:9678 3.41548:11093 3.43723:13070 3.44151:13237 3.44784:15242 3.45074:15675 3.45667:21438 3.46042:21773 3.48349:21996 3.50197:23025 3.51915:23408 3.52148:26025 3.52787:27079 3.53676:29034 3.54311:33757 3.54728:35504 3.56599:35875 3.5671:35971 3.58277:39076 3.58773:39227 3.59597:40466 3.6026:43511 
1783 1051 709 1565 1408 1974 1652 1299 1344 109 898 1486 1304 1257 316 1969 1356 1700 801 907 981 1427 1785 1181 1894 331 1029 30 897 192 49 991 1992 1670 1516 1109 1623 1490 1495 1559 325 1437 1347 1273 1790 1796 262 1073 1424 1351 628 143 1428 1690 1965 401 191 1391 303 1781 498 275 901 1398 1562 1681 224 834 1983 1194 1041 844 447 680 1802 668 1117 334 1063 1119 245 1328 1302 1315 137 122 1976 647 480 1246 1448 1083 433 715 82 1994 150 461 1210 1833 1381 205 1482 251 1151 1645 1010 1338 1904 62 116 875 1909 1024 234 1501 236 4 794 1211 1857 917 1536 37 977 319 1280 1366 425 208 1250 1698 212 560 632 19 1042 272 1799 485 110 1971 570 773 1789 1025 431 1814 214 1702 708 437 289 1717 1846 1582 1179 1176 929 916 631 822 716 1369 615 1787 460 182 1836 873 1407 1691 429 695 297 308 507 1357 359 1467 732 1556 555 1924 1596 378 1696 412 1885 1560 421 973 1797 1244 838 1333 301 342 1367 1072 1360 1380 1002 1140 1054 837 1089 73 453 1541 194 1143 193 1886 441 1566 253 1376 1100 1339 94 55 1605 1561 1776 435 778 1429 514 1080 1164 108 1915 158 756 180 227 1208 100 410 530 762 1256 341 1476 887 1012 1862 80 1542 543 389 1633 1844 1891 207 569 793 782 1786 1017 159 1926 1763 1124 842 1632 828 596 1597 1188 726 825 402 426 896 984 1489 482 1091 121 549 899 1168 1334 529 1028 1015 209 1372 1324 322 1263 320 1120 546 35 66 1658 1267 765 511 370 1269 1634 1583 817 1019 808 300 1383 183 1727 1918 1006 347 1630 490 1454 117 1434 1048 1825 705 550 582 432 462 1654 519 1705 895 211 26 28 288 672 1390 185 500 295 1296 1756 1692 1937 630 219 1505 1601 1933 1839 1780 170 1875 1092 165 198 573 1579 585 1455 881 176 847 1831 879 953 1878 666 1889 1543 1687 1162 354 795 1680 1803 1258 749 20 1461 414 333 285 509 1229 706 720 160 1966 173 851 1093 1949 264 60 15 247 1887 1943 1626 626 499 1664 1716 1094 1050 535 25 931 541 1199 1227 1795 1368 1330 1114 178 1277 1535 1570 397 1106 1047 1762 1817 670 658 1207 
minDistance: 3.6026
cost: 370089
capacity: 298837
time: 43511
maxTime: 60000
LS1: 19319/20204
LS2: 425/885
LS3: 0/0
shakeIters: 431
shakeLoops: 37
