3.00766:1154 3.04707:1355 3.10726:1872 3.15911:2299 3.17193:2698 3.19773:3144 3.21616:3598 3.22906:3956 3.26344:4419 3.29582:4914 3.36611:5321 3.36639:7165 3.41548:8015 3.43641:13958 3.45304:16573 3.48235:18398 3.50344:19350 3.50452:22557 3.51852:27299 3.52787:27482 3.53025:37628 3.53078:38290 3.54728:46010 3.55043:54238 
1658 1596 976 1349 1796 1151 1778 1328 1561 193 1675 1427 187 1552 765 47 1802 572 1182 472 342 660 1028 22 1698 1283 1194 1481 1173 100 977 863 614 893 1425 1799 1717 1019 1878 726 13 194 1226 1816 1791 500 901 1045 319 367 1041 396 897 1520 262 1126 1632 427 1059 185 1381 1334 1012 1691 1239 303 59 1356 773 615 1067 1700 310 1506 567 730 1089 881 1181 1692 657 1509 1833 1976 1304 1091 224 421 744 1680 1542 455 941 502 1727 82 1456 630 438 606 109 331 4 817 837 1979 180 102 1390 590 1688 164 431 1256 1954 445 909 435 1589 347 1448 1455 677 482 790 991 212 1147 706 675 1786 460 202 947 793 1368 1598 504 433 1330 708 1189 952 639 1516 170 97 1367 1722 544 1495 550 838 272 1437 1823 1737 1244 461 28 917 844 15 851 117 1546 1781 1397 1767 1385 1803 35 530 1505 286 208 60 1652 1157 316 777 306 1149 843 334 209 1050 1384 1665 300 1924 1836 378 1496 1490 1176 895 720 1657 1929 110 543 1429 1248 993 1160 358 1366 1846 1042 1229 732 704 581 1030 1051 74 549 277 499 1225 666 1824 1083 1011 1819 1566 668 430 672 1536 1630 432 452 456 1609 280 628 1092 507 1955 108 929 1369 285 1839 115 613 192 1966 1258 171 1277 762 770 1705 227 1556 787 1565 25 354 1263 825 1016 1168 1974 1971 387 1143 1817 249 1956 1654 1943 887 521 1114 1667 801 1391 1084 982 1017 1965 1372 1886 112 1002 1080 1221 667 948 449 1887 981 1193 900 1585 1029 176 699 245 626 130 1324 1962 1380 529 1025 647 1484 686 1894 709 1325 1110 1407 1027 320 797 1715 1273 973 19 1351 1761 225 178 1461 198 778 705 1638 795 1376 498 944 1916 447 1162 514 155 1579 1299 1317 824 219 111 1033 1434 737 1208 412 123 508 663 1729 536 1131 1280 1438 214 574 279 1446 1124 984 453 1637 1933 1662 1032 1172 1855 418 1361 159 1910 479 70 165 716 357 172 1543 633 1541 80 133 875 264 1615 680 247 1199 848 150 1645 211 1494 311 898 246 1424 1560 506 850 729 1315 325 965 652 173 1192 191 1788 1834 1219 1762 1529 160 389 854 1267 76 1994 339 1010 712 516 1164 1975 1227 1307 1109 401 341 414 1795 1763 519 72 1333 
minDistance: 3.55043
cost: 368680
capacity: 298778
time: 54238
maxTime: 60000
LS1: 16187/17130
LS2: 574/943
LS3: 0/0
shakeIters: 345
shakeLoops: 31
