3.15911:2244 3.36639:3816 3.40674:4273 3.41418:5849 3.41548:9680 3.43723:13245 3.48349:13750 3.51915:14105 3.52064:15434 3.52787:16050 3.53078:16774 3.53146:17060 3.53169:26167 3.53676:52537 3.54311:56910 3.54728:58328 
1006 1315 202 521 1894 513 776 267 585 698 108 973 1230 433 1107 1978 897 1183 1823 396 170 1658 1028 941 814 1582 60 1795 1574 1465 875 1745 693 1839 62 1956 797 1116 1705 1344 1038 534 1875 528 567 1878 1376 1933 1263 762 844 1962 764 1529 115 1786 1787 421 1819 1168 74 1083 1296 965 1562 1448 1369 1446 1907 37 1543 264 1816 727 936 1171 1692 293 1277 1408 82 1855 1790 133 1307 573 652 1630 1309 1683 628 1717 1442 1059 17 1354 1556 150 1546 1654 1505 863 535 1324 1436 1700 1739 990 1579 837 246 1299 1806 895 952 1417 1762 55 572 342 1365 1966 1219 1106 898 977 1461 1478 347 1988 1802 631 881 1778 626 777 315 1817 28 503 1217 425 1270 716 790 1379 902 1541 1916 227 1629 1822 896 178 670 1240 1229 879 708 1000 1767 1330 604 1126 1670 251 564 1181 1162 212 183 1124 334 1304 441 1482 991 1333 1176 1605 1287 1935 191 1416 1317 1444 1633 574 1248 1852 709 359 1930 1256 1708 808 1893 447 981 1836 985 1151 1854 1255 1583 1561 1214 1784 303 529 508 1031 778 509 836 1042 110 1356 1157 647 732 893 316 1552 300 1662 765 550 1775 906 1660 80 1613 47 1105 1244 630 1652 828 247 1515 291 1680 1857 378 1781 1030 1437 414 744 536 1777 560 1868 1368 1507 92 555 1239 333 1501 1686 1665 917 1139 208 953 1110 737 1691 277 831 1468 1976 707 1427 755 1041 285 476 1258 1667 301 1064 613 204 1943 354 854 825 1035 1372 1844 1017 1486 1887 519 1325 1113 1495 887 467 704 1012 1980 370 1273 976 502 1776 1227 245 530 1666 198 949 726 432 1873 1927 1886 492 331 899 23 461 1598 931 1050 1632 1261 720 1347 1375 325 1664 1390 1380 547 794 1033 275 1972 171 192 1424 1382 1280 1783 934 1454 1179 214 873 1120 1678 2 1727 205 843 1092 25 1638 761 944 1367 1474 1080 1180 1100 297 878 515 801 1542 75 499 1182 1796 611 838 288 1194 375 121 1067 532 900 1951 541 615 1342 1506 491 1637 4 1147 982 1627 592 773 165 219 1019 498 1974 699 758 184 782 851 1351 1438 680 147 1381 81 686 180 1278 1334 1645 1589 1703 1350 185 842 1143 1091 506 514 1797 1799 1246 612 1794 164 756 1208 1188 268 211 100 1490 1339 70 460 1681 1965 
minDistance: 3.54728
cost: 365333
capacity: 298808
time: 58328
maxTime: 60000
LS1: 17890/18761
LS2: 467/871
LS3: 0/0
shakeIters: 388
shakeLoops: 37
