3.05396:1750 3.06245:2179 3.06466:2354 3.10434:2606 3.15911:3188 3.27223:4106 3.31159:4613 3.31747:5574 3.3455:6946 3.36201:7077 3.38076:7290 3.40382:7702 3.40674:9066 3.43641:9346 3.43723:10600 3.44539:12983 3.45304:14877 3.50319:16602 3.50344:19738 3.51871:20443 3.53025:22605 3.54311:23866 3.54654:23998 3.54728:32128 3.55043:34152 3.5671:47335 3.57488:48042 3.59186:49480 
902 1367 1654 187 193 199 461 1630 1305 849 248 720 717 879 680 1024 17 647 354 1195 850 1691 251 1029 1361 1123 639 844 1168 1822 358 900 1240 961 112 1490 1324 1124 1387 1561 1935 1748 219 1263 817 1737 843 1059 785 1227 1429 686 1909 1181 412 837 405 893 1051 1566 1495 1910 652 123 875 615 965 1688 1372 1211 1486 185 1364 1164 1015 1262 1151 1002 1334 432 1377 732 1516 1964 164 1680 1456 508 534 224 1705 656 1802 1463 1229 941 1027 898 1194 1505 705 709 1854 863 1781 1208 1199 762 1040 1063 81 108 1612 535 100 895 1128 1412 1933 445 1665 630 1033 1925 475 1946 1407 1244 178 917 301 1330 1154 1424 1708 1739 1670 1978 1546 1498 357 507 115 631 1975 1032 795 1875 514 1626 873 1683 111 549 247 1017 1667 130 1075 1556 303 1474 1100 778 1302 9 245 194 1817 643 864 460 1976 213 1042 1050 1126 519 1730 485 1915 981 1652 410 726 1417 657 191 574 1360 596 1446 1091 1894 569 1333 479 1119 1315 1300 560 1347 1862 708 470 606 1041 1889 1582 897 1114 374 498 825 1176 1966 119 285 159 1273 207 447 198 1226 1376 1383 1267 184 1570 429 829 1717 1349 838 1629 1118 499 131 1868 1943 1878 1727 632 110 92 264 1304 613 633 192 1678 1006 286 60 468 1299 737 1560 1536 716 1627 503 1544 1844 626 506 261 1756 544 331 214 1437 14 1825 1598 991 1541 1479 1846 277 1283 1120 1857 947 246 300 1658 28 1408 182 1030 211 865 1501 1918 1461 1368 1502 1427 985 448 1257 1738 1855 379 516 567 1506 1596 1093 555 881 30 1121 1795 1478 612 1380 334 704 1307 765 117 102 573 320 80 940 1047 1927 585 1816 1577 1089 1106 1973 244 23 1994 316 1696 1428 227 1609 1720 907 4 1702 1729 1783 1974 339 234 1703 433 1025 1092 824 973 614 1465 414 73 1979 1881 1280 1552 1356 530 1977 668 828 1019 1891 773 1454 990 359 210 272 658 122 1291 208 297 1203 982 462 1064 706 1277 1328 1954 572 891 384 834 793 311 1632 1884 1971 1371 1814 55 1116 1256 280 170 176 801 74 868 794 1162 1719 1589 1786 453 378 1803 1763 1467 929 212 1540 295 1583 944 1542 
minDistance: 3.59186
cost: 363451
capacity: 298778
time: 49480
maxTime: 60000
LS1: 19102/19975
LS2: 384/873
LS3: 0/0
shakeIters: 461
shakeLoops: 41
