2.89481:688 3.06245:1753 3.0766:2133 3.10434:2494 3.10726:3082 3.11137:3346 3.15911:3817 3.25451:4781 3.27495:5351 3.28148:5674 3.28919:5864 3.29582:6182 3.34759:6936 3.36201:7256 3.36317:7555 3.38717:7897 3.42658:9060 3.43641:10676 3.45074:10814 3.46415:11097 3.46908:11235 3.48235:12866 3.48349:13112 3.50452:13535 3.50487:15270 3.50654:16855 3.51498:17215 3.51871:19700 3.53025:20026 3.53078:22476 3.53528:25172 3.53543:26412 3.53676:27561 3.55001:35781 3.55043:36057 3.55856:38390 
1652 1454 1716 720 1051 1994 390 782 1032 583 1756 1059 1347 396 680 1164 1868 521 1516 421 1673 1428 1417 267 1986 1328 1495 825 115 296 193 433 1168 715 82 1849 1089 1390 672 397 1042 626 1387 637 1566 940 1632 550 1315 1050 895 1658 429 1407 456 1918 762 881 1162 17 453 508 460 1304 563 1806 1649 5 1787 1727 1391 300 929 435 60 1263 868 236 87 1801 744 28 897 699 1151 549 1199 1017 1073 412 755 1227 519 693 367 358 506 619 1565 264 931 1155 1299 179 245 502 708 1680 1783 447 1121 1873 331 615 1367 530 668 1465 1229 73 1100 170 849 842 1579 384 900 1259 2 150 1702 568 255 180 1789 838 176 100 1234 1244 459 670 1225 797 514 1474 1670 462 219 828 1861 1041 295 1334 117 80 1803 1839 973 359 949 507 185 652 1706 1161 843 355 1372 756 316 1582 776 1047 933 1273 1114 1633 947 821 1302 1211 574 1604 1659 1033 891 479 272 184 1501 1377 165 171 1351 1544 917 875 347 893 1513 1700 1408 503 1509 785 1461 1796 1529 1486 976 1962 1515 1956 1955 1943 234 227 1361 1309 1349 582 1583 961 143 906 1409 977 1424 1056 1092 1887 1562 1194 1645 628 4 202 1256 110 1478 210 475 1974 1064 984 732 1542 1380 333 1040 822 1983 1307 1749 277 1238 1481 647 1181 1552 1176 1116 801 140 1556 1496 1657 1330 306 303 737 1790 336 1705 342 1157 1265 339 1573 901 554 214 1109 1728 1799 1333 585 432 1277 1446 1692 212 1080 1072 1342 1459 485 1493 137 667 1730 1878 898 211 1797 441 9 657 1630 461 608 1766 1179 224 709 857 122 1325 1846 673 1795 829 863 1506 613 981 555 328 498 1729 952 1457 844 1600 1246 1971 535 178 1781 55 1110 1490 1006 1048 1067 778 1280 1975 985 491 1427 1909 1124 1210 1365 1596 1517 760 204 1448 1376 194 1029 1239 1145 1368 632 1193 808 1126 587 325 546 1274 795 993 1219 870 1862 1019 1844 1505 658 1324 414 1678 1764 1541 1664 1038 1654 601 630 1687 653 1208 1207 807 1412 470 1416 121 249 1356 1894 334 164 1271 1258 1686 320 1667 1344 354 1270 499 726 14 1437 688 1240 509 297 208 247 378 
minDistance: 3.55856
cost: 362721
capacity: 298751
time: 38390
maxTime: 60000
LS1: 19066/19928
LS2: 401/862
LS3: 0/0
shakeIters: 425
shakeLoops: 38
