3.00258:1589 3.00766:1740 3.09411:2520 3.21265:3216 3.23022:3640 3.24446:3735 3.28919:5443 3.33865:5795 3.36317:6319 3.38717:6822 3.39027:8177 3.39707:8735 3.41418:9157 3.41548:10416 3.43641:10786 3.44321:10950 3.45074:11044 3.46157:11850 3.46908:16285 3.48349:16901 3.50344:18287 3.50452:18423 3.50865:19414 3.51412:20607 3.51871:23385 3.52064:32616 3.53078:33485 3.53146:36106 3.53169:36189 3.53543:40190 3.53676:44729 3.54055:57190 3.54332:57905 
628 893 399 1094 550 379 1304 4 66 667 1692 1582 1412 1181 516 1473 543 212 977 1665 672 411 247 110 1839 1632 1390 985 425 1041 797 1258 821 647 1073 1675 319 1964 1596 430 1034 716 1031 1325 10 1110 777 1927 1513 1691 176 606 881 1583 1194 1652 856 1176 1494 1120 780 185 164 1648 464 1092 60 453 1372 879 765 1050 1330 317 479 1199 1213 119 358 1011 412 1374 1645 297 612 814 1175 1983 541 1106 334 1816 1383 554 1627 1171 615 1360 1543 117 726 227 825 864 165 1690 354 773 249 396 999 421 1609 378 236 705 1516 461 1623 1027 831 1928 1227 897 1168 1798 1457 1267 1454 1195 264 514 1658 1561 889 1280 652 1562 192 36 778 837 1698 904 1894 928 1155 1256 1933 513 744 1240 1717 1299 776 1868 900 122 246 1474 887 1296 630 1490 756 1333 1434 1495 1151 1844 1509 108 872 193 1328 1638 433 1556 929 1598 1801 459 199 758 1857 1059 1915 902 878 80 572 1000 555 259 1274 295 806 1686 208 1955 509 536 1566 482 1124 460 709 1248 219 1063 183 1577 272 528 704 1728 901 401 471 849 579 1702 982 1354 685 1380 1762 347 932 1772 1823 896 1541 1424 635 331 1407 1010 614 370 656 366 70 981 984 23 931 498 880 500 1910 1088 35 130 1351 1574 198 917 1965 680 472 808 55 1324 475 1775 414 1091 1437 949 1878 800 1972 1080 1824 1214 792 1126 1379 432 567 1542 740 1019 899 854 1261 1767 762 209 308 1192 30 873 549 1315 315 1729 1700 686 58 907 1368 1786 1239 771 1956 1683 670 1817 1952 1486 1619 306 1659 1219 1966 115 280 657 1455 1329 973 875 795 211 1680 838 1030 1795 1221 742 316 52 732 1830 693 1505 1461 1164 1630 1797 1904 1777 397 1634 1506 429 573 526 1100 1356 511 1552 194 1273 574 1515 1971 325 322 1667 1208 695 1974 1836 508 530 961 359 1846 720 447 956 1916 712 1710 293 1246 72 737 1802 1637 1536 1529 535 1182 1408 817 1247 342 506 1401 842 1884 143 97 613 895 112 1098 585 1444 102 1595 118 1344 527 202 1391 204 1979 1501 277 300 1654 1376 1496 1612 1342 1937 824 844 1994 1790 1834 435 1670 1427 1367 1244 843 1229 1130 1838 631 82 948 363 1042 916 
minDistance: 3.54332
cost: 369621
capacity: 298807
time: 57905
maxTime: 60000
LS1: 16034/16931
LS2: 505/897
LS3: 0/0
shakeIters: 359
shakeLoops: 30
