2.80619:278 3.29416:3069 3.29423:3168 3.31747:3536 3.41548:4658 3.41746:6064 3.43641:7333 3.45074:7492 3.45304:7716 3.48349:8391 3.50344:12823 3.51852:14266 3.52064:14498 3.54311:15937 3.54332:16206 3.56246:16491 3.56569:25267 3.57488:35440 3.59186:39462 3.59548:58890 
387 363 631 667 1006 991 277 117 509 82 198 762 1659 1799 325 180 1318 164 405 208 801 316 1377 247 920 354 647 1762 1017 1708 1515 1720 842 1227 159 1126 60 1824 864 58 1162 342 630 102 1925 1367 1839 1219 1317 1195 1168 161 1267 656 1105 234 1124 573 1032 1244 1107 322 1209 261 1965 427 824 460 838 1042 1817 693 245 940 1155 1258 1261 1089 1157 541 1836 1695 514 1927 80 1509 1700 1143 1786 1976 516 1501 1368 1094 715 1199 1654 461 1846 55 1802 432 1047 1570 456 1106 1868 235 1565 109 1541 30 438 1277 896 1756 1208 1435 1658 1887 1454 765 1140 668 1347 308 74 1304 1937 1210 1492 887 854 1484 1093 755 1569 86 615 1980 1091 1783 849 1556 782 751 592 1413 165 795 534 506 756 708 1280 497 1915 536 1703 1151 1664 1344 544 1702 837 817 1516 66 1559 532 677 737 614 985 1862 300 929 879 658 1380 1933 28 1092 1781 982 1495 608 519 1886 253 1507 1546 1288 1429 1240 19 1407 108 734 1796 1542 1187 1561 732 666 49 286 1000 1630 264 272 499 1334 1114 1455 204 1748 1820 777 808 447 1749 1696 1350 503 143 585 1717 9 953 1302 1397 1063 1376 705 25 1051 1935 1667 1075 507 296 1975 136 1263 100 214 227 1342 931 176 1889 1176 778 1029 858 1437 1059 1372 1050 1325 212 1333 475 529 131 184 174 613 1707 110 357 981 680 1476 728 17 1412 844 990 843 339 917 706 73 1428 1822 900 275 1974 530 1594 192 628 973 716 899 289 535 1994 422 944 1583 1705 881 309 1229 902 1120 1192 412 280 976 435 1351 1034 1681 935 410 1113 785 378 1652 895 1027 1117 1971 1727 1763 1680 572 1979 1490 1670 1390 1973 1891 1339 414 1795 1790 1797 1857 1360 825 1448 1019 1505 1315 898 897 1221 306 1438 1330 421 1596 1041 1434 1690 1482 441 1457 1778 70 709 310 1966 549 334 1356 1854 244 1299 401 901 1943 1349 550 660 202 191 872 130 1916 1369 4 851 1033 183 333 219 453 1030 1324 1844 1461 295 828 1683 1803 1247 1486 1894 1552 1379 726 1589 498 626 170 948 1444 1629 1256 1028 1194 555 1427 224 744 720 1535 595 1612 1181 1230 773 1338 211 1579 515 1990 1615 23 479 1692 1080 
minDistance: 3.59548
cost: 359662
capacity: 298731
time: 58890
maxTime: 60000
LS1: 19310/20165
LS2: 389/855
LS3: 0/0
shakeIters: 446
shakeLoops: 42
