3.19055:2009 3.24653:2198 3.29416:2819 3.31057:3592 3.31747:3686 3.33865:3858 3.37221:4281 3.39971:4978 3.40404:5490 3.41418:7600 3.41548:10240 3.44123:14397 3.45304:14919 3.45349:15527 3.46042:17631 3.46283:18670 3.46908:18865 3.51871:20829 3.53164:21098 3.53169:21173 3.53528:33414 3.53543:50891 
1756 1256 1710 1634 1412 1258 347 1868 898 1050 1839 1700 1205 843 1227 453 647 1559 1884 708 1191 834 1424 511 845 194 1374 672 238 977 33 1596 1933 1910 1937 171 1795 1456 1408 1176 1368 131 1552 1680 903 1219 1612 953 1556 465 1702 887 1356 1727 801 31 875 47 1171 499 1075 630 1210 1250 1094 1579 247 202 1073 1916 109 1542 60 734 454 758 929 30 1122 1926 1972 1199 336 961 873 771 384 1697 1293 899 985 461 795 491 1124 872 1280 1274 635 793 1720 1351 917 948 335 1229 1360 1582 1211 1444 1904 1583 709 1555 1502 339 1364 82 536 1000 1976 303 1862 325 333 614 1966 1246 1121 1739 118 856 715 1658 907 1637 850 1633 1536 1092 666 150 408 66 1181 706 744 1692 435 1886 1776 982 4 1956 1992 115 1667 1540 1028 219 1372 292 1799 1975 1506 28 638 1486 259 641 1794 1032 782 1410 1630 225 1221 1515 534 1027 438 1019 1437 99 514 1733 301 762 1114 1399 881 900 83 949 159 1652 1126 185 264 295 479 527 1042 70 1638 432 506 658 726 1059 1821 198 838 940 1717 1541 572 732 1688 1330 457 1024 297 476 993 865 705 1267 1373 693 817 59 879 13 652 509 645 1887 249 1654 1748 680 1979 245 1029 412 58 1643 737 1789 1429 893 1448 378 397 756 472 1425 421 560 684 1687 1377 897 657 35 1427 1509 334 120 1230 130 1817 824 1690 828 1190 183 521 204 1151 97 554 519 507 1226 1664 460 1041 794 1561 1380 1476 837 1283 280 1106 410 1157 433 1002 825 712 447 1417 285 1385 1598 1244 778 411 211 1328 354 1007 1801 227 686 1719 1305 462 1705 981 1802 1407 1339 628 529 345 869 1325 1889 1062 359 80 539 675 1775 670 1315 110 550 901 316 1878 55 555 1806 1261 1570 1078 615 1626 1543 482 685 209 504 322 1376 785 753 141 1627 431 1180 1493 1273 1562 1645 1671 1454 1928 503 396 212 1164 1390 1846 1563 1333 233 178 1324 1172 300 573 1834 304 1271 100 808 1788 23 1347 1098 1461 1927 1367 427 251 1490 1943 516 1401 1994 583 467 133 1791 720 1334 308 1455 1248 277 1286 1959 123 1063 1225 1894 180 612 441 742 1080 414 936 984 608 74 669 563 1678 
minDistance: 3.53543
cost: 368260
capacity: 298862
time: 50891
maxTime: 60000
LS1: 18983/19847
LS2: 410/864
LS3: 0/0
shakeIters: 432
shakeLoops: 40
