3.17193:2765 3.2832:4332 3.28919:4546 3.30803:5122 3.33865:5437 3.3482:7237 3.36639:8467 3.39971:9527 3.41418:9967 3.41548:10058 3.41746:11014 3.43723:11237 3.44784:11324 3.45074:16125 3.46157:17717 3.50344:34350 3.52751:37486 3.52772:41594 3.52787:55156 3.53169:55279 3.54311:55905 
1367 1598 1280 1975 709 500 1407 504 1325 431 1211 1030 1490 295 25 306 1042 854 1106 573 234 647 1695 895 214 1149 1838 331 254 1670 1267 470 1041 150 1422 828 97 264 432 812 737 55 1491 300 194 1634 1012 429 516 235 1966 572 1507 82 333 1916 514 159 934 881 75 633 1015 414 1092 1541 1459 1263 316 749 358 66 652 1702 1254 1080 879 1040 161 118 1852 311 251 1501 615 824 650 1221 1566 944 1168 628 1994 1369 961 1680 1446 123 541 136 422 1002 1171 1727 773 1692 1151 932 247 625 421 836 1438 1051 613 667 705 1121 1050 907 1376 354 1705 1180 1846 507 1965 80 1831 639 1368 207 1857 1799 73 1959 1962 947 990 1833 1108 17 923 110 560 795 720 887 1454 1927 875 1208 1150 397 1094 1032 28 868 1748 1127 1006 983 4 672 1613 1179 1802 549 1025 248 544 1457 846 897 1943 1889 1764 710 1535 1390 1579 1126 1416 1261 849 190 222 1915 808 1666 1715 1894 1334 296 317 506 1708 1229 334 310 825 111 899 1199 184 1311 1756 143 1478 716 485 1845 1682 1637 1328 176 579 606 843 1612 658 395 1155 528 458 612 1358 219 1703 1701 656 762 1629 1226 1377 550 60 498 1868 453 1513 1796 1570 1315 1776 1408 1878 1976 204 47 1798 325 347 1786 1910 864 192 1781 975 503 985 1309 1047 5 387 704 1031 1481 410 991 238 1737 1005 1059 1189 935 1556 1596 171 817 900 1021 1536 1152 1980 389 1543 1194 1540 183 227 1643 1865 1546 378 1181 1665 208 726 519 447 1744 973 1696 1246 1730 309 755 1116 1113 1974 1839 1495 801 1970 81 22 245 585 554 164 685 568 555 1933 870 1033 433 1562 596 778 293 1683 728 102 1749 756 1763 1739 1162 502 226 198 1630 929 645 834 412 303 1351 1604 467 141 577 115 1157 1381 707 173 441 224 670 1667 1124 1017 1210 1461 982 1780 1956 1010 359 1330 250 1842 180 1688 1448 1172 277 732 989 1909 1783 1201 364 837 1176 401 1258 1314 632 744 165 280 249 301 1324 1691 1652 1954 210 23 576 1093 708 211 1582 74 1109 1887 842 1816 699 680 1420 1772 1844 1455 1874 955 1795 479 108 1133 1147 569 1552 993 1542 1286 1978 212 1875 1627 1817 1803 1038 1824 1482 1274 789 1342 460 2000 
minDistance: 3.54311
cost: 367555
capacity: 298813
time: 55905
maxTime: 60000
LS1: 18642/19546
LS2: 462/904
LS3: 0/0
shakeIters: 421
shakeLoops: 37
