3.26094:2374 3.28106:3072 3.28919:3316 3.29305:3581 3.29416:3732 3.3455:4737 3.36201:5705 3.36317:6277 3.41418:7731 3.41548:7873 3.43641:8901 3.44284:10446 3.44692:14725 3.45304:19265 3.46042:21333 3.46283:23123 3.46415:27744 3.48235:32924 3.49808:33398 3.50319:33503 3.50344:33753 3.51498:33922 3.51871:34297 3.51915:37849 3.52787:40253 3.54311:42868 3.54332:47498 3.54728:54898 3.55504:60001 
1582 875 385 1886 427 425 755 1633 1334 296 1962 193 1965 1299 15 953 1372 1033 573 164 1594 1315 1416 1733 1910 247 342 1126 817 397 749 1778 254 1407 941 985 990 1844 1596 893 115 371 272 1091 456 1556 224 1060 984 1438 632 1080 1634 1732 1408 1042 1454 652 881 1429 843 1181 797 1296 270 592 60 708 549 499 608 1385 647 1537 1535 248 1610 1868 896 311 1330 1654 303 185 1376 887 1875 1645 1652 601 1502 447 642 1271 1909 1746 1427 844 1180 354 102 1943 1646 204 1824 116 986 784 1918 1956 227 1692 1966 1101 712 1563 1356 1552 1094 1041 1702 1680 1739 554 1455 1248 737 675 1583 530 912 1437 198 1361 1825 1176 190 812 1505 1017 62 1678 1050 1857 316 847 1490 487 4 176 253 668 1333 234 539 1482 535 1149 55 300 973 1193 433 1481 1398 1304 976 849 1706 1283 1028 837 214 70 615 264 479 1801 1803 1239 1688 1802 1529 1424 534 1971 1010 421 1073 1972 445 808 117 1116 1194 453 1542 742 901 225 251 1225 726 285 275 521 1901 720 514 1541 325 1377 1195 74 948 1665 82 1727 1699 22 1027 1143 1823 900 1561 1637 1705 219 1781 130 1255 123 536 770 1630 705 794 1565 1210 864 688 1776 109 378 35 1817 1891 507 485 1267 633 1787 1280 897 1545 658 133 1403 1737 626 1092 66 1888 1162 977 414 1113 1220 795 1325 1119 1109 762 1351 1151 1093 472 952 1124 879 1570 868 929 1257 1763 1030 1994 320 506 842 596 410 1434 785 1855 212 339 519 902 1536 122 280 1211 699 680 246 180 1059 1876 277 793 1072 993 1262 1051 121 1274 1012 1959 1205 347 100 1251 1461 1025 1659 1367 279 194 462 975 1799 431 1667 170 569 1258 47 715 211 1683 1106 613 171 1107 498 639 563 1579 1666 1632 28 80 1546 245 989 1179 1937 1369 1208 635 825 1067 1002 582 1256 1324 178 515 229 801 1164 709 1638 223 108 1199 544 669 1277 331 461 503 907 1244 895 630 1687 110 1168 500 1469 208 1980 1226 1495 850 944 1543 822 1338 672 807 529 1894 334 1686 187 1478 1839 838 17 899 1762 1183 1476 357 1371 917 848 821 1390 693 355 1446 828 359 1029 607 1977 1368 460 606 432 
minDistance: 3.55504
cost: 368895
capacity: 298776
time: 60001
maxTime: 60000
LS1: 18154/19040
LS2: 457/886
LS3: 0/0
shakeIters: 400
shakeLoops: 35
