3.25696:2682 3.29181:3292 3.33865:4599 3.3417:4757 3.36317:5388 3.37609:5734 3.3837:5946 3.41418:6574 3.41548:7232 3.42687:9321 3.44784:9595 3.46202:9799 3.46415:9923 3.48235:11743 3.50023:13476 3.50168:13951 3.50344:18091 3.51915:18711 3.53078:21971 3.53169:32952 3.53528:33055 3.53543:40373 3.53676:42310 3.54728:48394 3.55043:56329 
1696 81 515 1050 549 590 1596 102 900 1561 1041 1956 864 316 164 838 1627 82 1966 309 1475 1318 15 1091 1437 410 931 1379 1650 1229 564 222 1000 652 812 705 1535 1974 712 238 1239 647 1652 990 1436 797 233 1385 996 1814 1849 1369 680 1181 846 1093 285 1544 1664 1356 556 1915 347 985 982 530 506 800 247 817 1371 185 1051 1032 630 1891 1598 449 104 1825 1570 1786 873 1681 1227 92 638 259 790 78 1556 1325 1649 1034 1495 491 1208 207 917 284 1692 83 35 121 1565 1315 1280 1429 1783 1271 1486 1199 991 511 1094 1383 159 1943 1299 881 1063 1834 666 1910 10 1972 1633 30 632 1819 1347 929 626 1005 519 300 49 116 1691 751 165 303 550 1251 1577 1012 672 1529 1971 1763 729 1267 209 560 1855 1687 628 1031 897 615 869 156 500 1030 25 709 1459 1277 1151 211 1455 720 688 1589 1916 334 1427 727 1192 1648 879 37 198 1107 1870 1372 896 1230 1334 1087 1680 1376 170 1516 1727 1350 55 1795 782 837 755 1705 4 1894 1634 462 254 301 379 844 1117 795 1846 331 1154 944 1637 1438 1886 1839 708 308 1092 822 1802 544 208 1542 596 1700 499 250 1794 212 431 1778 1368 1451 109 465 472 981 868 1476 1509 1098 322 60 325 507 794 1564 1975 850 1444 1273 554 1390 1053 613 1461 447 339 801 1002 1124 433 1790 1536 1933 108 887 1817 1501 843 899 1667 668 280 1749 1541 1360 750 796 236 1520 1027 1717 1010 1330 773 658 310 133 80 645 1579 1490 1203 1582 1121 863 224 893 1630 1119 1114 825 569 1698 1844 1162 656 1952 459 715 349 188 264 674 1729 1367 1924 875 28 320 1976 130 1126 1080 476 358 1210 158 1688 1274 180 529 100 828 1194 1456 286 23 904 1697 1857 1654 412 849 277 1678 1823 378 732 749 72 1045 427 1359 509 1262 1552 1042 112 1803 204 117 635 1780 20 535 1223 123 1106 1248 1878 514 245 1351 1105 1563 1176 143 1381 97 1407 1118 1965 1796 359 1690 762 726 421 74 1333 1876 1417 306 1434 62 1029 1380 227 354 984 778 977 435 453 1017 961 452 770 1858 110 1543 192 1160 993 178 1540 1342 
minDistance: 3.55043
cost: 369348
capacity: 298742
time: 56329
maxTime: 60000
LS1: 20065/20960
LS2: 382/895
LS3: 0/0
shakeIters: 488
shakeLoops: 44
