3.09411:1416 3.12559:2011 3.18961:3179 3.19477:3306 3.28012:4235 3.28228:4810 3.29489:5766 3.30803:6425 3.31057:7612 3.31159:7738 3.3482:8718 3.36317:8986 3.37454:9577 3.37609:10003 3.41548:12927 3.44151:30274 3.44584:30796 3.4463:32519 3.45074:32742 3.45304:34388 3.46042:39131 3.46908:44361 3.48235:56179 3.50344:57733 3.51871:59220 
1042 194 1220 1918 1703 652 1239 1233 1046 1194 1050 310 378 219 311 1626 709 1333 1544 1126 838 20 1695 44 1054 1012 316 37 296 1495 1357 354 99 322 460 140 1927 560 1817 849 9 1017 1645 1000 1081 1258 569 817 339 1833 875 695 236 808 1047 1915 897 445 583 304 795 3 800 1520 570 387 1080 1092 1193 246 334 1702 347 541 1255 1315 457 1630 528 1561 471 1401 187 554 73 150 1098 509 990 108 834 656 1330 1325 1459 211 1657 953 23 1157 357 1332 1304 1496 1894 1762 185 1686 291 1416 1338 613 1885 379 1597 1002 207 617 1006 1966 367 1160 1541 1214 1381 184 657 1100 1107 225 1556 1376 1652 1643 1385 1407 303 1143 1274 117 744 1147 1801 1873 1680 1339 212 825 1505 929 110 1229 80 70 503 1428 325 821 572 402 666 1040 520 1683 1093 1307 1727 1975 1164 564 1962 647 1019 1664 1207 519 899 25 842 686 527 1875 1221 674 342 176 57 1646 1974 459 584 515 949 680 115 1287 1862 190 1761 1432 675 1308 977 193 989 1351 684 896 749 301 901 1486 499 534 1720 1582 1565 82 401 1074 715 129 773 1612 658 390 1705 1176 985 1109 982 794 46 1570 1979 1507 143 776 1127 1334 705 1910 171 1199 1011 941 1181 226 1609 1227 1795 1994 1824 1038 50 1349 137 1708 165 1075 549 1256 1610 778 1778 1902 1437 62 247 4 1700 92 608 1596 1368 275 1172 1563 391 447 863 453 234 158 1424 285 60 349 1844 198 864 1283 1280 536 1667 507 1672 421 1267 306 1297 405 1151 1089 639 1091 214 641 498 109 1084 628 1857 224 1183 1543 1613 1189 173 411 1271 843 630 2000 1367 1005 699 1372 1476 625 1461 1309 514 645 1965 530 1124 1031 555 807 797 1024 1168 300 1839 1632 467 1633 1542 455 1342 720 1692 550 1956 87 396 1648 1855 245 102 975 1403 1208 1490 429 227 1427 485 801 881 1506 433 1390 837 202 500 755 993 1870 672 100 286 516 1237 119 1809 1310 1032 1010 1878 1803 431 726 264 1210 1834 887 1033 414 879 1666 898 1180 1560 1415 1954 341 1838 782 792 48 123 615 732 28 895 359 1796 461 26 1916 542 836 1347 1162 1171 829 734 1384 973 1130 1029 1598 1789 590 78 1536 1943 1007 544 118 432 170 614 673 74 17 944 846 716 
minDistance: 3.51871
cost: 364285
capacity: 298760
time: 59220
maxTime: 60000
LS1: 16255/17072
LS2: 429/817
LS3: 0/0
shakeIters: 363
shakeLoops: 32
