3.06188:1353 3.26308:3004 3.28919:3682 3.30803:4401 3.39027:5233 3.39971:5771 3.41418:6055 3.41548:9370 3.43723:9518 3.44784:10541 3.45304:10716 3.48235:11077 3.48349:11647 3.50654:12110 3.51852:12391 3.51871:12624 3.52677:35489 3.53169:37002 3.53676:37284 3.54728:59537 
1476 1874 808 1520 1803 1952 211 1041 1240 1836 778 1162 467 1878 1330 1601 1012 1570 60 1181 1652 1834 762 1193 303 1455 555 1667 1211 354 1626 1437 2 1643 1356 985 576 519 1368 1361 208 292 717 1250 1482 1126 1956 887 1478 245 205 1540 1343 1059 1011 1267 901 987 219 1795 121 1108 1748 573 1118 193 720 1143 981 123 789 706 680 184 1535 1479 1124 1872 1263 499 1737 1119 1486 1934 1072 1630 898 1700 391 1333 953 1025 708 1050 1728 325 483 331 917 1130 1005 944 639 612 498 821 1334 1091 1645 280 1461 891 1226 1690 672 903 670 111 55 1280 180 191 652 316 838 1941 13 227 1113 293 462 1739 606 1100 1579 856 596 824 1706 272 300 908 429 336 414 1791 881 1730 1257 1042 1683 80 897 1556 685 43 948 1990 647 528 900 310 356 1775 1703 1762 194 1299 715 1040 315 850 1634 846 1692 455 1027 756 544 1151 1194 1702 236 1324 1283 755 500 1543 1820 1164 1670 1563 1208 86 1134 1609 1106 1409 1495 514 1490 1680 1201 378 864 275 506 117 1420 1783 1974 503 30 1975 355 795 4 1033 1122 212 1192 301 1427 1083 1147 1180 1157 1406 115 143 1010 1720 807 632 1376 379 1846 834 141 1019 110 204 1028 475 1246 1719 977 1273 1994 1678 173 1542 1727 1229 631 1965 118 516 1109 165 1291 1562 160 895 447 1716 130 309 1179 402 1189 529 108 785 507 1328 1757 947 1801 973 10 658 1582 87 1063 1293 1862 842 1408 1705 1802 1006 1964 1429 1254 1817 1227 635 66 453 709 1047 572 1749 1638 1781 1701 825 1501 872 1407 1073 929 1910 1515 433 1417 1304 1176 17 729 1360 801 916 1369 1315 1541 1120 1852 102 1637 1868 1857 1332 1509 70 109 643 608 613 264 421 1188 1277 1270 460 247 1448 1972 1536 1835 1199 577 1116 1649 82 1265 132 438 1915 410 1561 1054 285 628 432 1344 1666 1937 1596 1210 879 726 585 1786 615 24 773 1763 1071 737 1307 1347 705 192 920 322 476 58 1889 873 1219 1916 1980 974 1928 1909 1454 546 159 479 396 775 1682 1776 1380 317 15 990 732 222 1256 298 560 837 1325 893 1632 535 1744 1839 214 1457 1093 277 1367 1566 1271 249 295 1171 817 907 412 667 504 1017 
minDistance: 3.54728
cost: 366804
capacity: 298763
time: 59537
maxTime: 60000
LS1: 18767/19626
LS2: 424/859
LS3: 0/0
shakeIters: 415
shakeLoops: 38
