3.01379:1379 3.24133:2915 3.27262:3281 3.28919:3827 3.31057:4427 3.33865:5226 3.36201:6439 3.36569:10091 3.36611:10308 3.36639:10956 3.37454:11088 3.41548:13088 3.41746:16514 3.42876:18094 3.42938:18294 3.42957:20415 3.43723:24158 3.44151:24501 3.44284:24905 3.44321:26889 3.44692:27416 3.44784:29862 3.46415:30312 3.51412:34942 3.52064:35249 3.52471:38241 3.53025:39312 3.53146:39516 3.53164:44328 3.53421:45501 3.53672:47651 3.54311:49128 3.54728:53653 3.55001:56279 3.56246:56793 
817 1478 1211 246 185 726 1328 227 1258 345 1208 1408 1377 1540 138 207 1089 628 1790 631 834 873 801 1248 1083 1257 1836 825 929 325 1030 732 615 1226 1915 1771 756 983 737 539 137 843 1080 1428 1886 1168 1756 860 1536 507 204 429 55 35 758 500 534 895 2 60 1748 632 461 536 1207 1219 1762 316 25 1025 899 1041 1407 1164 1687 1876 666 587 1671 1356 1446 1694 1542 526 506 787 1315 1437 1570 161 1246 854 1073 1983 519 249 1509 1306 1874 1270 956 1210 247 1852 1399 1012 1361 396 452 1124 1299 1600 1325 1506 208 1665 1199 222 1424 1838 974 1833 1376 782 47 1427 613 1172 1273 1192 1976 1566 297 298 1664 367 1351 1109 715 212 881 1698 762 1366 37 280 170 1256 1368 1481 301 973 541 1632 708 1889 574 656 414 795 1624 300 214 1541 133 363 5 160 433 1716 1448 1978 194 658 121 1872 1390 709 1195 712 1310 1309 976 1749 1516 1417 1583 358 334 1024 1629 1508 1179 410 900 773 4 1042 123 427 800 864 1645 1686 1909 80 1695 612 432 1577 626 353 961 1277 1552 793 1598 837 546 985 447 807 1996 1194 1803 1654 1307 1702 180 1147 1381 178 1795 438 828 1738 1385 1010 1644 1280 1789 1098 977 1630 1678 1994 1962 1868 1300 846 1933 529 1454 549 1862 347 670 964 672 102 1048 295 642 1261 645 550 668 667 705 1887 1093 1416 115 225 274 1776 264 1391 875 686 192 1947 917 1727 1866 901 1119 202 1555 1700 1490 903 1786 1783 1059 870 1729 1609 1120 1084 1817 1690 720 1688 1176 1380 176 261 100 66 748 1304 755 336 1949 379 630 1330 879 680 1515 1878 585 72 1189 1149 303 508 359 1997 1965 116 1788 1806 838 1791 897 1796 568 865 1461 1092 981 1181 260 224 462 431 117 1975 1017 688 1596 1556 1680 1652 58 544 1969 1582 559 1369 1513 245 108 1956 673 699 560 1505 293 285 842 812 183 647 498 851 74 504 1846 1673 459 219 1937 1904 1126 354 1562 509 320 778 887 1333 191 165 1365 1657 1060 1071 1193 1372 1050 1429 378 453 1482 1229 1451 1033 277 1324 1946 1334 1051 1495 1463 17 1439 514 1763 412 868 331 289 397 211 22 1894 1367 198 14 1091 1579 1801 579 1455 1302 
minDistance: 3.56246
cost: 363894
capacity: 298795
time: 56793
maxTime: 60000
LS1: 18038/18878
LS2: 406/840
LS3: 0/0
shakeIters: 399
shakeLoops: 32
