3.05921:1600 3.20527:2616 3.28919:3309 3.29416:3731 3.35671:4088 3.36201:4645 3.36229:4741 3.41548:6349 3.41576:18057 3.41746:18349 3.44692:43459 3.45074:45183 3.45667:45298 3.46042:45510 3.46283:49129 3.46415:51664 3.46908:54925 3.48349:55359 3.50344:55549 3.51845:55763 3.51871:55961 3.53078:56566 3.53146:56741 3.53543:57085 3.53672:58734 
293 699 472 519 841 1849 715 808 630 1017 1333 1878 608 1698 1409 1050 1486 720 1277 1357 199 1874 628 1157 227 1356 654 1476 516 813 1550 1680 1805 528 902 1757 208 1505 192 26 652 66 1093 46 1994 1324 1427 632 1795 1748 1385 303 843 378 797 438 212 1673 615 1766 110 1119 1705 316 462 1741 1803 2 1328 1414 573 1535 670 1461 485 755 250 405 1024 647 1372 1227 879 756 425 408 422 117 645 1552 102 658 280 178 1662 801 1727 1079 1116 1541 896 410 1126 653 1071 1627 109 1271 953 1562 1776 1786 1555 1546 1918 1664 947 529 47 1339 511 1638 698 541 1051 261 1010 1973 460 453 1490 1909 1612 1330 990 214 1659 1299 1347 1094 204 1717 817 875 706 1448 467 554 705 1678 1194 9 881 409 1380 1306 203 1171 1683 111 1168 52 1636 1376 412 1598 1280 728 981 1630 2000 499 864 1690 544 944 1417 672 1855 1667 893 1304 300 414 224 1270 1509 325 1637 185 732 550 1123 211 794 709 1702 1030 1833 686 778 165 834 795 173 1556 1652 112 514 1947 347 765 1211 1478 435 1738 1390 1106 55 931 844 1658 448 1189 1542 1781 643 612 1041 1788 482 1273 1192 1730 1109 1886 812 1975 397 249 115 1042 1463 1536 1377 1179 1820 837 130 1605 1570 333 1059 1540 1799 1790 1342 1894 1515 929 1687 536 1261 872 176 447 427 411 712 114 1229 773 334 1543 1255 25 1208 243 1416 245 1437 838 1398 1381 842 498 1471 1911 133 75 1563 1283 1561 1147 23 1344 1787 320 1244 1876 685 1292 1579 530 1974 285 1367 1582 1210 1454 15 585 37 680 782 1274 985 762 873 825 331 949 987 1181 1387 897 1565 828 1544 1080 4 108 1248 1325 219 1956 1797 821 1583 1027 1526 1151 35 1801 1830 1783 81 339 1933 1852 737 1164 1710 572 1455 973 1246 433 961 1121 535 907 1446 396 1629 1408 1844 60 74 1089 1665 504 429 198 1943 1887 193 1239 1559 1397 941 431 354 1756 1329 1654 174 1365 1424 1258 1479 194 1124 1315 1142 1219 993 314 83 1649 72 521 613 29 310 28 432 1103 137 1407 1163 215 1566 1250 596 225 1012 1623 380 213 502 1368 546 1176 1495 874 1802 742 254 1988 1645 1952 917 1482 1962 143 549 982 
minDistance: 3.53672
cost: 369415
capacity: 298831
time: 58734
maxTime: 60000
LS1: 19119/20014
LS2: 454/895
LS3: 0/0
shakeIters: 416
shakeLoops: 38
