3.26308:2766 3.32955:3517 3.33865:3808 3.36611:3993 3.36639:4305 3.39971:7879 3.40674:7991 3.41548:12745 3.44539:15892 3.44784:16191 3.45074:17201 3.45304:25585 3.46042:26897 3.46283:27071 3.48235:28492 3.50344:31393 3.50865:31824 3.51498:43074 3.53146:43377 
1594 993 1315 1834 716 706 1364 1784 1144 873 198 73 1952 1408 246 507 1541 929 421 1916 482 219 1974 249 1108 1654 563 498 453 1333 1273 1063 1490 1219 471 1605 410 1318 1690 1894 2 1652 1351 955 1192 62 1189 1536 1267 121 801 1356 1582 60 1889 850 579 130 1501 680 1193 1802 1515 1168 191 297 1014 1762 1717 422 100 1220 1928 492 626 1787 1019 1181 506 944 1559 613 396 70 1360 35 89 347 1772 1172 345 1416 1846 617 102 1893 546 1107 315 1645 1033 1965 932 897 1199 1000 555 879 668 1839 1381 1643 1233 1795 777 1217 1659 1380 854 1427 608 1027 544 397 37 1816 110 1715 778 667 1552 1702 1347 433 16 173 1461 704 1300 1011 1357 202 928 1042 57 204 600 427 245 287 20 1437 1093 1124 825 693 25 1040 1596 1157 1367 215 1612 1790 465 150 1210 1915 1012 1844 1092 480 1705 630 1620 898 941 1824 1566 1820 981 331 699 1801 836 1509 1280 1261 1971 1246 583 1817 1927 652 1797 414 1342 931 1561 672 1006 194 1540 749 2000 762 170 1761 1874 1162 1368 171 1507 1344 1544 1387 1208 842 572 1143 1047 1933 207 1365 334 212 1229 1244 530 435 1258 316 1277 1943 1241 1439 1376 1398 1803 485 948 757 695 1513 508 647 500 1495 1086 1562 1970 503 1334 210 758 115 881 1508 1094 259 1073 1543 1030 1032 108 1034 1700 982 354 1862 917 615 949 1796 1695 901 158 1017 709 349 1060 720 1091 1727 705 1716 514 829 726 28 1010 1194 765 272 744 990 1598 817 1966 211 470 1080 1325 1756 1757 1270 1888 285 1749 1967 227 912 1237 1024 792 1956 606 670 534 1696 1122 875 1202 1857 1529 1028 1855 844 1198 1250 1211 1486 727 1304 1697 1330 1891 756 953 1126 666 461 364 1962 907 1975 795 279 224 935 573 1050 1570 1686 1680 303 1739 1799 1937 753 1623 66 4 1505 796 1482 1083 843 1106 1179 247 447 628 432 1478 74 308 1465 1630 519 295 1737 1492 1667 549 1098 864 985 1176 895 1407 131 264 1151 837 164 686 1113 1579 899 325 1675 1976 322 97 47 1385 658 1390 516 1542 460 1556 333 1059 412 1852 80 156 82 111 1980 1637 1349 277 1924 900 431 437 378 401 488 550 476 
minDistance: 3.53146
cost: 366438
capacity: 298750
time: 43377
maxTime: 60000
LS1: 18612/19647
LS2: 619/1035
LS3: 0/0
shakeIters: 397
shakeLoops: 35
