3.00766:1620 3.04707:1968 3.25458:3283 3.25646:3579 3.28228:4041 3.30803:4442 3.31747:5439 3.33865:7002 3.3482:7890 3.36201:8772 3.36243:8953 3.398:9396 3.41548:9704 3.44539:10062 3.45304:11590 3.46415:14272 3.48235:14603 3.48349:14738 3.50197:16023 3.50344:21357 3.50452:25322 3.53169:27141 3.53528:52898 3.54728:59072 3.56266:59467 
170 498 285 795 1412 1398 336 519 1490 879 234 628 817 940 536 108 1788 1181 842 410 1380 219 630 973 1094 342 1157 414 1121 15 948 800 755 102 1495 1556 849 1162 19 499 1582 1437 521 35 78 529 1164 1427 1942 1632 1616 288 1144 1092 595 990 1633 1844 1180 293 341 887 354 1333 292 1220 1786 1600 1101 976 497 1448 601 790 1894 1017 658 396 686 991 1330 514 906 421 507 1117 340 1852 1646 472 246 1080 549 198 29 985 1163 703 207 708 1934 1226 1428 1367 572 1705 308 917 1796 778 194 1091 1179 185 334 1280 1494 1010 1277 1429 1563 140 515 1691 254 82 137 1053 1274 1027 1247 834 17 1227 1874 1630 1244 1994 1695 777 1727 28 303 205 1048 907 300 1716 1074 1789 479 1315 1130 1042 1654 447 582 541 1047 1381 159 1536 542 264 1776 4 874 1841 807 626 1172 1023 1748 427 1271 1564 506 1397 1836 1799 1787 843 944 212 1609 1296 50 1645 1962 1976 80 425 174 123 929 1678 1273 530 55 1051 560 647 1822 1956 1700 590 164 384 1579 1369 1072 953 412 1040 1543 534 1649 808 762 461 709 899 712 1610 1151 1351 370 1454 875 1139 1024 916 81 838 596 1878 172 516 183 1820 1211 224 1824 1461 1416 666 1855 1229 49 1372 1356 1408 322 1949 1210 1565 1267 1535 631 1106 1802 794 1507 1368 73 656 438 1444 244 1626 1791 1542 1255 1692 1947 847 1262 22 844 797 1664 1887 1868 1407 1598 1376 706 554 946 1652 261 357 715 227 1478 1202 1569 1918 1560 1406 117 550 247 171 782 1893 1688 325 1550 187 1817 895 1680 864 1257 863 1866 1304 1199 1334 109 1325 1361 1126 1299 1814 301 881 214 1634 825 1698 1501 1059 1870 331 1073 1120 1757 705 961 1054 900 1357 1496 1876 433 476 1455 397 868 737 1696 1473 722 310 1596 1971 1318 211 642 1374 1482 804 1781 1176 1233 1687 1000 320 720 130 615 1302 1194 432 249 1509 668 1041 699 1124 378 509 431 1110 1627 828 316 949 1967 1219 1390 897 837 1324 460 1089 70 1168 275 981 1888 1502 1561 1925 1258 693 1328 896 1050 1839 546 1283 122 1974 435 1476 1149 272 110 680 1795 1541 511 180 1030 1819 173 25 92 613 1943 347 208 1756 1385 977 812 
minDistance: 3.56266
cost: 367589
capacity: 298778
time: 59467
maxTime: 60000
LS1: 18598/19461
LS2: 416/863
LS3: 0/0
shakeIters: 422
shakeLoops: 38
