3.09411:1965 3.31057:3893 3.36201:5505 3.398:5830 3.41548:6320 3.41746:6406 3.43641:6874 3.43723:7155 3.45304:8248 3.46042:8340 3.48235:10577 3.48349:12067 3.50051:12412 3.52064:13094 3.52965:14034 3.53078:15602 3.53146:15893 3.53169:27856 3.53672:31335 3.53676:32929 3.54311:35757 3.54369:40144 3.54728:41463 3.56207:41865 3.5671:41960 
199 99 211 771 74 133 1120 1207 308 982 1219 1361 502 734 476 1943 658 1164 1935 656 1461 596 1199 137 1570 1032 1566 80 37 1467 1650 435 249 1868 1761 1094 652 1788 708 1130 414 576 33 1229 917 275 1251 359 881 334 1330 653 1257 601 817 15 584 1238 1802 536 1801 1116 875 1974 1356 1965 1947 1970 234 1564 389 1019 705 349 1585 795 1529 737 143 1006 453 109 1971 498 977 303 40 1090 529 368 1299 1380 1172 1427 1783 1715 686 869 1565 1933 447 762 1033 431 246 907 1007 1520 1886 499 1274 1975 1541 630 1816 520 102 316 35 1126 1028 716 1563 1309 1855 1314 179 1080 1727 433 272 1739 150 1893 1589 62 1878 726 92 1710 227 110 1273 247 1496 1604 28 1151 1795 1038 47 985 300 310 82 519 778 838 115 1258 1365 452 825 934 1904 660 647 628 614 131 1846 1705 1194 138 1716 1956 1794 846 301 1333 14 843 782 1929 1623 794 821 1318 793 887 1654 1737 378 371 530 1230 1124 1887 681 541 1979 1067 1667 797 1561 1373 1059 689 25 1226 1630 465 111 1381 285 744 1540 527 556 549 100 1407 1806 1002 516 1505 573 1428 1072 248 1692 1490 949 354 514 1293 1516 739 709 441 1334 1181 1486 185 1629 572 264 617 1502 672 1347 1994 461 506 1582 582 1749 30 554 1627 266 633 1227 1778 503 1304 396 212 842 1515 1015 1093 895 615 500 613 1042 1287 1670 1454 1030 808 1495 1831 1579 1239 1368 1658 1762 773 900 1221 1556 1683 1717 1786 1023 214 897 1535 631 411 164 1552 1596 81 1501 1417 1210 173 704 863 1972 1351 693 1645 1799 1403 147 1643 732 990 1176 1012 44 899 170 460 432 1265 17 279 560 1894 756 1349 1844 710 1688 1915 1680 1789 245 1966 1364 952 194 1678 347 925 973 854 4 1390 1823 1147 118 981 277 1143 75 1434 1448 208 1424 1168 507 559 1662 182 953 720 315 984 1875 322 680 218 706 929 1410 1315 412 896 410 123 224 1702 1256 729 1280 1791 1784 844 1157 1455 443 1686 1376 108 1248 421 1803 801 1050 635 1106 1429 1328 254 1632 1037 165 657 295 837 873 1011 280 198 1513 1263 1881 1726 1506 1959 668 1367 1591 1092 1652 707 251 1542 
minDistance: 3.5671
cost: 368330
capacity: 298895
time: 41960
maxTime: 60000
LS1: 18270/19279
LS2: 588/1009
LS3: 0/0
shakeIters: 396
shakeLoops: 34
