3.26308:2871 3.28273:3252 3.29423:3522 3.34235:4487 3.36188:4784 3.36201:4904 3.37609:5118 3.39971:5422 3.41548:5886 3.45074:14489 3.48349:15500 3.49359:16577 3.49808:16929 3.50023:17216 3.52677:20214 3.52787:20965 3.53169:24145 3.53528:28518 3.53543:30604 3.53676:33810 3.54654:34045 3.54728:38652 3.55043:38737 3.56207:47177 3.57488:59010 
141 900 1686 414 842 1162 1349 60 410 295 1244 1495 549 668 208 630 1799 1596 1681 277 378 1010 1368 669 115 1590 185 180 455 1565 1515 199 1106 527 778 949 4 1949 658 935 1356 28 645 506 555 708 1157 1501 193 1819 1975 40 1219 432 25 1116 1566 843 1817 817 411 1437 246 1507 1743 1248 316 726 1971 1263 1594 1002 1293 782 1080 1427 1151 306 1277 1806 1795 1330 35 554 1019 331 402 491 66 1933 1662 165 118 1924 334 1701 1789 706 1147 982 1182 989 657 879 1031 797 1767 80 1127 1692 1227 785 1377 1333 1943 794 1609 431 1659 183 1775 613 1976 1886 536 261 1506 737 512 1752 1956 325 100 1992 1267 441 1088 1825 510 1179 1324 1887 176 1893 1786 532 1717 55 211 1904 264 991 1334 1342 1328 131 1785 1583 1397 847 1207 1029 546 509 1910 482 1315 1114 1011 1516 1391 1149 1054 500 1448 1059 1926 1280 1429 182 732 1274 1542 881 727 1756 530 1012 359 758 72 534 1556 1605 749 1643 1017 219 358 297 1364 1959 1580 1221 1658 608 1822 854 117 1946 1408 1481 993 1915 647 1050 1877 1966 773 1140 572 251 849 1407 1690 1748 1868 357 1794 303 81 1390 1250 612 1972 1226 948 1372 1476 838 875 19 347 837 15 899 292 1849 1032 1561 1164 1839 829 1208 511 985 227 300 280 856 479 573 82 342 499 1108 204 1367 460 1560 929 1894 285 628 790 617 973 1105 834 170 1705 447 236 507 1634 650 433 1006 353 1557 1459 632 214 1210 1909 453 1729 1261 1824 1680 143 247 686 615 1875 291 643 1664 762 1181 1855 516 245 520 1376 23 498 443 1299 1652 710 850 1598 212 1846 1844 1357 1454 872 1490 641 1637 1229 429 1199 519 1038 1727 1239 535 1262 1121 1256 1543 289 1194 164 981 1461 1073 709 1732 1645 896 639 75 1093 1928 123 1654 1582 1344 808 795 1700 895 502 1633 401 1042 192 412 1541 864 1154 1649 354 1124 1891 1273 339 514 1379 1803 720 1094 1983 1092 596 1416 74 941 680 461 1632 1962 1687 1589 108 550 346 249 1434 172 825 705 764 585 1570 844 1385 198 315 897 801 1446 1630 1579 1176 1947 1802 1604 977 421 1974 1465 961 1119 
minDistance: 3.57488
cost: 368666
capacity: 298757
time: 59010
maxTime: 60000
LS1: 18956/19825
LS2: 402/869
LS3: 0/0
shakeIters: 442
shakeLoops: 41
