3.32143:2550 3.32173:2733 3.33662:2983 3.36243:3523 3.36279:3840 3.36317:4140 3.41418:4515 3.41548:5093 3.44123:5466 3.46415:5818 3.48349:6492 3.50344:6772 3.52772:10379 3.53025:10579 3.53078:12278 3.54311:17191 3.54332:20922 3.54728:25753 3.55043:27280 3.56018:27466 3.56569:31117 3.5671:36608 3.57488:50592 3.57652:52288 3.58314:52371 
322 1454 435 1369 1226 1416 1825 1516 284 1910 421 1762 354 795 907 1803 452 1509 797 1029 1168 1831 887 1229 82 935 1794 794 944 1227 1784 1962 325 1028 1283 476 838 224 1465 1221 303 824 1091 1796 1064 1700 74 1094 929 1820 1855 1092 374 1376 1280 982 23 626 1332 822 1583 28 1397 211 980 688 295 1207 1582 807 1552 44 1114 1231 1915 1702 524 470 977 1490 1502 1211 316 1428 715 1377 498 1038 1634 341 1687 1868 875 1434 1649 1972 585 358 1824 1143 1727 1019 1696 115 680 1670 1324 158 993 1381 1495 647 208 734 1515 1042 414 897 1536 1665 793 693 192 1878 1181 546 801 828 850 1098 1325 1106 800 1002 245 100 202 1330 1033 1933 1965 164 1834 507 1006 1176 183 1000 1596 1667 227 193 900 534 1674 1643 899 670 1126 80 699 1785 1351 1406 81 212 829 1952 300 121 1630 1546 1565 289 1624 500 1274 1974 1542 378 1633 60 458 1894 461 668 1579 1408 1476 1973 506 1050 485 410 1626 1598 1007 1783 1632 20 1267 1461 1535 1444 1562 1996 1366 744 25 869 514 1277 720 550 1501 1116 1927 401 672 1788 2000 1398 170 1541 1334 1846 1754 246 1041 1802 108 762 633 895 849 1823 873 1030 973 1645 17 956 1959 13 447 198 62 92 277 334 110 104 535 1032 1862 455 1140 1680 844 536 952 1701 504 705 996 1570 1543 1429 1654 837 898 1371 72 286 984 1994 19 755 1350 308 1031 1556 554 817 1273 1358 825 333 1799 1671 234 1214 941 1561 499 1051 708 347 1367 1975 249 1789 427 1356 1147 1246 949 509 834 1234 1199 1817 1210 846 117 412 47 1372 782 1093 1131 1478 519 854 1053 1380 4 1486 1839 1652 78 614 238 709 1017 165 280 70 879 1256 1080 1390 264 159 1315 1328 143 1976 55 180 1420 1865 291 1225 1024 1979 747 432 418 1349 615 948 865 339 726 1360 285 990 964 1786 1347 1368 346 1208 1623 732 1691 613 808 433 247 1194 345 116 778 1059 35 1795 1407 773 1427 1967 431 251 1698 1248 371 1692 612 1063 1258 1040 494 630 1124 569 1943 99 1012 1732 1560 549 1658 123 985 194 842 863 479 881 491 429 917 259 150 628 272 515 1664 
minDistance: 3.58314
cost: 365089
capacity: 298773
time: 52371
maxTime: 60000
LS1: 19428/20313
LS2: 389/885
LS3: 0/0
shakeIters: 471
shakeLoops: 43
