3.26292:2534 3.31367:3316 3.37609:4707 3.37693:6868 3.398:7137 3.39971:7330 3.41418:8305 3.43641:14390 3.44284:19237 3.45074:19797 3.46283:19887 3.50319:20728 3.51412:22312 3.51871:22415 3.52787:23372 3.53421:25674 3.53676:30839 3.54728:39578 3.55043:40894 
1664 1994 1580 277 1082 864 940 207 521 1120 1692 9 1130 1461 387 331 60 1565 1027 1229 137 445 1193 1259 822 1329 577 447 54 1854 550 347 1051 897 1019 247 1956 749 516 1825 1570 675 453 1328 421 1929 225 1106 1680 1244 414 485 844 1409 1515 1349 1875 801 1254 825 100 1000 1652 984 1579 1233 1330 838 174 475 300 1962 1417 1151 632 1255 1346 709 1513 1047 508 184 543 202 1324 785 1799 1787 1717 1917 1862 1975 123 917 547 1778 732 1594 503 102 303 1147 325 1041 1064 1219 555 183 1730 647 667 1954 115 645 981 585 907 509 527 194 23 900 1637 1529 1040 1407 705 985 1494 504 506 1032 1667 1819 491 482 1126 339 1874 837 1002 790 549 780 1010 1073 4 465 1416 1596 977 460 1729 1868 1263 1303 1157 1947 354 130 792 1894 1541 875 316 1071 991 219 1315 773 432 249 363 28 1239 198 1391 1613 1376 1781 470 182 251 765 1205 141 1199 1367 1566 1943 1544 1833 433 1366 1334 1481 236 164 110 171 1965 1817 1955 176 842 1333 1083 1373 1595 280 1390 1983 1490 615 737 1762 311 976 514 1666 160 1318 1839 1124 1486 701 1143 1256 1789 520 180 797 699 1536 121 214 1803 224 1092 1560 333 776 1933 1208 879 459 672 1343 399 873 574 245 253 1269 1119 1030 1659 159 1582 1683 762 989 1181 117 378 411 902 358 1916 1230 1093 530 1976 1304 1454 86 364 1506 1814 628 1162 1786 1434 793 704 507 1246 142 728 901 1368 1561 1155 670 684 1629 170 887 899 1802 1537 1031 536 1605 499 1154 1761 211 1277 1562 1708 1408 1354 1505 246 13 973 576 1042 1927 1072 185 720 1446 289 1267 82 1017 1891 616 854 639 613 1556 450 829 1424 1457 234 1438 1116 412 782 1063 1226 264 427 1733 310 1800 474 342 1006 1670 1012 498 1210 1356 1172 320 541 1053 80 191 1170 1005 1351 239 716 1495 227 1552 1050 906 18 408 1520 800 1273 817 1059 118 479 898 1703 726 633 1305 929 1437 949 1435 795 1691 1795 1094 652 1705 668 1904 680 982 1542 235 1678 863 1482 108 1179 1034 1764 1194 1966 1688 212 1972 1910 1654 1280 881 1516 1794 248 97 1176 1630 1332 1080 843 1203 895 729 293 204 1971 1427 1033 1727 1168 631 1260 1360 319 
minDistance: 3.55043
cost: 369564
capacity: 298823
time: 40894
maxTime: 60000
LS1: 16575/17497
LS2: 530/922
LS3: 0/0
shakeIters: 373
shakeLoops: 33
