3.33865:2726 3.36611:3397 3.37609:3614 3.40667:6523 3.41418:13251 3.41548:14445 3.44151:15137 3.44284:16081 3.45304:16487 3.46415:17025 3.48349:18761 3.50344:19369 3.50487:19827 3.50865:21120 3.51412:21337 3.51871:23482 3.51915:23729 3.53146:23894 3.53169:24862 3.53488:25122 3.53543:26490 3.53676:29286 3.54728:32996 3.56207:34249 3.5671:34467 3.58732:34690 3.59063:39732 3.59548:40185 3.6026:43140 3.61429:53203 3.61443:57409 
1417 630 1078 707 1502 617 115 1979 170 817 1168 1261 1626 1283 1509 1947 1210 1495 266 1448 295 762 58 1691 554 1246 1583 1894 1678 1665 1849 498 30 1574 1401 843 965 460 1407 1047 208 1817 536 573 749 1059 1379 1727 1562 716 948 1454 1552 1067 907 378 1330 1287 1280 1983 263 1094 1164 715 210 1256 347 453 1609 787 837 645 185 435 524 854 1181 432 519 277 1648 1972 1596 264 414 354 1952 1910 1033 1217 656 668 1278 1229 1658 1781 879 825 1325 1176 529 1124 974 509 1010 1351 1762 1739 1577 1604 935 1844 772 1263 1303 1383 1839 506 110 108 1835 899 1637 734 875 1408 387 1556 1356 1709 1795 778 1391 1017 1692 176 666 838 1594 1912 1360 1315 1773 751 1226 583 1996 158 1368 742 342 613 1147 744 1995 123 1501 1080 303 793 66 62 841 1683 25 1794 1633 1701 1299 901 849 1542 325 708 1434 174 709 74 953 1106 1455 1258 20 192 339 1541 1324 234 765 379 1205 1230 864 1941 1686 1872 569 315 1372 427 1031 1208 204 224 1966 1696 15 1376 461 1131 334 198 1598 1367 79 572 1403 1030 1802 1385 1333 1664 1429 109 1438 1667 212 1162 1825 1778 1457 1390 1193 1654 693 1801 1776 1155 1459 297 1063 1183 1250 280 322 1700 308 895 1374 292 828 705 164 776 1717 1267 672 1040 1543 1582 1565 433 1343 157 507 1413 1846 422 1965 1828 1566 1149 1494 530 80 1536 527 1933 712 1490 227 1690 720 631 1579 1286 1194 982 421 508 219 284 99 300 585 670 1623 118 842 1201 940 1785 1544 1328 1634 411 887 1937 1012 187 1207 728 1274 1630 902 615 756 897 952 55 1032 1042 868 1380 1814 1974 574 165 1334 917 1050 426 1120 100 1507 680 431 1555 1126 1381 17 1695 949 1645 755 499 72 1703 184 732 726 1192 464 1612 262 727 209 647 596 878 5 276 1437 1019 1506 1092 1227 452 797 194 1244 1975 925 1247 1915 808 516 397 1636 117 1199 1344 1909 1756 211 514 534 973 1516 568 961 782 1007 1216 1629 1473 1680 254 667 4 1427 947 238 873 47 60 479 859 1693 1777 1110 467 359 535 1195 844 18 1698 1461 1349 563 214 1789 1233 82 316 
minDistance: 3.61443
cost: 367710
capacity: 298735
time: 57409
maxTime: 60000
LS1: 20877/21814
LS2: 440/937
LS3: 0/0
shakeIters: 466
shakeLoops: 39
