3.26292:2302 3.30245:2872 3.31747:3240 3.34235:3846 3.34759:4137 3.36201:4472 3.36611:6503 3.36639:6727 3.398:6979 3.39971:7421 3.40674:7637 3.41418:7722 3.41548:7862 3.44123:10931 3.44151:11091 3.46283:17480 3.46415:19721 3.48235:19957 3.48349:20295 3.48728:24053 3.49808:24600 3.50319:25302 3.50344:25400 3.50487:28820 3.50865:29987 3.51412:37451 3.52064:53295 3.52368:54638 3.52787:58855 3.53146:59733 
80 1630 1985 1093 1176 814 929 1381 801 1273 917 1143 1966 573 129 837 812 1193 1181 1746 732 875 613 399 194 1634 1780 1598 1109 1680 504 322 1437 977 1580 1155 354 1917 182 1766 1784 534 1544 1333 652 246 600 931 1116 834 953 1830 1356 1100 1582 1976 670 572 310 782 164 1846 583 1351 503 693 198 1927 680 790 1989 982 1542 1180 1556 249 536 1653 13 482 1190 133 1083 1080 28 1797 708 1246 1461 1560 765 1495 1789 1059 568 1929 302 410 347 4 1795 1570 1398 1210 52 1033 685 117 632 115 1857 1227 1717 1626 1799 1315 14 209 1208 1029 1119 239 1244 1629 1277 171 1385 895 879 1028 1579 1778 334 291 1536 1367 698 952 1347 1376 808 1283 1659 778 900 401 227 1550 81 325 1855 1427 74 277 729 1933 881 1562 1637 1935 514 314 1307 585 25 499 1955 1005 1803 1089 1875 1171 92 544 1025 1540 563 435 1041 1783 235 402 429 375 1162 1819 1364 749 1299 208 1730 264 899 1787 1482 1407 100 212 459 488 143 1248 1633 1350 1664 1391 1179 500 893 333 1619 1030 1918 1520 530 1124 1219 221 628 453 1098 709 1974 519 1649 1064 502 674 1027 795 1505 1002 1426 1796 1424 165 1130 224 720 1436 1042 1271 471 1541 275 756 1408 529 1106 1852 204 1700 214 1383 1654 460 1791 461 1501 414 1091 843 1079 645 1448 863 1690 1802 1304 1757 1380 1543 1894 1823 150 316 707 1612 1916 1476 844 331 981 897 1705 140 378 1767 108 1566 102 1328 993 384 1983 89 1886 1256 276 596 1403 758 431 825 1126 1800 1762 498 192 535 295 412 437 1390 973 1330 1151 1188 555 521 715 211 1258 506 549 898 550 1483 653 984 991 1986 858 817 130 1526 1412 705 796 706 193 1054 37 1486 136 1456 1157 425 527 836 907 1988 635 353 797 1090 554 762 1368 47 421 1092 647 1535 934 35 1949 467 1213 432 1050 794 1814 626 616 1296 122 1280 1031 23 296 1878 205 864 1229 60 1790 1194 1692 1435 462 941 1324 1776 1490 851 247 176 1994 1565 1632 1016 1952 1605 615 1928 1017 447 1956 1168 1365 1006 82 1824 686 672 630 300 1288 137 1839 304 1761 280 539 509 985 1455 1638 1675 20 516 1589 173 719 1904 1546 1691 1763 956 219 1182 
minDistance: 3.53146
cost: 369637
capacity: 298774
time: 59733
maxTime: 60000
LS1: 17254/18091
LS2: 428/837
LS3: 0/0
shakeIters: 379
shakeLoops: 32
