2.96521:1046 3.00766:1480 3.04707:2005 3.07106:2283 3.31159:4133 3.34235:4958 3.36201:5512 3.37088:5945 3.39027:6289 3.40674:6485 3.41548:7506 3.41576:7797 3.41746:7901 3.43737:8387 3.44284:12059 3.44584:12251 3.45304:12732 3.46415:14226 3.48235:15752 3.50319:17062 3.50344:17245 3.50452:18387 3.51915:21673 3.52772:23083 3.53025:28202 3.53078:31293 3.53146:33569 3.53164:35925 3.53169:36107 3.53488:40289 3.54728:41155 3.56207:41362 3.56272:45990 3.56569:53705 
1407 1367 990 4 30 1600 387 755 1267 849 1408 613 1670 58 817 1691 1365 1114 1315 82 515 1244 1817 944 247 1429 1296 1701 865 1209 1660 1274 1299 1490 117 1493 456 1620 306 1803 1027 1263 1033 261 1535 1552 787 1881 211 1118 1787 452 615 630 1508 1894 1839 1877 1029 198 536 797 1113 1781 895 1448 1210 1705 1149 66 47 864 1799 1059 948 447 1947 355 1974 1692 1935 1612 949 534 834 300 1544 1891 719 709 1172 2000 843 706 1353 521 1046 1459 208 875 354 893 984 507 1351 1541 370 1956 1031 801 956 1239 658 265 667 499 193 275 1179 1121 425 732 1199 1849 1164 357 131 546 749 873 325 1273 75 1301 837 1227 435 836 414 1325 1520 985 23 1790 1000 1645 238 1482 1048 1819 1678 433 1124 1074 1690 1342 961 705 585 1219 431 1154 207 1797 1786 542 1543 1377 453 953 1368 1542 1042 672 1221 115 1277 316 668 1181 554 1638 432 516 1744 1784 488 374 1509 421 1324 1106 1878 1976 1271 322 185 1019 1208 1665 1211 1671 1540 227 408 550 1680 1515 715 1089 1476 993 55 301 1664 1570 129 1338 734 184 617 264 879 680 347 1966 529 1776 1194 737 498 333 572 334 842 795 409 1157 22 1427 1589 1093 180 931 15 1563 110 1017 642 1980 1012 1186 272 506 916 1556 1943 359 686 320 502 1380 716 744 60 720 1073 1796 519 1134 773 1428 25 1965 165 280 1330 164 917 1795 527 482 647 1080 708 1397 635 1183 1444 411 183 295 541 901 1288 1376 503 1634 159 881 1193 1495 897 612 176 102 1417 1652 899 178 1501 1040 1225 765 1399 429 1971 762 1100 1561 669 1727 1852 898 339 1565 1094 214 118 1283 1700 673 592 309 1005 1546 1748 1248 255 219 109 828 455 900 560 89 1147 1455 1229 1831 1937 80 1002 1328 479 549 1334 234 532 1050 1437 514 250 1629 1105 130 378 1256 777 1126 1596 1030 1151 1846 192 410 1109 28 441 1662 1579 1791 141 422 1708 308 173 277 396 782 202 726 991 1806 1862 224 573 1381 209 1333 1844 1390 929 1162 736 1192 1461 212 100 1749 1623 790 1918 1006 1155 1994 729 981 714 1092 137 896 1180 1176 1582 1630 1024 253 1887 1262 346 460 825 685 310 1257 628 1703 1280 
minDistance: 3.56569
cost: 362673
capacity: 298777
time: 53705
maxTime: 60000
LS1: 17153/18020
LS2: 465/867
LS3: 0/0
shakeIters: 368
shakeLoops: 30
