3.24446:2459 3.27495:3057 3.31057:3817 3.31159:4434 3.34235:5108 3.36317:5591 3.37454:6055 3.38736:7353 3.41418:12892 3.44692:13954 3.45074:14099 3.45304:15738 3.45349:17318 3.46283:20026 3.46415:23005 3.50168:24881 3.50344:25029 3.50452:25267 3.51412:25844 3.52393:28792 3.52965:29308 3.53146:29739 3.53164:45358 3.53169:49315 3.53421:56529 3.53676:58334 3.53885:58460 
837 948 421 1031 1894 1193 498 508 1763 1296 262 1122 322 1878 214 536 808 838 677 1176 1839 734 1667 1310 401 506 653 1017 1126 615 1124 275 303 4 108 140 1172 787 123 1270 1870 1820 1703 1377 280 514 60 1408 185 1966 1649 1550 1544 1541 10 314 504 544 1025 1155 784 1210 795 433 1756 961 1653 657 229 1490 560 1091 1909 1121 1529 1983 1545 1612 1430 1107 667 1439 630 953 755 412 1100 521 182 672 519 1702 1438 1956 52 165 2 378 459 1147 1050 1007 1579 1207 1333 55 1907 821 801 397 1317 645 1114 1413 115 80 100 170 829 549 1570 1151 1351 456 1574 1190 1629 720 1263 296 1226 879 453 652 266 989 993 1789 782 1646 973 208 831 1784 1324 310 982 1372 1598 164 1988 1565 1041 1369 1705 1391 62 461 1047 1971 744 1681 1835 737 1777 520 1448 1801 534 47 1666 1943 1436 817 187 1398 1019 1904 843 1330 1781 1846 568 246 277 5 28 900 1652 1106 17 1486 854 1893 1011 1947 870 1048 472 1778 192 465 907 1030 1157 1670 875 887 1429 1230 347 342 1680 492 1356 1187 1227 613 1552 825 1424 1457 475 198 1246 612 554 1516 243 656 1461 1302 1786 339 736 555 1080 814 1928 1427 376 512 807 1154 1700 1912 1315 1494 1688 150 295 184 99 776 1202 121 895 564 1201 1566 102 1067 15 572 137 316 1164 82 1965 1941 147 1376 1624 1127 1796 499 1280 1664 647 104 1071 1383 1562 1437 212 1365 432 673 1741 977 1199 1952 1434 1501 1368 325 1799 110 500 1179 1496 300 1032 1933 447 1256 965 72 1390 117 1583 1454 1274 509 762 1672 1788 73 1916 797 183 1010 1407 245 1261 336 180 596 1637 367 1536 1059 1171 608 1744 984 491 301 238 25 1349 1727 773 929 346 476 1749 1173 996 897 933 1881 1089 708 1495 1534 227 235 1038 1233 1162 1130 715 334 1012 1632 1073 1630 1862 414 136 1785 1208 289 211 1367 194 688 1855 1930 81 74 470 844 1092 864 1042 354 1079 712 1974 680 247 541 1474 1299 635 1844 530 1194 778 249 224 899 1211 333 709 1244 66 785 1794 1040 1875 1692 1580 118 1954 1277 881 1219 1542 1994 175 291 842 37 896 1543 1342 1307 1665 1633 1849 1556 1181 693 1239 
minDistance: 3.53885
cost: 368254
capacity: 298787
time: 58460
maxTime: 60000
LS1: 18750/19601
LS2: 385/851
LS3: 0/0
shakeIters: 439
shakeLoops: 37
