3.05197:1306 3.1543:2083 3.20915:2822 3.22564:2957 3.27051:3481 3.28911:3893 3.29073:4782 3.29298:5080 3.29439:7481 3.33252:9774 3.34686:9945 3.36224:10384 3.3653:10673 3.41117:11595 3.41774:13028 3.42012:21585 3.43813:21976 3.44497:24234 3.45029:24719 3.45551:26323 3.46529:26627 3.46693:27364 3.48655:27484 3.49181:31225 3.49898:34010 3.50709:35458 3.50908:36629 3.52496:41424 3.52529:56603 
1688 117 985 1562 1819 1328 1182 1145 1105 1918 1032 1192 270 970 834 615 1726 412 1571 1950 1391 1446 1617 371 88 1212 837 1205 1043 524 1271 1331 411 862 1059 1229 1698 1195 1348 138 1598 845 1223 534 1620 1286 665 1200 1283 1804 1876 457 369 137 1581 194 1516 730 47 478 309 1305 15 1777 682 1093 1462 1486 58 755 490 1492 427 1034 254 789 869 1162 1042 553 1124 1951 401 634 992 596 1228 1437 909 1561 320 694 693 1395 153 1304 450 1434 336 1799 849 875 379 1453 1894 283 456 265 459 1277 1110 1050 1680 33 1499 1090 160 1334 1333 1120 757 407 1746 1596 1984 628 1762 470 211 1370 1872 1296 1420 649 1416 1570 1702 1450 204 1559 1481 1881 1267 388 28 658 1966 1015 1552 1774 1590 802 461 272 1814 1375 1069 1846 1101 954 1494 1530 1677 441 626 1675 1902 212 1047 250 1541 1613 147 1157 1115 228 1625 1786 841 1735 1600 1933 1330 946 1761 493 564 1788 1404 720 713 827 1403 726 808 1203 1179 1008 1362 1508 1842 238 437 1177 1891 1794 1427 358 895 50 489 1455 1073 625 784 561 85 1439 1742 1626 1897 1164 1521 1585 304 1405 232 1089 428 1051 140 516 685 1225 1582 961 128 293 1787 168 1671 567 498 1630 1461 414 1121 458 893 2000 1048 884 549 1044 807 964 57 247 632 953 108 1903 1360 1665 1549 826 1749 370 1471 184 1063 774 1493 1517 689 906 1067 209 176 949 1451 973 605 1565 1674 745 1994 115 1017 844 1423 940 284 506 1409 1646 1071 873 667 617 262 1813 1687 983 1357 99 1396 1738 860 1576 315 1976 375 227 1401 1347 1398 1118 1335 1353 1743 1753 1710 429 545 935 924 1803 1720 529 1273 714 1412 402 214 384 749 989 692 1280 1143 574 1106 165 990 1501 1190 1355 525 17 1952 1369 568 1833 510 82 903 433 1372 191 645 1191 133 253 933 746 1912 982 680 202 1250 1647 192 1012 93 1264 46 170 1448 1546 883 1154 1744 1181 1513 1534 1039 263 1888 1829 1268 1053 1841 728 777 1684 984 119 1040 923 80 1349 475 1469 285 306 219 842 530 556 1126 159 1861 16 266 171 1230 1875 917 1529 835 180 1176 987 316 1092 1463 334 1575 1985 331 154 268 1605 156 255 643 1781 
minDistance: 3.52529
cost: 365948
capacity: 298788
time: 56603
maxTime: 60000
LS1: 20610/21464
LS2: 353/854
LS3: 0/0
shakeIters: 472
shakeLoops: 39
