2.99142:1089 3.19923:2062 3.29439:2830 3.33456:3404 3.34686:3654 3.3513:3785 3.36224:3930 3.3653:4013 3.37189:7408 3.37738:8338 3.39786:8907 3.41117:9211 3.42012:10350 3.4234:11911 3.42927:12012 3.44497:12391 3.44967:12880 3.45301:14324 3.4631:15484 3.46693:16152 3.48655:20803 3.48816:20932 3.50142:21107 3.51488:33085 3.51969:33206 3.52529:33475 3.53402:35197 3.54526:40257 3.5507:40488 3.55665:42193 
665 475 782 1118 1596 1552 55 1743 370 1369 1680 253 1346 212 1328 180 449 627 219 483 1856 252 108 441 1852 546 777 267 266 343 395 923 335 1309 1629 15 1744 1225 1508 767 1437 1812 336 1406 1172 1745 423 1361 94 159 1201 1283 1559 672 1121 500 1952 1268 1013 1292 649 1191 987 1957 844 524 841 169 1749 613 1051 1381 1786 752 604 1375 247 404 316 1698 1019 1818 1781 715 695 1976 1688 1475 1073 1495 1804 949 240 1034 800 907 1617 498 785 1870 1817 832 478 1784 543 250 924 1368 13 556 303 1237 901 516 1671 211 379 1504 1213 931 92 1802 886 35 459 497 1471 1244 138 1541 796 1536 300 115 1053 1652 446 529 720 1207 630 1761 488 1687 1092 131 606 1170 1179 1178 1997 1988 28 456 1546 1494 561 1576 1556 1091 40 645 1330 464 154 184 171 1756 223 433 48 1575 1255 1493 354 93 802 982 1344 52 984 1975 1529 917 1072 835 1335 1409 214 744 1279 1078 1246 873 1803 170 1894 1106 1362 889 621 1204 1370 1774 228 1942 748 1267 309 884 1212 1836 1296 985 191 1415 72 1528 1273 1069 129 1366 1695 457 853 1407 505 759 1595 224 158 492 429 1667 1605 194 1461 1620 1994 1177 678 1355 1681 554 1613 391 749 1193 1306 1423 1003 480 514 1747 394 1384 1439 1593 203 56 639 272 348 261 996 355 1372 1814 1924 1190 1585 1071 634 1264 232 1469 88 1382 663 1716 862 1307 1014 510 435 1858 1104 1131 81 568 641 1799 1277 1108 989 745 313 1702 842 553 1219 1353 617 940 651 447 1455 1561 74 1229 1333 1950 1689 647 1015 1472 1630 1570 1351 1800 1582 1909 786 428 1738 991 1033 198 137 525 82 339 1492 1562 255 615 1839 202 1796 1658 1795 1354 1138 565 807 1399 293 1842 849 683 680 1626 1897 708 299 726 1059 1390 165 1398 1875 530 1685 1153 564 265 301 519 1063 1450 244 1040 1783 1972 1164 612 1357 1027 1182 1739 119 1413 296 1230 73 1349 1434 1746 1735 909 1197 262 746 317 1911 860 1416 845 1479 1913 753 789 507 1902 1565 12 509 1912 242 1247 760 319 1521 1992 156 374 1401 133 412 1180 1348 619 1985 682 743 1154 685 1280 1467 1359 420 1371 1192 493 277 358 1223 1520 1527 46 1012 254 334 1515 1608 1334 
minDistance: 3.55665
cost: 366474
capacity: 298748
time: 42193
maxTime: 60000
LS1: 19492/20350
LS2: 410/858
LS3: 0/0
shakeIters: 418
shakeLoops: 37
