3.27051:2339 3.28601:2488 3.29439:2688 3.31794:3183 3.32017:3294 3.33456:6100 3.35904:6683 3.3653:6864 3.39067:7546 3.39786:7788 3.40571:12170 3.41117:12482 3.42641:12723 3.44967:14955 3.45029:22530 3.45796:22652 3.46185:22966 3.4631:23068 3.46345:23526 3.46529:24269 3.46693:28026 3.47443:29141 3.49351:29376 3.49813:29527 3.50562:29653 3.50709:31882 3.51948:31991 3.51969:35481 3.52529:36944 3.53931:37466 3.54375:37779 3.55665:45474 3.56205:45734 3.56527:51522 3.57248:53796 3.57714:59410 
842 1089 564 556 429 1468 1897 1362 1069 864 1040 253 1230 1695 1101 416 1357 1170 1187 973 1064 82 1283 1371 950 1903 433 549 1003 1561 1560 184 1353 1891 1852 450 755 745 277 1125 299 1051 756 1250 1474 1645 1375 1952 1328 1746 158 1439 931 211 1391 634 133 555 1900 97 1894 1552 464 33 1274 293 1716 1865 1677 685 1739 1909 1071 1384 123 354 504 380 1106 1555 989 394 1774 1097 604 119 553 1493 383 137 369 336 1515 214 313 498 991 212 441 924 272 935 111 1786 1028 1142 748 397 343 232 1600 1717 720 1683 1451 786 1556 753 984 1475 1124 689 1446 321 1134 1292 1120 1450 37 447 93 1596 665 1273 457 209 470 303 456 1244 194 1019 1369 55 1043 777 1881 140 1570 1177 792 810 1603 917 1219 1181 964 933 773 1680 1461 561 1063 13 530 202 1728 31 1246 1466 309 1404 301 1616 191 1041 323 1698 693 1365 77 1896 1293 1164 1377 1361 248 1264 1749 1502 903 1225 1783 1306 1546 1216 262 834 1115 1271 334 1861 414 100 117 1784 990 849 529 1334 893 1304 584 907 1157 862 490 923 1193 1818 1540 695 1229 428 1582 525 1453 627 219 1796 169 1330 1235 1410 411 1455 744 1982 793 1267 1407 1654 66 1275 1402 250 1743 478 1094 1412 1761 266 460 593 12 1212 860 304 1179 1351 1833 1583 1585 835 669 906 963 511 125 88 1773 1277 1802 715 909 865 1320 1764 645 1087 198 1256 108 1495 1972 54 985 932 1753 1296 915 1742 668 1841 1302 1221 572 156 704 1508 1875 449 189 867 789 154 1682 468 492 1804 317 1520 99 632 1625 28 1372 970 1078 1521 1517 554 36 1536 851 1409 407 1205 1217 1799 1780 643 46 1870 1379 514 708 267 613 395 254 770 1571 252 1803 1762 1471 1898 1516 1046 800 542 1626 1178 1620 641 1638 1448 240 1 480 52 508 510 1975 1237 75 730 1842 1053 269 1015 74 726 1008 1093 1576 1693 1335 1105 1034 828 1858 1469 1050 1432 1286 1883 475 261 427 190 853 1541 1190 458 615 1652 883 15 1812 92 1305 1331 358 35 1688 1744 283 1059 444 1416 524 1912 439 908 296 1012 292 1492 1182 1406 1084 1355 1562 1370 1902 1980 493 1154 1121 749 86 1701 600 1959 379 658 1398 1499 
minDistance: 3.57714
cost: 365948
capacity: 298780
time: 59410
maxTime: 60000
LS1: 21185/22106
LS2: 426/921
LS3: 0/0
shakeIters: 459
shakeLoops: 39
