3.2015:1974 3.23199:2603 3.23626:2801 3.30684:3222 3.31705:3418 3.33341:3794 3.38671:4158 3.40571:4976 3.41117:5274 3.42026:5770 3.44967:6394 3.45029:7779 3.45301:8963 3.45796:9079 3.46529:11752 3.46693:12096 3.47293:12946 3.50908:14026 3.52496:15002 3.52529:15454 3.53931:15560 3.55327:18345 3.55665:18564 3.56133:19348 3.57957:20289 3.5851:24023 3.58609:26667 3.59454:26783 3.60487:31168 
1902 156 399 31 529 1994 28 255 1138 851 1677 1561 1008 726 273 1950 1107 1376 1407 1717 1182 519 247 601 13 1541 160 1799 746 889 520 990 1990 1143 1976 689 1154 86 152 1447 1399 564 292 1743 1783 1546 786 875 596 1613 777 996 47 862 410 807 1507 1521 1306 1335 82 1344 149 1786 1032 1121 1675 55 137 1355 1051 1461 97 1814 898 267 1331 546 1346 449 1656 374 713 1912 1213 343 1866 1362 1398 119 1384 950 334 873 1761 1279 500 1375 1264 1072 131 1258 251 778 257 123 665 1834 1193 293 1819 542 1689 534 1795 40 923 309 301 433 1273 1870 1162 1229 240 1695 1540 48 649 1464 1145 737 1369 222 802 1680 1598 880 1333 1187 543 1296 1181 1250 1492 530 1439 1596 985 810 1219 1936 1952 1034 1764 470 760 1917 1796 656 23 57 136 223 1097 194 180 1305 17 918 849 1115 1909 1325 1063 1840 1746 1513 1756 1804 1277 651 317 1947 658 505 954 1626 1288 630 909 1688 1064 198 1469 1542 1842 1190 475 1177 1127 355 202 1836 117 860 1191 1565 615 1248 108 1050 169 773 1575 1781 1515 1630 498 984 96 1413 114 457 865 429 1720 510 1203 842 626 516 897 191 232 228 1361 946 212 285 800 219 1205 1617 1059 844 743 1894 1985 254 549 296 456 1583 933 907 1078 1041 1861 1223 283 1749 1053 1416 336 1241 1671 1450 645 881 490 1907 514 553 1092 315 613 1576 1528 745 1852 1625 171 71 1040 755 265 685 15 441 424 845 561 916 1516 1434 437 1825 1584 748 1682 1293 1570 1271 1585 1207 129 525 953 302 1267 1142 1409 1891 641 1023 100 491 790 554 789 1233 1230 759 1600 1897 1739 88 394 1802 1178 154 1283 677 1087 207 835 1493 991 1838 1408 276 1382 480 242 1334 1681 1118 1309 1073 272 606 1593 1448 1237 886 683 253 604 1164 1582 1012 573 1508 1328 1858 708 1726 1554 1423 497 248 427 483 504 1170 917 1988 1071 1865 1069 303 250 1687 1370 1179 944 1106 74 1256 1292 1942 1304 1007 1652 724 714 1875 358 720 459 211 1427 1459 304 266 1789 435 46 1774 335 1280 1175 1401 1742 448 379 507 1566 1153 1225 1803 1556 1212 831 1120 982 1471 749 214 
minDistance: 3.60487
cost: 357338
capacity: 298772
time: 31168
maxTime: 60000
LS1: 21109/21958
LS2: 332/849
LS3: 0/0
shakeIters: 488
shakeLoops: 42
