3.25179:2097 3.29439:2804 3.36094:4067 3.37648:4609 3.40571:4904 3.41117:5010 3.41697:8577 3.42012:12297 3.42128:12836 3.4234:13025 3.43813:13569 3.4417:13669 3.44497:13851 3.45301:15321 3.46529:15619 3.46542:16876 3.46693:17173 3.47293:18289 3.50908:18713 3.51488:19117 3.54375:20512 3.54702:20721 3.55665:21729 3.56133:24374 3.57518:54864 3.57957:57178 
446 1613 1803 1499 125 982 1362 17 1719 82 93 1626 1223 334 1447 458 645 1368 567 137 1554 1237 685 1044 1620 100 928 336 185 285 1002 1472 75 730 1190 1006 1164 702 933 202 1120 68 250 1293 27 1093 1471 171 1796 897 1315 1475 77 355 339 315 1230 1516 954 1375 1461 292 1570 1106 1410 1069 1534 255 842 1217 335 626 1124 1409 474 15 1698 1455 304 1154 651 16 619 464 58 907 55 1071 755 641 1804 1883 1427 753 232 625 1565 1051 375 420 1386 1041 1032 1092 785 1270 634 1614 1541 1020 407 554 1177 276 1277 844 74 1258 1266 884 1353 1894 1630 1744 946 530 1250 989 456 1296 1412 665 1897 1680 1256 1423 519 133 123 514 1493 534 613 1089 449 682 1267 368 893 510 441 615 60 1546 493 1625 1756 1545 73 1292 1453 1507 1777 917 745 865 418 529 1371 549 713 1753 1283 1858 869 240 513 1027 1372 1990 1408 1047 1404 572 1761 374 184 695 860 1304 1870 1397 1019 1101 447 1369 579 748 834 1434 283 1695 1357 1073 1523 1517 1952 1115 1406 1333 1709 1407 792 1722 1072 1334 401 1596 1842 1944 985 1439 1784 1264 1365 1634 404 301 1735 1331 351 1839 99 1176 1040 1240 435 1909 1501 1675 176 306 525 1050 1033 1716 1950 1039 760 57 497 1125 964 1064 427 647 490 1677 194 85 1536 683 902 475 1401 1585 1671 1034 901 1220 384 87 1738 1398 272 394 1936 1221 1773 1450 483 156 1875 115 1774 88 1562 564 492 689 1985 1976 95 1643 984 1881 873 1912 1598 160 1399 254 1382 1157 1682 128 191 1384 257 317 1583 1335 546 1121 720 1852 1179 864 1087 1370 267 786 395 1448 923 1191 1676 1305 433 789 643 777 429 618 1063 1913 770 1273 1469 1413 28 991 1595 749 212 1762 835 46 693 414 1739 1182 1143 1896 909 1306 1593 1008 47 1764 1416 1672 667 1502 1746 862 1203 1012 31 1641 1094 1271 1229 1819 378 1508 369 1783 553 1602 379 1170 159 556 828 211 1521 450 219 1346 1330 412 1178 851 1700 1728 253 97 1549 1207 270 817 470 1780 773 303 600 1043 13 1863 347 1059 1213 1355 542 1749 1743 1994 1917 1652 1053 800 198 316 1576 498 1320 358 1688 1515 505 1561 108 
minDistance: 3.57957
cost: 367330
capacity: 298744
time: 57178
maxTime: 60000
LS1: 19510/20440
LS2: 458/930
LS3: 0/0
shakeIters: 446
shakeLoops: 39
