3.27051:2148 3.29439:2444 3.29469:2612 3.32915:3170 3.33487:3386 3.37189:3767 3.39067:5518 3.40303:6058 3.42012:6222 3.42927:9775 3.45301:13556 3.46529:13847 3.47293:15967 3.49813:19663 3.50142:24768 3.50908:31021 
1398 1626 445 1121 1772 917 754 267 921 692 1554 1515 180 1795 1446 284 944 1819 317 1747 685 1351 1956 1258 876 908 395 1170 1560 1320 1097 477 1997 265 949 82 514 1529 788 1842 224 510 1612 1106 792 1182 618 1583 1695 1412 117 1426 1292 493 1700 1490 412 55 324 394 782 1367 1288 860 1046 916 596 841 99 553 777 1044 303 356 1883 379 1 559 260 1739 253 1247 786 1306 773 254 993 1179 1861 1053 1625 663 1071 261 1212 286 1003 336 1728 1479 1955 184 1434 433 1331 1439 371 543 1372 420 1552 316 1681 1043 1602 244 1370 368 97 1344 577 1154 279 1743 354 934 963 1712 427 570 1219 360 743 1786 1296 529 1237 1672 530 1688 490 458 15 613 1051 137 1361 1381 790 1629 452 1416 549 175 715 459 1540 930 1406 1823 865 1073 708 214 1849 1603 645 1630 1015 240 587 1595 1875 1846 996 1565 1803 1063 1090 248 824 1181 449 128 699 1229 1802 1521 667 895 960 1277 1985 1495 1084 762 1040 1773 364 1671 1355 150 1407 755 211 1870 1566 1177 796 48 1799 931 682 1620 649 1764 688 1469 293 1368 1493 1881 1841 1205 1131 270 748 1078 1315 1362 784 258 1012 202 159 1197 1898 1677 1117 1125 986 985 222 1192 1839 1283 191 1058 169 1124 835 1561 672 1541 309 1101 1539 250 1264 73 651 369 1211 1774 129 1957 74 1410 446 1680 456 1322 612 1194 1118 334 1865 425 1069 524 1577 625 776 568 1335 1305 842 1508 1549 1333 888 156 1250 1451 219 828 1971 1207 165 292 1576 870 355 1271 1048 1534 519 122 907 1749 1374 1516 483 745 173 429 1314 212 1581 1804 450 1536 1910 1912 1261 1034 1328 1230 266 88 1151 950 437 1157 1499 1461 1375 1471 457 1387 604 1223 1241 573 1218 1050 1512 1992 923 1769 1546 1447 1448 689 714 1897 737 1139 789 158 729 1936 765 154 123 1800 255 525 1796 641 1726 424 121 884 656 1538 1399 1976 46 1702 1570 114 1466 1761 50 343 744 720 1817 1990 520 1517 1304 1852 460 100 498 1475 695 1023 621 1657 615 1274 1513 749 1310 1164 1562 28 853 753 1279 283 1556 1698 726 108 1200 1402 556 52 1268 405 1598 1115 1924 984 1979 1582 71 1899 1742 1240 1382 17 1858 1201 991 817 391 1959 1945 1658 499 1780 1788 665 1994 1420 404 
minDistance: 3.50908
cost: 368651
capacity: 298931
time: 31021
maxTime: 60000
LS1: 19613/20472
LS2: 420/859
LS3: 0/0
shakeIters: 423
shakeLoops: 40
