3.15288:1573 3.23127:2097 3.23626:2398 3.29439:2964 3.30005:3226 3.31871:3977 3.31975:4272 3.32017:4583 3.33341:5426 3.40571:6043 3.4061:7707 3.41117:7809 3.41774:8037 3.42026:9400 3.44967:9624 3.45029:10084 3.45796:10257 3.46345:11806 3.46461:13007 3.46529:13094 3.46542:14551 3.46693:16978 3.50709:17138 3.50827:20983 3.50908:21064 3.52496:23926 3.54298:24119 3.54945:24272 3.56527:24937 3.57248:26415 3.57957:53212 
685 1917 530 1899 1012 1722 641 262 1073 459 253 1620 1320 1681 907 1542 504 1221 1368 508 119 1959 628 391 1382 1894 1110 884 384 963 845 1439 268 1492 1370 159 1515 323 1583 690 250 1458 1008 851 1006 549 1398 212 1933 1513 1133 492 1164 1124 399 909 254 745 924 1720 1907 1087 1375 1292 371 1047 1738 77 1593 1955 68 1864 1671 1656 748 137 414 1390 786 214 1994 343 257 1034 1562 448 1154 1078 1014 1120 773 618 115 1541 1756 1694 1427 1742 192 255 1106 683 50 1595 272 1836 1789 333 1187 604 394 1013 770 1454 505 1516 935 1267 1399 917 810 202 755 96 2000 524 1275 777 1069 915 1268 354 1273 266 1796 475 626 429 296 918 1170 652 1335 720 421 574 985 1361 1355 124 1795 428 1256 252 242 1407 446 1626 1804 1230 1293 1802 1971 682 478 665 412 1330 1814 1084 476 1530 1040 1976 1053 645 238 483 1344 1688 982 1817 1402 1852 1622 108 1561 1406 66 1625 1528 1283 749 1842 510 1670 1247 1897 380 317 154 1761 782 1306 377 554 1585 1494 1229 219 1162 117 1097 559 713 123 180 1858 954 1828 986 1277 351 497 1565 433 753 1072 543 1598 789 1333 100 319 1576 470 1455 525 1304 1194 807 873 15 12 293 445 800 1613 1856 46 1446 1645 1566 989 1372 334 1362 279 1264 88 48 1296 1471 931 402 1680 1071 1571 441 1950 634 150 1743 1570 880 1735 1805 1244 1952 379 1416 175 1462 1521 1309 1475 1092 1861 1749 248 490 1900 336 996 1121 321 1764 565 556 615 1617 613 93 1806 1225 869 553 1693 71 1463 346 1461 1647 1652 302 129 895 1469 1177 860 395 1682 1193 1050 1603 493 1698 1384 817 1630 1912 1690 316 457 1227 529 1473 744 726 1975 1841 160 984 1157 1142 1353 1190 304 1881 232 1051 1799 835 1213 1032 140 1255 1347 1063 1546 1985 1556 1552 191 752 1673 480 74 1596 1412 709 1212 693 630 1883 303 1181 1502 1554 842 864 1911 1536 97 31 1486 1746 1250 1600 1410 730 1365 1508 1179 961 1875 1695 1059 498 1205 564 1376 649 689 120 1493 491 671 502 1448 1115 369 284 1280 315 374 198 1261 133 194 1675 447 1769 1687 802 309 456 1163 1191 1207 292 1182 13 82 1101 1409 1434 577 1909 1064 519 
minDistance: 3.57957
cost: 367257
capacity: 298764
time: 53212
maxTime: 60000
LS1: 19727/20579
LS2: 381/852
LS3: 0/0
shakeIters: 440
shakeLoops: 41
