3.05197:1332 3.15081:1954 3.1543:2078 3.17223:2372 3.19676:3097 3.19923:3221 3.29439:3667 3.33966:4080 3.3653:4350 3.39786:7309 3.41117:8024 3.41774:8612 3.42004:8883 3.43564:11800 3.46529:13177 3.47293:18520 3.47443:19817 3.47918:20069 3.48655:21494 3.50142:22173 3.50562:28888 3.50908:28970 3.51859:29103 3.52496:32600 3.52529:33405 3.53402:33676 3.53559:34870 3.53931:37792 3.54526:57827 
1645 1295 1015 1073 1528 1032 394 516 1717 909 814 88 1459 509 1312 45 184 1266 1693 1952 1803 1534 214 744 335 382 904 1019 12 1292 800 1834 149 156 615 1383 1970 1764 1240 1211 1596 1044 1664 1783 1145 730 1068 1453 853 755 46 844 1922 519 154 987 1626 1118 946 954 1690 1131 351 649 1466 907 232 457 1439 1069 1361 1336 1355 753 159 1476 1687 1536 1399 525 618 1221 160 773 896 647 610 1796 1225 658 563 577 1200 743 505 746 137 1377 1849 316 1894 100 1143 108 1508 693 1804 1369 250 254 1761 317 420 1479 96 97 82 1943 334 1671 641 1277 613 1333 128 553 198 491 40 115 1223 1672 1321 506 1749 73 1680 1461 685 782 1190 1738 391 1034 1495 423 13 1962 1846 1039 95 842 630 212 1174 498 1012 478 1510 1842 1852 1517 493 585 1774 429 1041 304 1875 424 1746 1739 194 1181 1177 1546 748 1101 117 1494 358 68 790 1046 915 257 15 713 1164 1570 786 1902 33 23 728 286 497 1124 554 1250 1205 1229 1230 1647 1264 158 1182 1983 1368 490 671 1402 1985 917 1 1063 456 1434 690 571 514 1799 1666 1450 1030 1194 48 1092 1756 1106 1493 425 841 384 441 865 169 56 1561 193 1423 1051 171 296 1120 1371 1271 1334 645 1239 191 517 1994 837 1681 1499 1279 835 549 1475 1398 1675 1936 1219 605 663 752 1446 433 1407 874 1401 301 309 1053 944 464 1280 704 1565 1965 1372 1700 963 1444 1419 265 1768 933 206 947 1644 1335 483 1702 796 850 573 953 255 1228 1471 293 1254 886 1187 1982 561 596 1742 1170 612 74 428 468 1554 223 884 1121 949 278 565 1090 1463 207 845 1891 1658 303 1403 1924 1861 996 480 1560 737 55 1858 1630 568 1712 1296 488 1785 1427 1909 689 1614 1078 1556 1678 556 449 757 918 348 1912 1071 1990 1201 1172 336 1330 1273 991 1600 342 1979 985 1881 1350 1781 1988 1901 259 266 1856 439 357 1951 984 1870 706 510 272 458 1975 1722 1598 1304 1944 626 202 709 1682 99 1416 1786 219 789 1486 28 1178 147 369 897 992 1688 973 114 1191 806 1900 1576 1583 299 1552 601 1897 1050 1207 1344 665 1562 604 1385 1331 1006 1516 165 1819 993 1695 452 529 819 292 720 1409 
minDistance: 3.54526
cost: 365535
capacity: 298788
time: 57827
maxTime: 60000
LS1: 19719/20604
LS2: 408/885
LS3: 0/0
shakeIters: 448
shakeLoops: 39
