3.29439:2295 3.3653:3323 3.39268:3656 3.39743:3947 3.39786:6692 3.42026:8179 3.4234:8746 3.43564:9235 3.44967:9469 3.45301:9592 3.46185:9888 3.4631:10220 3.46345:10644 3.46529:16902 3.46542:17089 3.49249:20011 3.50908:20293 3.51983:21660 3.52496:21795 3.52529:26360 3.55665:27802 3.56205:30498 3.56527:39177 3.5742:47853 3.57476:49113 3.57957:52437 
450 873 743 1739 851 1073 1521 1403 31 55 802 1401 1406 1053 97 1799 1464 1644 1371 1434 1695 1999 498 807 335 1416 1839 1090 1687 1050 1475 211 1307 433 901 565 753 1346 1192 1087 1020 1436 1264 777 1330 508 1861 33 1576 250 1355 909 810 212 525 198 1617 480 790 915 568 1256 649 115 1602 242 254 191 427 156 1784 456 470 206 556 1630 490 1590 1446 1797 416 907 304 1744 1283 1230 1593 1836 1570 651 884 626 1492 453 1690 704 1680 554 1768 1191 1143 1508 1928 1063 1891 303 1398 1606 391 299 1786 596 1688 1101 1455 835 1078 917 54 283 1471 1870 1682 77 119 364 1032 1006 1528 828 1541 153 1034 720 1490 1120 1900 394 233 1182 89 570 1205 1834 1975 292 1966 1585 845 158 240 1344 360 184 1331 1 251 1333 1881 862 1384 57 137 1193 302 1059 1279 1777 159 309 682 1437 202 343 1293 1409 82 268 1536 171 529 128 478 28 458 1997 1271 17 1207 1325 1064 169 160 454 1613 641 272 1504 934 334 256 865 1320 15 1675 685 1785 1450 429 1819 1922 1546 987 963 1761 336 194 1164 203 757 1374 278 842 1228 832 1312 1983 1897 441 612 530 1479 982 421 1427 1738 604 993 476 1803 1407 1356 755 516 794 1142 96 1749 1423 1296 506 1774 1237 1334 1461 1267 1950 133 1213 1625 1153 1840 800 762 1145 214 1412 1802 1336 1151 1912 1453 737 100 745 645 1493 40 773 1157 1383 844 449 1382 1203 1685 893 108 1556 293 1247 74 1219 1686 1121 1561 1372 1717 1229 1671 301 789 746 1513 665 1787 613 209 619 1626 1842 695 782 1962 261 1357 219 1580 1936 401 1779 464 1582 46 1106 1516 1439 1448 1335 1789 257 1069 976 1092 817 491 1970 984 1369 519 1309 1404 1304 1634 1875 944 889 492 555 1917 1976 961 713 1894 1176 1852 277 1822 395 1689 493 571 104 1858 1286 1896 1071 1851 1722 1051 267 1181 1368 51 1673 1302 1124 439 920 1091 1223 1451 1012 432 154 13 1720 1008 748 923 573 996 1666 1990 12 1221 878 1351 1780 52 510 1620 1907 1592 248 749 572 1655 354 946 564 504 1040 546 420 897 1681 1314 1764 658 1469 1994 180 457 849 1804 1664 190 1584 135 358 1072 774 223 1353 1645 88 316 1462 1806 1273 1408 1187 1375 409 
minDistance: 3.57957
cost: 368490
capacity: 298804
time: 52437
maxTime: 60000
LS1: 20219/21143
LS2: 451/924
LS3: 0/0
shakeIters: 447
shakeLoops: 41
