3.18006:2060 3.18685:2511 3.21806:2727 3.27051:3601 3.29439:4134 3.29469:4567 3.32017:6225 3.33341:6846 3.39786:7234 3.40571:8362 3.45029:8702 3.46693:9468 3.47642:9940 3.50142:12841 3.50827:14014 3.50908:14415 3.51969:14560 3.52496:17256 3.53931:18811 3.54375:20305 3.54945:28362 3.55327:35177 3.55665:38822 3.57518:41329 
907 1508 292 459 1321 214 677 1181 1952 1051 993 1883 23 1450 1649 860 324 1157 1764 242 48 1834 1092 1924 140 1063 209 1216 1891 1196 1629 1561 1852 154 1170 1273 1686 1613 844 1785 1375 641 1219 909 1304 254 1402 1761 433 689 255 1052 97 600 402 1310 755 1635 170 1614 850 645 219 596 180 1961 1207 1738 1223 753 1846 1985 1546 1154 321 489 730 1124 1078 1279 748 336 359 1842 1726 285 1870 1712 73 1576 198 790 1795 1805 713 1264 316 1089 1528 728 1205 343 1517 1370 749 1296 1335 1829 1012 1050 559 75 160 1362 1461 1361 1330 759 770 28 1162 1413 516 72 695 1384 789 1255 743 169 1507 1988 1622 457 88 651 1596 1406 949 1828 478 1247 1320 57 476 317 441 12 1069 1423 720 1448 946 1382 1267 806 1907 1182 1277 688 1471 510 420 752 542 1229 435 1475 917 1666 1774 1495 985 687 1153 99 1858 424 33 475 1003 982 303 1803 1909 1164 1121 996 439 1634 69 1416 1556 1943 1368 82 1687 117 1041 1600 1641 520 1492 1746 1573 1256 615 191 498 1516 350 1672 1990 1040 908 1675 884 1344 1593 817 1071 240 647 1462 835 251 1541 341 1325 1204 1856 202 1190 449 546 1371 1331 853 628 1 1261 1106 1023 1194 1200 60 412 283 1951 1957 119 1521 1412 599 464 1626 114 1583 100 1690 1638 1844 1493 574 524 693 1814 168 497 194 1203 375 351 525 593 1230 1681 658 1057 483 802 1499 683 1355 529 374 1293 1427 1390 918 1999 930 1739 1177 1073 630 1897 556 1625 309 564 211 1420 1246 940 416 675 1044 1779 1680 514 1434 223 1799 175 1570 1008 1237 1034 1292 1529 1769 984 429 944 1861 1688 1439 573 1322 1225 46 626 1673 258 377 1266 519 136 726 115 1571 932 953 1405 1743 1780 456 1695 873 1637 293 915 212 604 1151 1398 665 1796 1536 448 1031 1396 334 745 1630 1898 74 530 1782 1822 1351 549 426 976 184 1302 1976 964 253 685 35 867 845 649 1395 842 1575 1360 335 1534 1014 1804 304 1994 617 137 1912 1875 1288 1729 470 886 841 1584 923 928 108 1191 553 613 1806 491 47 427 1652 176 250 1410 1702 1523 1336 232 68 1677 1271 1250 807 1620 1142 782 1786 831 158 480 1555 1936 1515 1328 490 877 
minDistance: 3.57518
cost: 366831
capacity: 298839
time: 41329
maxTime: 60000
LS1: 21346/22198
LS2: 375/852
LS3: 0/0
shakeIters: 453
shakeLoops: 40
