3.23127:2192 3.27051:2555 3.32017:3360 3.33463:3669 3.33487:3879 3.3653:4445 3.37189:5099 3.39786:7053 3.40571:7640 3.42004:10597 3.44183:37592 3.45029:42169 3.46345:45220 3.46542:47131 3.47443:47224 3.47642:48501 3.50908:48773 3.52529:56291 
777 804 491 250 1580 730 136 789 649 1911 651 841 1736 1361 1273 1050 819 918 665 984 82 371 1990 549 202 1105 15 1856 1536 313 723 526 20 293 524 1630 75 630 591 1214 693 1620 1785 1040 1293 1399 180 1087 1071 1002 1583 449 343 1688 535 1592 931 1228 1651 1348 1896 184 1344 407 755 996 240 475 1271 194 1176 529 219 1655 1229 516 1309 1720 171 1121 96 74 1517 242 556 1794 1858 412 1576 159 1466 253 1571 228 678 156 1556 470 1561 628 933 1258 1552 309 77 930 1335 468 1225 1743 1803 1492 1554 453 1954 384 368 683 97 1124 1520 404 1773 867 1098 1039 1738 1360 765 1951 401 1756 907 1434 596 1436 1207 1331 1120 895 1980 1882 1829 695 706 759 409 1933 492 262 1355 618 1450 1469 168 757 433 1924 1118 1015 1681 380 970 566 1069 1575 1746 1368 944 1611 1471 115 1451 949 1106 634 1985 1301 1101 1521 1657 1870 917 1840 1716 1897 1043 1978 304 964 720 123 817 802 1643 1461 1672 1385 860 865 582 1413 778 1994 1084 1072 1600 1182 1406 1170 1645 1647 525 514 1686 458 296 1408 748 1680 1453 1375 1267 1842 1362 1602 160 1279 335 613 99 1799 940 1976 476 1795 1423 389 170 1652 1135 351 1783 1926 117 1401 68 1787 641 1516 1780 749 513 1038 786 954 1223 1764 1264 1546 1023 1861 429 1698 1562 1416 1138 1191 1774 1280 411 993 884 839 137 987 46 1695 71 1857 1475 973 198 963 1195 1570 680 1395 1177 762 1302 370 682 1250 1565 1979 1230 1053 864 1818 1912 72 1427 1665 1134 845 875 1687 420 632 1959 1590 255 459 985 1012 1612 619 1903 191 425 605 1463 1626 1419 923 1868 103 1513 457 1283 272 1199 402 342 1320 504 1749 1296 842 299 1744 1255 316 862 837 424 1508 1244 1398 1256 1219 1834 921 1789 897 1383 490 645 1786 169 1266 128 1819 285 93 1175 1078 1145 70 685 994 498 1372 530 301 1190 1448 1541 1677 604 441 635 303 564 553 437 379 1342 1094 932 1034 1414 1409 1369 728 520 153 266 1241 1179 119 552 1595 456 510 671 1813 85 1702 1545 140 1328 325 1387 1961 1489 336 744 1063 224 1598 1144 133 28 1472 1041 1181 1909 1488 428 1075 647 1742 1051 1490 292 689 1512 1164 1804 1330 47 935 1852 154 1032 383 12 1203 1405 
minDistance: 3.52529
cost: 369079
capacity: 298758
time: 56291
maxTime: 60000
LS1: 19012/19910
LS2: 483/898
LS3: 0/0
shakeIters: 397
shakeLoops: 36
