3.18006:1798 3.22564:2526 3.32265:3309 3.33252:3496 3.35746:3795 3.3653:4106 3.37189:4599 3.3744:4837 3.37648:5434 3.40571:5816 3.41774:9680 3.42012:10548 3.42641:14964 3.43117:15538 3.43564:16515 3.43813:19465 3.4417:19649 3.4631:19829 3.46542:19947 3.47293:23179 3.47443:23901 3.47642:24552 3.50908:24703 3.52496:25218 3.53931:29795 3.54661:32122 3.54945:32626 3.55253:32820 3.55424:34018 3.55665:34113 3.57248:35388 3.57714:58271 
429 714 1781 1225 450 1375 834 1593 433 1516 1063 1799 1205 1223 1645 1330 1271 1179 123 1688 1015 1576 1193 336 247 1521 932 1050 1689 641 1617 1331 153 1665 1135 842 1275 817 613 272 1994 1493 1264 865 935 1227 154 1876 1508 1427 1666 1897 509 1937 1571 1814 96 12 74 1229 304 1355 1898 749 1844 1671 108 1399 1382 1495 1087 1562 1258 1121 341 1069 414 618 571 1153 371 561 1361 1051 293 89 405 1410 180 1764 150 1912 1749 1351 1728 1145 986 391 573 1602 680 672 1034 917 309 1976 1626 333 358 1213 1384 851 476 1293 1019 1917 737 1479 301 1383 1971 1219 1014 1471 1007 1584 1398 441 1909 1687 683 1561 498 1423 1071 1059 543 1461 923 194 1875 1212 1162 693 1474 610 1739 402 1625 1211 68 1807 159 1520 961 214 862 584 984 1154 773 468 502 1369 1804 354 748 615 953 1064 516 1996 1407 1372 1695 1773 170 411 380 47 158 689 1861 1365 783 1647 453 1230 978 458 140 292 525 1556 1780 456 1761 478 1078 1570 860 1565 1348 111 267 1620 1590 873 604 331 1413 1436 582 475 1546 198 534 1032 893 299 1743 1630 790 497 1907 383 1891 1552 439 1943 1084 253 570 549 1502 1541 206 1250 985 1959 745 519 457 470 1101 1448 1416 564 1566 343 513 1492 835 421 1182 789 1613 1840 480 447 248 1693 1283 334 875 1151 1858 960 1486 884 1142 1540 1583 755 1207 1402 1406 169 46 1439 384 316 1585 1614 730 556 720 119 13 1455 1652 530 1786 490 254 626 685 529 22 82 57 612 1280 907 1309 778 944 1053 554 1012 176 1273 1408 807 1267 1957 818 1851 1106 1600 504 1883 810 565 1842 1785 117 848 1368 1577 303 645 1328 508 1838 266 897 128 1985 242 1846 1762 1073 56 883 545 510 126 1990 233 1164 55 313 950 202 192 1296 1127 559 1412 420 704 23 1856 1717 1124 1093 219 1894 483 1698 97 1307 658 220 335 1575 1302 15 1789 1221 394 1795 124 28 276 1268 1335 1143 1040 296 1395 1190 87 492 1819 1181 1451 800 1409 933 1191 625 793 1656 1463 137 1347 1458 211 802 1680 401 709 29 1515 1353 1120 1334 1818 1187 1886 1490 351 141 156 160 1304 133 464 1535 665 1203 
minDistance: 3.57714
cost: 363064
capacity: 298736
time: 58271
maxTime: 60000
LS1: 20847/21694
LS2: 335/847
LS3: 0/0
shakeIters: 480
shakeLoops: 41
