3.22564:2155 3.27051:2537 3.29439:3275 3.29469:3427 3.33487:3820 3.37189:4816 3.39786:5341 3.40571:5712 3.41117:7340 3.41697:8665 3.41774:10252 3.42004:17720 3.42012:19849 3.43564:19951 3.44497:21737 3.44967:21832 3.46529:22249 3.50142:26499 3.50709:30178 3.50908:30398 3.51488:30642 3.51983:34903 3.52496:36653 3.52529:46284 3.53402:52488 3.53481:52617 3.53559:52717 
860 917 651 749 1296 1362 828 835 1516 1015 231 59 567 985 1695 1420 743 358 1517 744 1479 713 649 1534 1360 66 1334 1305 1842 412 285 219 516 1952 1406 1687 1361 140 1207 1875 989 1739 873 1846 1556 321 1250 1817 1819 1521 1897 767 1783 491 1321 1620 1795 457 1726 549 748 1614 108 596 202 559 475 976 488 154 375 842 427 1092 928 440 334 626 1546 1153 1377 685 1494 114 1194 1861 996 314 336 1328 1344 970 1405 984 1398 1409 429 1738 19 119 74 1536 191 1190 1120 572 168 1087 1170 573 317 553 33 1780 470 1633 1870 1304 1681 693 1881 1976 490 342 1600 1746 1255 1266 1595 1481 232 198 1355 1851 272 1852 371 1 886 953 1230 524 242 1191 1256 689 1652 1571 1020 1073 1157 509 1041 1047 563 1414 1154 1804 1197 261 1844 1786 483 530 1475 156 918 1693 714 1046 1975 755 1012 762 158 250 48 1453 445 1382 865 1727 963 508 46 1857 489 1244 605 409 1581 441 1782 420 1320 1499 881 1118 745 1803 935 561 309 251 1462 1680 1492 1271 950 12 1900 1799 645 452 1924 404 1280 1401 641 1268 1671 97 817 266 1561 1672 1541 1370 753 1219 1241 1003 214 1330 1335 1689 1225 1228 262 987 844 628 1331 1710 498 1912 782 480 1898 325 1630 1685 1936 1985 1273 1969 233 930 1347 379 128 1229 991 864 1336 1469 869 160 425 1416 180 630 228 1891 1471 1385 370 1756 1447 1635 789 777 1240 1071 510 257 1592 907 1182 324 1461 1833 1513 1582 564 1069 806 1796 1368 1854 1641 1121 138 478 88 1949 1279 790 783 1292 1164 1493 72 665 1349 1419 565 1545 924 619 1267 435 909 506 915 732 595 1050 1098 1072 600 1486 1333 28 75 1434 1446 1509 1106 1264 433 1858 1023 1593 1463 248 1528 730 1369 254 1439 1205 680 1501 1051 1702 1761 1381 687 297 456 613 129 708 303 908 720 1338 464 1063 556 1437 96 467 505 341 1647 545 1735 1626 194 384 1585 707 1560 1247 1040 1743 316 1979 867 1540 1675 1602 1584 1794 1823 1764 845 159 1603 1749 1028 802 1774 625 117 1994 1734 86 1720 1375 374 258 454 704 184 923 212 1295 1742 1473 1555 1325 137 31 335 1508 204 514 238 1665 837 1427 58 671 615 301 255 1894 1948 357 1945 1293 1101 1181 519 150 47 1124 1399 529 525 1390 
minDistance: 3.53559
cost: 363370
capacity: 298815
time: 52717
maxTime: 60000
LS1: 19067/19931
LS2: 429/864
LS3: 0/0
shakeIters: 408
shakeLoops: 37
