3.19923:2175 3.29439:2861 3.31705:3377 3.32206:5473 3.32915:5670 3.33487:5865 3.3653:6556 3.39786:10124 3.40571:12179 3.42012:13845 3.43813:14107 3.44497:14261 3.45029:14583 3.45301:16223 3.46529:17007 3.46542:19880 3.47293:38072 3.49249:38301 3.50562:55725 3.54298:56618 3.54803:56862 3.55027:57094 3.56133:57494 3.57248:58881 
1817 470 323 1695 1772 1 1398 331 56 117 1950 524 441 693 489 74 810 1197 1365 1384 1170 915 867 128 1774 108 165 267 1413 1416 242 1553 879 1322 158 257 1842 1101 1296 1545 1471 299 212 1444 849 749 908 1334 918 317 1521 1250 1358 982 1671 949 542 845 1764 1556 1210 468 1090 100 1439 1041 456 1983 1164 672 613 475 1410 1761 1369 544 641 753 226 1274 1903 1328 1576 380 248 1078 1355 985 653 1068 1613 383 1320 695 1360 1784 1043 449 1271 1368 1203 1211 133 1375 232 1971 1002 865 1353 1959 869 685 160 841 989 1909 303 1981 12 1676 720 159 1985 1230 1516 1427 499 1583 1900 23 1105 626 1517 1717 1693 1552 1943 1570 1675 601 842 1720 214 1455 414 358 689 156 953 1742 493 1121 1382 15 943 209 649 1434 529 1237 935 1865 1891 1179 75 394 1448 343 1207 1241 433 238 1523 1712 459 665 1157 82 579 755 1575 1335 525 564 1047 72 1598 1952 476 1348 1582 504 1600 1067 1292 1785 835 1994 384 1190 1819 1124 369 1357 1040 1114 917 1330 293 1803 1003 1106 457 1071 1540 1053 1420 1034 191 1562 354 150 1698 1069 897 1299 1277 1593 630 1739 709 272 1664 13 1219 1361 881 873 1293 1255 99 1283 1028 1912 1212 250 1492 1474 1120 1371 483 265 52 1990 530 645 1499 1302 1595 828 1391 745 1922 474 1799 180 28 1248 964 746 682 1333 1602 713 1935 1902 1012 540 1596 1625 439 1154 1746 1508 1027 447 1145 194 651 254 1267 1019 1233 553 297 1223 770 1546 97 123 1529 634 1256 714 984 1143 335 1626 316 1494 568 1876 886 1193 862 940 196 615 1407 1976 1268 491 1875 211 498 1060 1344 219 604 1200 1680 1026 1804 1936 60 46 402 1205 1997 994 227 748 1687 744 93 1279 1191 950 1975 1051 1153 17 240 33 1201 1116 1409 278 184 292 1108 923 1783 561 1050 1682 884 1451 549 1089 1907 1955 202 1412 1870 1688 336 1029 379 301 1011 1073 88 1181 1461 1924 556 1988 686 514 1702 1228 497 831 420 628 920 198 1894 1565 1402 567 1796 1493 1616 834 1645 610 154 1309 1264 1162 757 1561 1304 1406 611 1149 48 270 334 1084 452 1401 1541 807 464 1795 1881 1247 625 137 1063 1044 492 119 789 1015 371 1172 
minDistance: 3.57248
cost: 368314
capacity: 298879
time: 58881
maxTime: 60000
LS1: 18713/19581
LS2: 435/868
LS3: 0/0
shakeIters: 409
shakeLoops: 38
