3.19676:1937 3.19874:2182 3.22564:2455 3.25179:2975 3.29073:3829 3.29439:4129 3.42012:7984 3.44967:8902 3.45166:8992 3.4631:9464 3.46345:9597 3.46529:9769 3.47293:10297 3.47443:17786 3.50142:19023 3.50908:23600 3.51859:29099 3.51969:29492 3.52529:35624 3.53559:36087 3.54526:41534 3.54803:49028 3.54945:59183 
1861 1772 108 1883 1625 546 873 665 212 1320 1907 169 238 605 604 1626 1710 1509 1434 1983 525 1872 86 1761 817 1881 1489 160 384 641 137 1924 1634 1023 1071 626 1842 837 1544 1355 895 247 1508 1089 1302 204 1576 1266 1068 285 1677 12 1264 1612 630 1349 1003 1059 483 573 1716 1495 17 1106 1092 1382 572 694 1204 1463 1344 909 456 1756 1157 1020 15 1370 1219 729 284 1048 261 1118 1870 168 530 194 982 1593 842 714 1277 519 1688 1416 60 786 374 303 954 1801 286 1436 645 1150 1841 1774 1073 1321 29 860 1620 1795 1372 165 1305 1645 1515 1330 1221 1598 1600 184 810 1063 1494 498 1335 1115 953 596 1446 1164 1261 510 812 1804 1051 267 568 140 1570 214 219 1613 1244 1536 1695 1863 540 964 1058 915 441 1682 1292 1467 420 66 1181 1409 1075 358 1040 615 309 924 506 454 1838 1552 1357 1368 1966 452 695 1603 270 1427 1912 33 487 115 491 1294 1193 1205 449 1891 1675 1894 185 114 682 202 1814 1248 1976 1702 468 713 1019 1595 748 1230 1561 490 497 1899 1250 737 1994 46 635 429 1667 1875 1516 320 368 800 807 1803 616 45 782 499 58 1490 1583 1571 1657 1256 122 317 1582 513 1201 1072 258 1410 689 1215 752 1386 773 886 1473 1834 1492 97 223 1558 844 1786 745 1796 433 334 1053 1041 1556 1979 744 1356 1121 47 260 996 1190 918 864 610 1034 1764 129 211 1043 1420 1553 1120 464 831 1225 240 649 574 1471 902 159 790 1334 1182 1647 853 264 254 743 613 283 1743 1951 222 48 862 908 1111 398 119 556 1177 944 1233 1461 1680 1439 1207 1267 672 369 421 923 619 1933 841 13 653 1296 1304 1936 1124 1686 1279 933 789 304 1510 529 1179 1777 394 1012 1521 889 1846 88 1852 806 255 95 1013 949 946 488 1240 1403 316 1687 1817 1348 685 1585 1799 1138 1616 571 55 1398 1399 728 379 1562 427 984 458 272 1943 1424 1565 720 1717 1333 704 1685 1293 1671 726 621 1988 1229 549 1406 1738 366 117 1328 336 1844 1928 702 770 435 1375 377 1596 1728 1896 1819 1897 1768 753 917 1529 1437 564 74 514 1783 1997 388 1450 559 1039 1950 1309 1090 991 470 461 618 1746 1475 1050 1401 1546 467 1191 1681 
minDistance: 3.54945
cost: 367844
capacity: 298836
time: 59183
maxTime: 60000
LS1: 19436/20370
LS2: 491/934
LS3: 0/0
shakeIters: 420
shakeLoops: 38
