3.23626:1978 3.29439:2702 3.32017:3119 3.32206:3364 3.32915:3617 3.41117:4027 3.4234:4260 3.44183:5014 3.45796:6462 3.46529:7493 3.46542:7755 3.47443:13358 3.50827:14491 3.50908:14775 3.51969:16582 3.52529:19922 3.53301:20589 3.54375:20720 3.54945:20949 3.55665:21322 3.56057:26381 3.57659:52629 3.57957:52779 3.58254:56895 
1955 1508 1153 303 745 1576 1267 1002 73 1746 1467 656 713 1304 851 1069 1059 420 492 1432 12 1540 903 549 1829 490 1677 402 1179 424 1196 306 1600 1180 817 1521 1084 1283 119 1626 753 1814 1370 1898 267 202 1592 553 1743 565 499 1060 1040 1353 1630 1410 1423 663 429 194 1143 1034 1582 1575 1401 28 1695 304 1346 1335 1595 634 1633 1044 441 464 1571 1455 83 1899 879 184 11 1448 293 645 918 842 439 1552 649 704 892 1461 13 426 950 309 40 93 46 140 1439 317 1375 1801 1 266 1789 1416 336 782 993 211 505 159 1275 1736 461 476 953 348 374 1842 58 1012 559 964 1675 1398 1357 1761 1351 1142 561 626 1127 693 1261 1258 1014 135 934 647 924 1333 1191 335 500 111 802 1647 455 1556 1680 923 242 1106 1003 1223 708 1229 1745 1784 15 1008 82 1162 414 1894 630 1625 1205 744 285 1804 272 884 1585 1620 375 498 1038 800 1756 1535 66 1271 1462 1534 777 1194 1331 786 643 160 695 1302 457 1897 604 1320 258 1951 1011 1164 97 316 1492 540 770 689 1667 35 1204 1121 1489 1687 748 507 625 260 1698 1994 433 300 1583 1047 1139 1970 117 470 720 1803 447 613 1665 1446 435 1738 1219 253 133 985 1071 514 1051 519 525 1952 240 909 1255 534 1530 1330 247 214 108 1362 1361 1092 250 844 886 1414 869 156 1613 1434 1402 1682 1988 933 292 284 1408 1154 52 1570 1989 74 1863 940 99 984 379 1230 1371 150 1769 1997 1090 554 1359 369 1041 37 23 1053 1866 129 726 1561 1268 283 1407 158 1875 206 1786 458 1957 917 88 449 529 191 873 1971 1073 1350 1250 1562 960 411 1063 1264 1187 1822 612 568 1315 282 584 1493 1512 641 1546 212 1406 1296 1796 1409 1087 1594 807 1453 456 564 1602 1225 370 1355 987 404 1157 714 1120 1942 412 1985 1598 621 1541 252 1806 123 50 1749 665 475 1671 1427 1697 474 1672 615 1812 1795 1280 1870 1399 1779 1856 1764 1471 1912 334 1844 137 427 1490 1170 394 841 1681 867 1064 906 1909 829 1372 452 1565 1292 860 789 1876 1774 1019 628 1463 1469 530 1917 1891 883 296 614 845 219 198 1181 1027 1825 1739 1384 81 1720 506 1382 1404 254 1100 75 685 
minDistance: 3.58254
cost: 366061
capacity: 298731
time: 56895
maxTime: 60000
LS1: 18167/19234
LS2: 655/1067
LS3: 0/0
shakeIters: 388
shakeLoops: 32
