3.19923:1777 3.23626:2661 3.29439:3096 3.29998:4069 3.30005:4593 3.32017:4839 3.33966:5396 3.3653:5738 3.37189:5949 3.4073:6331 3.41117:6564 3.4128:7981 3.42012:10782 3.44967:11702 3.46529:12019 3.46693:16084 3.48655:16277 3.51969:20150 3.52496:20276 3.52529:20495 3.53931:25862 3.54661:36329 3.55424:38851 3.55665:40740 3.56133:57536 3.56459:60001 
1105 525 1576 1200 1712 1410 796 570 1517 1213 1598 156 470 1412 176 1279 689 1015 1420 630 1907 1349 383 1494 1590 1302 604 1515 458 915 119 921 117 1858 412 1398 165 1788 169 1471 586 1783 428 1069 793 1057 1455 1579 82 1861 991 1029 1051 1271 1462 293 596 1761 57 1842 1365 984 1154 1962 749 1834 250 1423 1500 877 1846 693 1690 114 1330 1427 853 713 1617 154 606 1856 1570 420 665 1582 433 1293 184 1613 985 667 1283 323 1807 645 1401 1014 194 1120 1406 283 708 349 445 1370 1786 647 1191 536 429 1680 464 1625 1600 384 1881 933 211 953 1499 1804 1357 168 849 1250 1296 180 1190 1587 561 1384 964 1749 202 1280 1419 909 185 1883 224 695 1710 1936 339 1583 1797 851 1320 752 1620 1361 1561 252 556 1693 1844 1182 574 1240 96 807 13 1344 1399 1902 1671 1917 1959 1299 862 309 1304 1207 1997 483 1541 1430 1382 508 87 1852 336 1966 1093 1489 240 1040 505 773 992 212 786 498 1325 1362 1742 1805 728 1409 1181 712 255 1328 1124 303 1143 1672 380 1463 1933 1643 1984 961 191 33 379 160 1716 1898 748 1516 510 1115 260 963 1448 1335 334 251 1743 223 1267 530 1101 272 1951 886 1655 1502 1584 1360 1508 1534 74 1955 12 770 928 1803 1922 982 553 1071 108 819 1529 231 457 1331 232 1212 683 1976 1164 755 1439 35 1346 261 1699 1348 549 564 427 301 1073 917 834 946 1475 1897 573 439 745 1253 529 737 15 1891 651 880 1652 789 1256 1353 753 1229 1983 1053 1731 765 1647 1153 1762 1764 944 1912 1738 1368 1756 100 1031 1230 1375 1985 128 360 1333 1774 1041 873 720 1063 841 480 1012 1677 115 1416 315 1744 1799 1436 1729 613 1201 1106 137 923 1626 159 1814 930 1219 58 1336 198 456 546 842 468 1630 1728 1911 1177 369 1032 275 777 86 1492 1691 641 1688 1875 282 1899 1199 97 59 1828 1675 99 1246 317 28 658 907 242 1273 285 204 131 1575 401 540 140 46 1402 1784 254 418 1446 918 276 1459 1556 304 123 88 1870 924 459 1695 316 1351 414 266 1451 1493 1606 441 1461 47 1050 1205 1178 1043 1596 258 324 104 1780 394 1676 1121 1682 1593 490 1521 335 1450 792 685 1404 1994 1495 1414 1536 1571 1469 1355 
minDistance: 3.56459
cost: 357496
capacity: 298780
time: 60001
maxTime: 60000
LS1: 19612/20466
LS2: 402/854
LS3: 0/0
shakeIters: 426
shakeLoops: 39
