3.05197:1409 3.23199:2384 3.28911:3167 3.29439:6300 3.32017:8001 3.33341:8487 3.36094:9066 3.3653:9150 3.41117:16891 3.41774:20349 3.42004:20734 3.42927:21145 3.44497:21355 3.44967:24086 3.45301:24625 3.45644:26824 3.4631:27166 3.46529:32003 3.47918:32340 3.48816:35263 3.50827:35384 3.50908:35653 3.51028:44120 3.51969:44394 3.52496:47849 3.53559:48869 
58 1296 23 369 879 788 1720 837 704 123 1688 1727 915 1096 428 202 774 137 1600 301 214 1221 1598 1032 582 1994 99 1016 1368 1814 1420 1822 1774 1370 1783 1092 1051 1203 28 1492 1570 1536 1702 1192 483 303 309 511 180 1335 1756 336 1695 682 1803 488 630 613 1402 1344 1181 1069 744 652 154 490 886 1223 293 1866 1321 1804 1472 1416 56 1545 395 1293 860 425 1898 748 1461 525 191 1084 745 1630 737 316 1758 1699 306 933 571 964 1562 1121 45 1264 89 248 1728 564 771 441 1409 260 1120 75 1288 1875 1011 1717 897 651 206 317 1780 1190 1050 746 1204 954 1979 1738 432 1746 198 1450 1743 254 1764 695 1367 1521 1676 1229 1855 1048 16 114 1239 1143 755 1490 1840 342 806 865 1896 1355 930 772 689 1106 1399 1087 265 1090 726 357 1829 108 549 1868 1909 604 1071 74 388 1626 565 493 1565 572 1159 27 1063 94 831 100 819 1620 46 31 807 267 782 863 1576 931 1312 1569 255 985 506 1333 1072 1230 1902 1191 478 706 790 1124 1936 1385 1540 321 1970 461 447 219 1861 96 1139 641 749 158 1471 211 1012 665 1561 394 793 1346 1034 160 1486 1851 424 1596 13 743 991 1682 1528 1475 168 892 55 285 1649 563 1985 498 773 556 923 792 1142 1541 1153 1919 909 1134 433 97 1648 325 1912 505 1466 895 1447 250 1595 499 993 649 1073 1785 1493 242 1398 573 1735 72 950 1943 119 1207 47 1023 1008 159 1739 1590 867 1439 1172 1870 323 1427 1164 1761 916 1635 996 1375 757 1924 752 610 568 1200 1154 82 401 1413 1423 984 1462 804 470 1199 1976 1817 789 1305 1464 875 720 204 917 1193 1444 1834 1414 233 1891 86 374 963 1781 1358 546 949 1279 414 1582 1512 1680 844 35 1406 869 1097 272 1256 1110 33 1613 1897 194 359 1795 1799 1634 1369 1317 1944 516 11 1830 832 530 1729 1250 421 508 1194 1463 1546 800 184 457 859 1698 1489 1841 48 605 918 687 1786 1118 1382 1802 1647 60 514 449 1594 458 1361 645 83 834 435 1516 379 1309 334 1990 375 656 1453 561 190 238 901 420 667 829 1842 475 1019 519 1040 615 529 1060 1573 292 626 1494 1197 1552 1508 1690 708 535 456 
minDistance: 3.53559
cost: 369574
capacity: 298762
time: 48869
maxTime: 60000
LS1: 19331/20224
LS2: 451/893
LS3: 0/0
shakeIters: 416
shakeLoops: 36
