3.1543:1495 3.19676:1800 3.19923:1989 3.23127:2435 3.27051:2661 3.28601:3426 3.29108:3927 3.32168:4421 3.32915:4590 3.33463:4780 3.3653:4975 3.38332:5328 3.39786:5465 3.41117:5745 3.42012:6019 3.44183:6704 3.44497:7448 3.45301:7560 3.4631:7791 3.46542:8436 3.47443:9562 3.50142:14363 3.51488:14650 3.51859:14811 3.51969:24393 3.52496:24849 3.53301:26871 3.53559:34204 3.53931:34516 3.54375:40221 3.55665:46141 3.56527:48708 3.56918:48949 3.57623:53858 
514 335 153 1917 1121 984 164 214 918 1751 72 1124 476 897 723 58 1897 1909 1092 1774 228 1069 1888 1554 1176 1471 1475 1034 1052 1403 292 1985 1626 1032 20 89 1602 1596 931 1566 506 283 259 720 1783 807 1305 1764 441 499 1331 1213 713 185 1593 1907 1335 869 1728 1726 1383 748 1773 1994 1432 301 88 873 1071 303 470 1212 847 570 1193 554 68 261 1017 986 630 184 1399 617 884 1690 1279 1556 1780 1565 1861 1612 427 596 556 1772 191 109 1 293 468 467 844 641 665 753 1309 334 1657 1453 433 179 793 1059 147 1739 1570 1219 1492 645 1296 714 1942 1384 316 52 304 1353 1620 1680 1012 1749 1125 851 853 727 204 1106 276 1117 658 1007 917 923 1255 1264 613 1866 765 459 358 1277 1677 529 1744 1613 202 154 1678 428 336 1804 777 1371 1673 1870 1372 934 1041 1720 1254 414 371 135 1404 1225 1448 749 37 906 23 1450 1625 219 1409 1330 123 1334 525 1375 689 1073 755 935 1598 628 1164 82 963 1237 1630 1333 1768 1328 1983 1043 746 1910 57 1427 1271 1063 13 1839 1207 789 395 1072 730 1513 1230 194 1652 1584 115 456 1365 534 1803 1244 171 1802 156 250 921 160 1250 1368 269 307 1756 1814 379 296 1745 321 1182 1521 46 928 28 1883 325 1267 1682 1902 490 1762 1785 647 348 1671 738 1695 251 682 1360 1040 706 543 1875 1722 231 1502 1097 1486 66 212 272 1561 1852 1545 478 242 510 802 1325 933 1936 1645 405 1786 634 1191 835 12 122 834 1145 584 1490 732 1541 1439 1575 1687 1039 1576 954 385 1717 402 137 1044 1799 860 1355 1603 663 1407 1469 1304 568 409 1536 1688 1050 1881 842 180 530 158 1508 1051 989 99 1446 1664 1516 464 1947 862 1015 1205 985 111 211 773 841 1398 1693 1347 1761 60 475 1101 457 1258 394 1493 1093 1120 17 1461 549 64 1655 223 604 1795 1952 849 15 108 420 1283 93 1406 1105 1689 1468 40 138 1320 1382 728 1344 907 614 1819 458 1975 285 677 1675 1617 117 505 119 1362 693 1912 1179 1235 213 493 1229 625 429 128 1817 1053 1455 1738 275 1361 1348 497 1122 1142 1842 131 757 685 1416 309 270 100 1858 260 1816 355 97 265 133 
minDistance: 3.57623
cost: 363103
capacity: 298737
time: 53858
maxTime: 60000
LS1: 20421/21269
LS2: 363/848
LS3: 0/0
shakeIters: 451
shakeLoops: 40
