3.05197:1117 3.1543:1820 3.19301:2257 3.27051:2740 3.32017:3370 3.33341:3590 3.40293:4056 3.40571:4484 3.42012:4583 3.43564:4940 3.43813:5047 3.44967:5372 3.46529:6273 3.46542:12263 3.47443:12687 3.50142:12785 3.51969:13197 3.52529:14660 3.53301:20462 3.53559:21577 3.54375:23508 3.54526:28115 3.54945:40653 3.55064:44666 3.55253:44764 3.55424:45143 3.55665:46603 
1395 88 1798 254 1335 1583 1875 645 568 1975 765 180 191 1693 748 463 864 1839 336 1063 1596 789 946 1409 1357 1585 1434 1856 949 402 1293 1866 1383 1870 907 75 490 450 834 1598 303 1083 498 1351 1493 737 909 137 1019 92 1645 1803 1620 1474 1796 1680 272 1043 625 33 28 1861 1787 1223 1356 87 1464 1565 917 921 1410 82 940 77 915 379 524 1606 1362 888 1040 986 1570 1142 984 1405 23 1277 433 1686 1541 1911 1672 493 1602 1302 492 454 665 519 111 1267 1398 1536 1749 845 133 219 452 1575 1556 1510 1069 1333 1145 1087 283 159 1191 170 1375 1530 1121 1745 1368 1746 1170 720 1182 695 1783 973 1348 292 1521 1655 374 447 1051 876 953 349 1371 559 169 1780 1577 1032 613 1774 358 99 1101 1304 223 1029 475 1164 786 1309 930 1073 749 933 30 203 370 1034 72 181 1240 1219 1744 1203 293 316 149 46 714 540 1268 1942 212 1372 1907 1764 1413 604 1264 1384 224 1078 456 439 683 1858 1630 1190 1852 1671 729 251 1817 156 1450 1576 1008 792 1143 790 1795 529 564 1855 301 1229 1842 641 1695 573 513 807 1023 12 131 459 1053 1959 1804 255 715 1925 567 1504 1359 1901 1014 1881 744 546 987 510 1283 128 1951 1212 1761 842 1334 1625 171 1399 270 862 1016 1106 1325 505 240 1786 556 334 1582 1494 1092 1461 745 1976 685 647 401 1742 777 1781 458 488 1199 970 1810 1756 31 211 964 380 158 525 1044 1453 1909 1818 867 500 1423 1814 1692 86 794 1406 1012 117 1437 1584 1225 227 435 1377 210 262 1924 1471 1772 97 895 530 427 299 115 555 1028 1997 553 1118 817 266 441 335 1469 1688 1407 579 618 202 1071 1279 267 1743 656 1546 1994 1802 1246 1594 928 1773 15 453 1387 214 74 276 1120 1420 1230 1205 680 1652 250 1271 873 753 989 1475 483 368 755 119 73 499 409 1891 154 478 1330 774 325 507 1436 1702 1402 1492 184 470 1355 835 1015 1344 304 56 1561 1237 1900 1416 1296 343 1739 1292 491 464 232 247 690 1093 1762 1361 1912 1613 269 1698 1990 55 1200 468 429 476 514 1983 412 1819 339 693 108 923 1595 198 1897 1954 1738 369 1060 1176 1369 1039 1508 321 728 1033 1799 313 1626 
minDistance: 3.55665
cost: 366114
capacity: 298736
time: 46603
maxTime: 60000
LS1: 19939/20788
LS2: 376/849
LS3: 0/0
shakeIters: 446
shakeLoops: 41
