3.17223:1824 3.1977:2347 3.29439:3491 3.39268:6231 3.42004:6499 3.42012:7302 3.4234:7482 3.43564:7803 3.45551:8155 3.4631:8426 3.46345:8640 3.46529:8816 3.48242:10823 3.48816:12032 3.51859:14567 3.51983:14924 3.53931:15731 3.54945:21148 3.55665:23409 3.56527:24691 3.57957:24975 
1976 1283 1999 427 785 1355 807 457 323 1471 1302 97 992 1855 1275 1629 907 859 1164 238 198 1585 1561 508 923 159 1019 184 876 1984 137 1233 1034 500 834 202 334 1106 1347 28 1688 222 437 845 1881 1536 1145 1371 1625 1450 828 380 498 154 1743 1645 125 411 792 1875 490 1397 1787 242 1398 214 1576 418 123 1194 1675 325 292 1647 934 1783 1891 1804 317 31 1626 895 529 135 790 262 293 283 1223 1039 1372 1774 745 1990 944 901 1230 613 75 441 1090 219 394 266 626 1229 964 516 1154 37 1823 285 1399 1271 525 369 1780 1012 831 100 1677 1722 641 1264 1040 414 774 1191 1899 753 645 1384 712 1463 519 1545 251 556 1362 304 1744 1777 568 13 1416 402 15 254 1002 1613 379 1305 86 1520 1785 474 982 643 168 33 1594 685 553 651 1008 1819 1177 1193 853 1602 1439 231 564 244 1747 1606 1870 1419 1446 1451 1671 1244 1403 1676 909 1212 1273 1769 665 1620 194 1834 261 1680 1368 1427 1868 1799 1492 765 986 459 1746 520 424 1534 1402 1838 1985 1334 1861 1448 458 720 1789 1616 480 582 1773 1842 253 1535 204 865 336 223 514 1296 412 17 604 1841 1023 835 1073 921 1994 1053 119 1461 632 1267 58 226 1453 630 420 492 1778 1348 1796 1951 1205 649 1912 549 793 1575 1720 744 1655 873 1028 1515 1583 1207 169 99 1217 456 1909 66 789 115 470 180 55 984 1370 1997 976 1812 255 1420 524 1952 1404 358 1261 1051 1490 72 1753 748 1898 963 70 439 1738 1702 954 1333 1690 416 303 1493 1410 429 510 1546 1584 129 1836 1288 191 1469 561 1071 1 953 68 1325 1274 156 1896 1957 755 1178 1357 596 160 1897 1596 309 897 321 1888 777 1050 773 1928 1959 421 1181 906 1304 1121 1649 1454 1063 689 433 47 1516 1192 1256 497 928 904 1375 1907 272 658 1922 916 817 16 713 1292 1111 918 933 316 1570 1600 1603 842 1335 406 1157 476 136 1151 449 1475 1739 1412 573 1409 946 257 1182 1426 618 1541 1032 973 1089 248 371 985 1761 1764 452 1803 1844 46 917 158 1444 749 1414 915 810 1762 1508 1406 1852 1320 1069 1695 1598 1250 82 1749 1293 1176 1736 1377 1043 475 211 1142 1029 930 
minDistance: 3.57957
cost: 363880
capacity: 298734
time: 24975
maxTime: 60000
LS1: 20813/21666
LS2: 366/853
LS3: 0/0
shakeIters: 466
shakeLoops: 43
