3.12504:1594 3.18006:1804 3.19301:1943 3.1977:2152 3.23199:2470 3.27051:2685 3.28571:3137 3.28911:3589 3.29439:4856 3.32017:5185 3.32915:5907 3.34686:6375 3.35904:6519 3.3653:6634 3.39786:8237 3.40293:8743 3.40571:8865 3.41117:10414 3.42004:10536 3.4234:10944 3.44967:11669 3.46529:16543 3.46693:17947 3.47443:27112 3.50142:33324 3.50562:33677 3.51859:33863 3.53402:35693 3.53931:37841 
1562 470 1803 1950 520 198 1647 214 1391 1204 954 1962 909 1764 1448 212 303 1446 934 1369 1667 1127 1053 322 1661 985 493 292 745 865 556 1317 946 817 366 604 478 441 1164 1071 293 1677 715 191 534 394 1749 491 1602 1065 1799 1121 1579 1426 864 720 1255 452 433 1368 321 1450 881 615 1727 579 568 1355 1492 379 498 1382 1556 1600 1597 529 953 477 1398 1471 932 1004 749 777 1985 1264 762 1307 23 1207 1479 935 364 1628 1656 1240 1576 1069 119 1625 1012 1903 391 1620 1403 658 1994 1909 1206 176 613 184 773 336 1463 1283 748 334 1469 1277 1371 1841 1407 845 456 1896 708 1876 1250 1863 641 924 859 1593 142 117 1106 1177 74 1490 137 1688 790 136 1334 1717 835 476 1361 680 663 1836 87 1120 986 1275 917 313 996 108 420 695 933 1739 645 325 782 1157 1027 643 984 1451 709 252 57 483 1614 506 1034 1093 388 1540 1181 1541 1917 1881 402 426 1802 175 1592 1362 1412 1796 573 1898 1223 944 301 1331 31 1073 851 1205 1780 1154 1402 464 1855 1050 507 753 1310 1087 254 1467 457 873 84 564 853 844 1622 1436 1818 1416 1115 1330 1219 499 1229 418 774 1897 1566 525 1720 449 923 1979 886 1342 170 240 1912 1594 1008 1552 685 1015 1585 1266 269 714 1680 92 1256 908 210 1462 343 1057 1258 1842 514 1230 1992 169 1508 830 12 376 97 626 554 989 1108 50 425 596 1976 1118 561 807 1304 28 1583 1043 1197 665 358 1048 572 1 458 1804 405 1078 630 159 606 82 1875 987 549 884 1783 1744 524 1267 1515 1437 223 1182 255 1544 475 1194 1944 1530 1878 1672 369 209 993 963 272 1817 1493 1196 114 1907 1153 500 1516 1549 1822 860 1630 543 1286 1023 883 371 1063 599 414 1685 1513 692 1856 1105 1241 842 73 52 296 1738 219 755 1051 211 1761 370 950 1982 158 1370 1320 704 1629 202 1570 317 497 1988 612 1377 1358 331 77 1849 316 1942 687 1406 324 1444 1375 1870 1743 559 1894 1011 285 1184 1423 1635 13 1271 1306 1774 570 563 1142 1582 786 1695 1681 1626 1294 341 1292 46 789 1911 1003 800 792 1786 1461 266 1309 1040 828 88 1296 1322 1665 1735 931 1280 647 1613 689 1143 1410 1545 179 298 1192 1090 66 231 776 428 
minDistance: 3.53931
cost: 362550
capacity: 298776
time: 37841
maxTime: 60000
LS1: 20006/20831
LS2: 336/825
LS3: 0/0
shakeIters: 460
shakeLoops: 41
