3.05197:1165 3.06619:1361 3.23199:2757 3.23626:3011 3.27051:4378 3.29439:5149 3.32017:5589 3.3653:6001 3.37189:20923 3.38671:29103 3.39067:29251 3.4073:32400 3.41117:37087 3.41774:37171 3.4234:38225 3.43564:39907 3.43813:40013 3.44497:40224 3.44967:41816 3.45301:42859 3.46693:44484 3.47443:49939 3.48655:55573 3.49022:56651 3.50908:59035 
556 459 626 254 1600 1439 457 516 1419 1262 964 458 138 685 1139 429 1842 340 414 789 890 228 682 1917 460 946 1106 619 1414 1722 296 1348 785 266 1555 1365 214 1952 851 1380 802 56 908 744 525 1541 475 1675 209 111 498 1625 412 140 849 1672 1286 1742 612 529 1274 641 123 1962 633 35 553 1852 522 1590 87 1802 652 176 853 1033 895 1244 1046 1375 108 1472 907 375 261 399 119 1997 1369 1912 1063 1687 800 1315 394 1223 488 325 1250 483 1581 100 283 336 1207 1688 1502 1069 989 1861 1293 405 1370 985 58 1883 1355 476 896 842 767 1780 1427 1897 153 570 864 1100 1121 577 584 1762 1803 1130 749 1817 1786 1267 404 1190 1039 1455 257 510 180 1382 1409 1620 1406 154 1071 1182 252 1401 433 1304 1985 115 1902 978 1516 395 1494 1637 301 303 713 1044 12 1258 74 881 160 860 519 923 1565 689 293 1060 276 928 1857 1335 554 1309 1799 708 53 865 1560 1585 402 233 1680 862 778 253 1783 1115 304 379 1090 1994 563 1101 728 334 783 1057 1212 1561 984 1744 757 492 1170 1844 1003 72 1673 168 1510 1271 1773 250 128 1426 1034 242 542 66 1546 184 1225 1073 1943 456 1283 1296 1361 1695 1489 1240 1118 1536 1894 1959 573 1087 339 147 745 1408 790 1385 1870 1851 1782 96 604 1094 236 171 1602 23 206 137 970 491 647 1471 613 1671 653 1351 514 665 1698 420 55 1124 1368 1050 1328 133 16 1446 1273 1813 834 748 285 1230 1521 1508 1475 552 125 1097 1774 316 582 97 1157 1330 1040 29 1357 156 530 1743 1179 1779 678 1866 1911 924 1043 453 478 1909 599 1966 671 1689 202 1513 1665 658 358 621 45 1178 1264 1217 773 1662 1936 1098 292 1353 963 158 1736 819 28 1020 1215 1656 504 1937 1582 614 615 46 1302 1764 446 1856 232 1451 545 930 1416 1320 1854 755 198 13 720 309 534 1085 223 630 219 933 490 1739 1626 1603 1495 1846 918 1051 793 884 917 1403 231 194 1398 1493 426 1858 470 1726 763 1117 15 1651 441 1229 1466 1841 1604 1865 1822 1164 427 1804 564 272 1761 258 1125 1120 1630 845 1041 447 693 1344 1596 82 1015 1334 1154 129 869 1150 1976 1682 371 159 776 495 509 1391 31 1237 1450 117 1517 47 
minDistance: 3.50908
cost: 364703
capacity: 298914
time: 59035
maxTime: 60000
LS1: 19097/19991
LS2: 456/894
LS3: 0/0
shakeIters: 413
shakeLoops: 34
