3.27051:1968 3.32017:2372 3.32915:2593 3.3653:3738 3.37189:7503 3.37536:8486 3.39786:8739 3.41117:9928 3.42004:11266 3.42026:11431 3.44497:12833 3.45301:13048 3.46529:14749 3.47443:20151 3.48816:24192 3.49351:25411 3.50709:25867 3.51859:26167 3.52496:36653 3.53402:41854 3.53559:43132 3.54298:47333 3.54803:48075 3.54945:51777 3.55665:58250 
456 40 564 1446 23 1556 154 567 1536 1746 1229 1489 1917 1486 688 255 1071 1344 1728 1988 1673 211 1273 1118 120 1362 1180 498 1469 1280 214 753 1562 66 1335 746 111 802 206 114 1255 1283 304 475 1 1782 1051 508 1727 1583 1046 336 1193 117 1789 614 191 1802 851 1897 1416 519 1922 1383 1368 895 506 675 283 15 1817 1227 410 1494 56 536 1266 1688 1164 1225 1630 1250 17 1753 553 414 1475 227 427 446 1043 529 1106 1191 1546 153 1375 293 986 870 302 1822 1976 961 1453 1602 108 1320 773 1391 1219 73 1154 604 395 1472 1015 64 1861 1012 647 265 963 1032 1516 874 516 510 1582 433 1357 1912 985 685 1348 1331 1346 1894 299 1069 1566 1671 525 909 1499 842 579 74 1710 1286 684 693 478 786 1576 254 554 459 923 964 95 1656 1072 915 549 630 210 1517 399 628 727 1271 1213 1866 1177 824 323 303 267 1681 1029 379 1596 119 1590 1312 641 401 546 1093 383 1786 1153 212 1179 881 613 1384 744 572 1951 713 1695 96 1819 1279 88 626 1644 33 1842 556 665 115 1040 1256 470 918 1330 530 1744 1157 1682 404 1810 1182 1687 1471 1142 1451 1448 928 343 250 1437 1078 932 745 991 748 1783 1675 1172 490 1165 1936 202 457 1620 1852 513 464 1407 1409 828 284 777 493 1463 1764 358 1595 1305 1492 266 678 1410 458 1187 1261 1145 831 13 335 416 810 962 1985 1585 1008 869 219 930 497 1371 1427 886 1034 645 1875 1625 1935 689 1163 1881 1738 973 1560 651 483 984 1647 87 97 100 844 1355 86 1461 1050 82 389 1296 357 917 192 1450 1181 1521 1944 1402 325 924 1739 180 441 257 1834 1178 789 324 1761 732 1745 1423 1275 12 447 1170 1883 394 1722 817 1462 1794 159 907 720 1901 1315 1277 1304 137 412 1508 1351 933 667 1493 1328 1515 369 612 1694 615 222 1334 1233 209 873 755 1693 1293 480 489 1124 321 1223 140 1264 158 1839 1858 1230 1406 1698 1360 1614 1267 1490 1804 502 1598 862 1899 1749 634 452 1047 1084 194 1777 316 1207 1019 1541 1561 1743 1349 770 1769 1398 1073 1087 1120 1570 31 1565 198 47 429 1538 682 1064 793 296 93 1121 160 1885 618 1626 1063 767 1742 1534 1735 1970 1652 1952 
minDistance: 3.55665
cost: 366301
capacity: 298817
time: 58250
maxTime: 60000
LS1: 19956/20857
LS2: 439/901
LS3: 0/0
shakeIters: 437
shakeLoops: 38
