3.18006:2085 3.1977:2561 3.29439:3414 3.29469:6000 3.29698:6412 3.31705:6928 3.32017:7178 3.34686:7757 3.3653:8017 3.37536:8126 3.39743:11284 3.41117:11467 3.41774:13693 3.44497:22660 3.45029:22808 3.46693:23282 3.47443:24751 3.4843:32558 3.49181:32880 3.49184:33013 3.49249:33341 3.50908:33461 3.52529:35009 3.53301:38608 3.53402:47797 3.54803:53315 3.55523:57847 3.55665:59939 
802 1051 671 1803 946 1975 55 171 12 1307 1310 476 615 817 1897 1951 1585 1 1834 1288 45 665 685 1309 744 214 1453 122 251 683 82 1870 1058 559 1933 1221 749 1687 1959 499 15 1495 606 1531 115 1842 1093 395 635 1789 1024 100 1434 1267 1556 355 1795 93 1764 446 128 1271 1783 1237 612 1516 86 47 1515 770 1822 786 1416 1330 1205 464 1292 984 728 317 1410 1797 402 1003 949 1681 74 641 1357 737 1207 730 909 1617 279 72 1596 1903 1992 1560 417 1580 1673 849 58 309 1988 1777 935 1742 1423 645 1428 1541 253 1044 433 335 1293 170 1614 1333 189 307 1584 964 191 1520 1200 136 1305 383 325 60 773 1040 1595 23 427 1301 1219 800 456 219 1390 1006 1157 1620 1671 457 1320 819 1028 212 242 1436 1546 293 1034 845 564 1325 1817 1492 46 380 1652 1702 301 886 1105 1786 755 296 1043 240 682 745 530 689 1565 1839 831 1069 889 555 1247 908 92 1738 88 441 1302 1106 715 789 782 1127 1744 1446 1602 1050 1576 864 524 1402 549 1246 1774 1695 1371 928 613 1345 649 1866 323 421 869 1139 596 986 1071 1634 1283 1073 108 470 133 1672 1802 1626 336 73 1501 1233 651 1521 996 420 1046 587 1277 1779 1372 1508 1815 498 227 13 1182 510 1858 514 1348 753 1335 272 924 33 224 1573 96 1943 1121 955 316 1761 525 1053 1912 828 930 285 193 1398 1244 546 1203 1407 1060 1881 1894 568 303 1804 1924 1087 81 1717 1368 1471 450 1012 1366 1124 554 542 283 439 835 1976 577 1170 31 920 1250 1722 853 1876 1799 297 1228 1344 244 1680 1241 838 209 1500 304 1063 1296 1023 1355 292 509 117 1384 1052 394 1561 1494 99 414 497 756 1805 123 1412 1225 570 860 1954 1566 1382 1072 895 1351 1190 269 250 1747 267 1743 544 30 1179 194 1439 1391 202 119 184 1101 1164 1019 862 429 1582 1863 1688 1818 1772 491 1230 1406 553 1625 1909 1461 529 254 1229 1448 492 404 571 1796 634 1570 1331 468 1153 1118 1583 1375 1451 137 647 1852 17 232 614 865 1630 1286 313 907 379 704 923 28 748 1041 1356 677 915 1181 1857 490 1459 1982 1264 252 56 982 1450 321 1828 1689 449 334 695 963 97 258 
minDistance: 3.55665
cost: 364993
capacity: 298928
time: 59939
maxTime: 60000
LS1: 20677/21559
LS2: 397/882
LS3: 0/0
shakeIters: 457
shakeLoops: 42
