3.19923:1678 3.27051:2209 3.29439:2492 3.32017:2955 3.32915:3554 3.33341:4009 3.33463:6724 3.3653:7071 3.39786:7520 3.41697:8368 3.41774:11188 3.43813:11456 3.44183:12295 3.44497:13690 3.4631:15343 3.46542:15641 3.47293:16273 3.47443:18652 3.49184:21664 3.49249:21871 3.49787:22015 3.50562:22892 3.50908:22980 3.52529:24543 3.53402:26073 3.54298:31259 3.54526:31454 3.55027:33796 3.5507:37684 3.55665:39117 3.56527:44560 
1585 475 96 641 1782 135 1554 316 1420 1590 1785 52 1828 544 456 364 1211 918 1402 683 1682 1516 492 1849 1562 219 321 1774 488 1059 1342 1375 1357 585 1368 675 1335 987 1207 203 1839 267 1051 1461 379 325 1410 122 212 1997 1078 117 1507 1193 1801 74 999 1861 266 973 1108 1414 964 1050 1630 665 323 1786 1101 240 1749 1761 489 915 1320 934 335 1695 293 628 1900 1271 886 156 728 989 214 1409 31 556 1283 370 206 458 645 777 433 1157 1124 993 1019 1405 1453 1937 1047 1702 947 746 86 567 476 304 1203 720 1240 447 835 470 1595 1043 1985 1692 1106 1437 412 1894 1459 1746 516 1494 343 1899 546 159 1423 1652 1805 1596 1246 793 509 1764 37 1015 1556 395 1742 1194 923 297 656 1772 744 1044 137 1504 133 1912 860 1728 1072 1351 261 1842 129 33 1252 1134 757 227 202 1377 1851 45 499 1012 1229 626 247 317 1267 1739 1172 255 1729 1092 493 160 1071 1994 842 56 870 504 1230 1875 82 355 865 334 233 1870 1635 564 1471 309 568 802 869 154 1583 634 1983 1121 1107 714 1990 349 1546 907 933 1602 946 1883 844 429 1898 72 1803 1280 1063 1488 801 530 1219 1680 687 1688 604 1446 244 1935 1738 1768 1205 1743 1432 1385 961 1942 1552 1314 336 1374 257 1802 211 1387 1736 753 510 1566 88 883 729 1469 1261 519 1223 1819 1060 713 1403 119 1620 1783 688 589 1804 1427 158 1384 745 639 1237 1462 1617 950 283 1264 1212 615 1089 704 478 625 1856 1753 1598 1407 984 331 1003 1416 859 464 194 1069 1540 1151 1014 897 1492 1304 1698 1521 1360 755 1046 1988 572 1799 1182 1625 446 1439 108 1582 1784 773 184 571 1508 1560 1541 265 647 1330 1466 1328 1780 1039 636 817 1565 986 1924 303 1355 770 223 254 99 1181 1687 618 1034 1333 529 1858 1256 1296 906 1681 895 643 1576 1641 1975 374 985 1570 649 1293 1436 191 1041 1561 285 685 1945 1083 498 1087 1127 1626 1673 12 1191 360 128 1361 982 292 250 949 131 28 1200 1490 414 1675 917 1810 1142 89 1398 441 1179 1936 1073 491 1872 1145 760 457 1897 789 525 180 402 1866 824 209 1331 278 1164 1689 1 93 435 427 46 1911 909 
minDistance: 3.56527
cost: 367730
capacity: 298761
time: 44560
maxTime: 60000
LS1: 20346/21220
LS2: 386/874
LS3: 0/0
shakeIters: 457
shakeLoops: 42
