3.23708:2016 3.24434:2426 3.29439:3042 3.3653:4382 3.37189:4637 3.41117:5143 3.43564:6744 3.43813:7258 3.4417:8524 3.4631:8639 3.46542:8930 3.46693:9261 3.50709:28693 3.50827:28967 3.50908:29127 3.51948:29419 3.52285:29732 3.52529:29861 3.53301:30096 3.53481:30400 3.53559:31425 3.53931:33701 3.55253:43553 3.55327:44934 3.55665:45102 3.56205:52856 3.58254:58319 
1698 1582 285 1571 40 460 1382 304 1911 379 410 728 1516 1283 1383 412 928 760 1712 1786 1333 1783 1716 1655 407 1865 1487 1695 1355 1064 1521 209 1556 441 317 786 1127 520 1810 1471 1546 504 1207 1360 486 1296 1405 1121 1320 1912 1304 844 850 336 459 1513 96 272 658 299 160 862 1994 1620 1346 946 1230 1743 1688 1570 292 1795 1050 647 530 425 283 191 498 508 841 628 793 114 57 1567 1749 219 47 534 1761 720 475 266 1804 1802 1105 1179 1569 864 202 121 470 677 309 802 176 1744 1384 1371 753 1774 630 1279 1361 1805 1398 156 1448 782 1876 849 568 1043 1375 1164 748 456 371 395 1600 1368 1409 1014 1423 493 254 1799 1687 1369 1051 1013 1402 198 1789 108 1154 1427 1357 316 907 1540 427 1110 1390 1951 1606 1191 402 194 1190 1362 755 789 1561 27 214 1677 1462 158 88 1764 796 963 896 1322 1461 1451 1387 1204 1508 1267 301 1739 154 514 1858 1250 1466 1952 293 1089 1225 1842 1910 1866 257 1410 447 1472 478 1819 851 1032 1510 1143 842 1286 1517 28 1063 517 996 433 964 334 683 1114 1852 1277 1613 1406 524 483 1293 613 253 1492 1625 232 1682 1034 1693 1922 1803 227 368 1726 87 1213 1801 302 1229 72 1416 604 987 773 1106 1902 1450 884 137 985 1982 1780 525 119 1159 1201 1347 1596 1917 184 269 12 1529 1630 457 1656 74 1124 1861 665 529 211 1172 1909 645 1212 1459 1023 1041 832 1 1139 140 343 1881 1211 626 1177 424 1092 284 1335 46 1307 490 554 1560 727 1936 1680 369 1008 685 1652 777 168 1493 1145 1012 835 656 267 303 1870 97 834 1565 1256 446 335 1182 1391 693 918 1583 853 1893 1662 930 165 1264 1157 886 881 296 574 1672 1200 921 1330 1273 1671 924 729 1883 464 1898 250 77 1446 117 1181 1587 1897 1515 82 1223 1617 790 986 672 845 1153 770 476 399 1292 1097 819 1875 89 1463 1834 261 370 917 1093 439 745 950 1334 1120 1178 401 1439 449 732 218 825 468 15 765 255 984 1331 944 993 85 223 1796 1247 570 1344 1856 324 1690 1469 414 1581 510 1976 1073 1626 713 1309 1692 577 491 1647 1328 428 641 1541 429 497 306 1078 1499 752 1675 1576 1985 1903 573 689 1868 549 1258 
minDistance: 3.58254
cost: 369840
capacity: 298768
time: 58319
maxTime: 60000
LS1: 20684/21590
LS2: 419/906
LS3: 0/0
shakeIters: 460
shakeLoops: 42
