3.32017:2367 3.32915:2931 3.34686:3086 3.39268:3589 3.39786:3881 3.40571:8776 3.41117:8944 3.42004:19053 3.4234:25679 3.42927:27219 3.45029:27663 3.45301:28033 3.4631:31002 3.46693:34585 3.50709:34769 3.50908:34876 3.51859:35443 3.53402:35548 3.54375:35881 3.55027:37326 3.55665:42002 3.56057:46249 3.56527:46513 3.57248:46723 3.57957:54327 
1796 748 1883 1253 652 504 984 1193 1225 1593 1680 828 1382 613 1371 1546 1461 1575 74 411 1870 1626 1247 1903 1652 394 156 1008 429 1984 1014 1078 82 851 953 171 1142 1592 1643 309 498 456 1614 254 1856 1685 960 1700 339 808 514 1528 1292 800 48 1335 301 1372 169 1023 478 1040 348 1451 1117 1309 1786 15 1188 1842 944 439 1302 1125 1054 1803 907 1743 1423 358 499 1207 940 860 206 1471 1464 1764 1051 1427 1230 1034 491 108 1223 1516 1178 242 296 1205 1238 1598 459 1634 982 1656 782 114 1108 23 483 448 371 457 1187 380 1513 1124 976 1527 1279 1296 987 31 1985 253 223 233 737 476 1571 1665 1552 1071 1617 1064 88 1410 682 1333 520 1783 1777 1773 1561 1120 1688 207 1106 1761 1875 94 12 1909 510 1556 1720 211 1336 222 1972 1355 470 272 1782 1219 404 793 316 1693 714 1050 1738 1406 1744 849 1115 1304 1032 1357 810 391 219 1840 1453 743 1039 1799 1742 1712 1145 604 1549 802 402 194 1181 1829 1566 1780 240 1409 570 1928 1907 379 1570 1912 689 304 893 343 534 735 1391 1943 433 1111 1087 1101 1749 553 13 212 1060 1191 1143 615 924 525 1671 1384 884 57 1344 1687 1073 414 1072 1190 154 1413 996 1271 1911 873 180 985 1508 1330 1576 1328 530 1437 862 625 1463 726 1069 52 986 1822 1802 1367 1774 1499 641 755 28 324 1852 556 1182 1917 573 835 1398 807 1395 529 447 943 1647 561 1600 191 550 232 292 720 136 665 1176 147 1521 67 1416 601 46 845 645 250 1795 877 1861 66 1595 612 158 920 1541 475 774 1739 1334 834 1582 1894 1192 202 263 874 842 1105 564 1819 1362 160 730 1630 1348 508 1012 401 516 1493 383 1559 651 1689 1959 209 96 1957 1726 1485 923 1283 60 1162 1267 1402 568 450 677 1479 321 1298 865 946 33 303 285 140 917 265 1891 1126 1698 1838 137 1414 1369 1407 963 1851 335 1432 334 1164 683 1121 1717 1448 1154 1781 745 1902 441 115 1250 1517 1602 789 497 1275 170 1368 248 293 1562 1804 1114 757 554 649 753 487 1553 1375 449 1695 746 1876 1063 267 1937 184 1613 693 1059 1936 1836 1439 55 1994 1127 626 117 565 493 39 336 663 1450 1412 370 317 
minDistance: 3.57957
cost: 363638
capacity: 298739
time: 54327
maxTime: 60000
LS1: 19832/20737
LS2: 470/905
LS3: 0/0
shakeIters: 410
shakeLoops: 36
