2.94639:916 2.99142:1663 3.1977:2481 3.29108:3200 3.29439:3485 3.32017:3982 3.33487:4137 3.3653:4393 3.37189:4711 3.39607:5053 3.41117:5298 3.44967:5686 3.45029:6805 3.45166:6902 3.45301:7005 3.45796:7529 3.4631:7958 3.46542:11844 3.46661:12027 3.46693:12428 3.49249:12758 3.50908:15292 3.52496:16549 3.52529:30202 3.53346:30771 3.53402:33497 3.53559:33575 3.55424:37263 3.55665:37347 3.56057:58193 
302 414 1419 1738 1015 1475 553 1461 401 1764 1399 1423 1830 1120 1292 86 693 643 881 283 1040 1164 1064 1585 755 1180 1247 1541 1436 777 745 47 683 626 1687 1626 265 1753 1521 1858 964 184 1583 730 1761 59 842 1273 476 1416 1041 1817 1170 1988 119 1565 508 1331 556 1490 1570 1275 1398 1205 1717 1508 1335 1241 1671 1014 1280 1073 1818 441 1994 1357 516 1810 1097 1625 789 748 1976 160 1092 726 446 223 1556 524 1985 1293 848 1630 336 1153 613 1296 867 1682 1580 1804 1187 482 535 649 1644 770 325 1450 395 257 1842 1191 1121 450 316 1596 1769 1561 1897 1093 1430 1822 860 1107 292 449 253 1375 1301 254 873 137 1716 313 786 15 1230 293 1562 981 384 358 75 1051 29 1043 1361 50 1351 1950 1680 1022 549 1087 738 689 57 1689 211 1492 1690 1935 1221 315 1796 1307 802 800 156 1645 478 458 303 55 1819 1516 219 1909 572 1462 817 1469 255 896 1917 448 131 421 498 568 992 773 493 1582 1261 530 1536 1688 1544 1032 641 510 514 1142 534 985 491 66 529 1046 475 963 470 1365 456 865 1463 159 33 1655 266 1244 133 1899 212 1786 258 1744 53 490 248 845 752 457 122 109 1600 497 1019 321 1063 1448 561 407 1193 1028 1347 1595 946 1333 1451 1368 1620 12 862 1409 893 1283 1403 686 1250 917 468 1012 1116 819 513 1223 1008 140 1802 272 869 1050 879 500 1774 447 897 1798 1277 1060 604 934 720 1746 841 1370 618 399 1219 108 1494 74 1439 1420 136 1577 427 459 123 1594 1179 1371 1471 304 1693 746 334 1676 1554 380 1799 492 1047 222 525 1410 1546 464 128 379 1954 1405 1384 1789 851 1560 285 1833 227 202 194 371 1692 907 317 1101 1749 1406 82 645 1377 1486 1207 1212 1355 1320 96 923 154 1502 180 1647 1485 973 567 1852 1652 1402 1322 1552 1894 433 1407 1875 1334 1387 1681 753 737 97 1267 909 1106 835 749 1534 1053 635 1898 1553 1078 1841 207 1271 1401 28 1643 1743 886 1933 1912 984 1803 1576 1870 100 1362 1069 88 1089 1959 1695 115 1229 1834 504 1698 665 1413 1412 599 1391 1722 1330 573 611 46 1656 429 343 1936 706 1253 982 757 402 1105 117 793 564 1903 309 1427 1990 
minDistance: 3.56057
cost: 363992
capacity: 298746
time: 58193
maxTime: 60000
LS1: 20383/21225
LS2: 341/842
LS3: 0/0
shakeIters: 471
shakeLoops: 43
