3.10938:1748 3.15288:2239 3.1543:2537 3.23605:3356 3.28571:4197 3.31375:5013 3.33487:5321 3.3653:6452 3.39786:7001 3.41117:7276 3.42004:8315 3.43564:8536 3.44967:10327 3.45166:10446 3.46529:11395 3.46542:12469 3.50908:14511 3.51859:17478 3.52496:18192 3.52529:18394 3.53402:22250 3.53559:23430 
1306 1922 15 1385 299 1286 1247 1179 1106 1992 917 394 1423 70 895 1764 1932 1576 1493 368 1223 1598 1562 1193 1975 92 1197 1471 1570 335 841 810 447 807 1606 627 730 97 117 272 1912 1172 845 412 1979 1120 683 1027 1008 1744 1015 223 370 481 1190 1273 1342 647 665 180 266 1988 834 232 835 1437 470 497 1270 1118 651 1620 513 1212 62 425 1369 554 984 1451 991 1749 219 1698 1359 641 384 1283 428 458 529 924 1976 1985 1575 1063 753 141 1292 1530 1875 1410 748 214 140 1315 66 859 323 1335 82 1296 1092 1127 242 1870 1280 1688 1626 1382 604 715 55 93 918 556 369 1583 1275 283 1829 1666 1552 336 1694 500 115 175 1439 464 1508 749 625 1073 1585 1288 759 510 618 1071 1398 1181 74 1268 1565 129 630 817 1655 1406 12 343 1830 713 56 726 1687 915 498 1844 563 1034 1293 1012 1271 1697 488 851 1450 605 1709 209 198 842 1164 1416 1720 1154 33 1233 1746 720 1019 325 1622 1362 1180 789 1087 439 996 1909 837 1828 870 475 371 1078 1782 1101 185 1842 853 253 1255 247 1739 1328 316 51 1959 1743 530 1040 57 1264 1805 964 324 1528 1436 1738 786 250 154 685 908 1320 1814 427 1391 886 1 99 423 1561 478 1317 1187 16 301 633 171 1856 1235 1237 680 613 1984 1145 1897 1521 1894 626 1089 380 862 1545 1244 1481 930 1177 128 549 864 1675 1178 553 1671 158 159 456 903 1961 457 121 953 1652 1267 634 514 1786 884 1312 47 1469 1534 202 989 1041 490 1138 1139 1371 689 1344 1370 1361 261 1409 519 1229 1858 1819 441 1614 944 1596 907 420 254 1753 119 708 932 1375 211 1625 923 840 88 1037 1462 873 1069 1600 645 1554 507 909 1630 1783 1182 1205 525 574 568 133 542 1191 755 1157 194 777 46 168 334 1330 802 1250 1358 292 407 449 1403 1608 1942 296 1230 1674 946 743 1461 480 1279 1121 877 1515 931 96 1907 1142 1670 1541 714 137 1494 285 179 1401 1355 745 1476 284 504 985 1680 978 11 1796 1802 191 1098 1104 1742 1051 1023 1453 1507 782 516 79 377 1804 881 404 255 793 1486 800 1402 321 81 293 1595 433 1446 1994 1613 1064 1240 1917 309 1761 954 1347 303 1582 565 13 357 1404 1695 483 170 48 
minDistance: 3.53559
cost: 369229
capacity: 298833
time: 23430
maxTime: 60000
LS1: 18865/19700
LS2: 386/835
LS3: 0/0
shakeIters: 427
shakeLoops: 37
