3.20585:2216 3.20812:2799 3.24681:3399 3.25427:3918 3.31171:4381 3.325:4803 3.33139:6133 3.34053:6319 3.34057:6484 3.35126:6675 3.36561:7526 3.36684:7609 3.37116:14967 3.38726:16446 3.45548:17116 3.47182:18936 3.48968:20906 3.50056:23157 3.50325:23814 3.51376:29420 3.52509:32547 3.52881:45681 
1160 166 987 1643 609 1481 1622 82 1353 1685 1536 1431 243 445 1739 626 1280 1932 1598 1915 512 1436 498 1461 1818 1002 1927 247 842 786 1060 252 1226 1848 815 1565 1450 1198 1118 1975 724 943 1687 689 117 381 1464 164 206 1573 1802 1459 418 590 1474 48 1580 376 583 1103 628 753 534 1817 896 612 1569 1541 1229 571 1360 1055 316 1273 469 455 843 1571 1627 1438 1992 574 838 1711 519 1401 1122 881 1088 1843 985 1095 1980 954 200 1193 253 1366 317 1655 681 721 715 238 902 576 1374 982 151 963 279 488 266 1092 303 1267 158 1602 1292 67 1250 1261 405 964 1637 879 286 1490 1313 474 1537 1610 1302 1033 94 1896 406 1383 1836 1682 1605 1712 1681 313 1849 1084 73 1034 2000 358 651 530 421 1051 262 1742 990 222 756 209 479 983 751 1486 1080 691 353 1147 752 161 1437 973 828 51 240 1347 577 204 1704 1582 950 1630 1304 1870 739 953 1127 1300 876 1844 1375 782 1105 1154 1132 1799 616 1453 1376 1191 841 1576 1985 58 1022 1899 1200 917 1743 1543 88 808 1855 425 731 991 844 1471 704 850 1420 641 1509 192 1454 1240 124 168 720 1762 1782 564 467 1427 159 1230 1058 1121 122 918 663 1502 414 1691 1044 1933 1031 1760 1015 754 870 1590 1501 1947 1063 1910 1507 967 1556 160 1488 673 1463 193 1288 304 989 1244 529 1856 1946 1329 178 1707 1834 1413 1878 1256 1254 1181 191 111 312 1532 1155 169 926 712 1352 1737 903 1577 239 458 1368 737 1004 451 652 1187 1299 1720 1235 1107 1399 627 1172 1656 16 807 1141 1076 1552 389 369 1097 556 1040 835 614 834 1090 1457 1620 1558 306 212 1356 121 1206 81 956 664 584 466 250 1618 899 119 1253 272 798 481 456 1306 1170 1657 1478 1783 322 1851 886 83 1162 1623 276 465 248 672 1542 30 1102 539 1130 1589 1320 309 1971 708 1725 625 773 1182 1918 1662 484 340 470 1746 923 112 861 793 1649 1135 1319 1778 585 1615 1761 1738 1907 1151 1407 877 1171 1561 1143 1885 220 1523 1144 1796 1767 1382 1700 1309 1489 1011 375 507 1439 336 1814 1815 69 1839 1350 829 845 1473 1465 1529 860 1829 367 993 79 778 744 234 1791 1059 1744 1073 1596 1667 480 57 1057 713 1012 
minDistance: 3.52881
cost: 367437
capacity: 298769
time: 45681
maxTime: 60000
LS1: 16635/17453
LS2: 435/818
LS3: 0/0
shakeIters: 361
shakeLoops: 32
