3.18511:1865 3.24043:2476 3.24942:3624 3.30312:3986 3.31171:4366 3.36684:4904 3.4082:7124 3.41394:7403 3.42076:7632 3.43112:8922 3.46778:9873 3.47821:10159 3.47892:10340 3.50325:22279 3.5048:26925 3.51052:32918 3.51376:33391 3.52509:36510 3.54315:37021 3.55106:44672 3.55558:57788 3.55765:58149 
1226 1239 1356 604 982 839 572 984 82 1653 1240 1059 1042 192 977 1263 94 1305 222 985 663 389 974 963 721 796 185 1307 749 1361 1438 1098 259 1461 876 1162 1080 1740 512 119 1007 1471 1053 1507 843 487 815 1130 514 1615 303 1431 1728 110 828 470 844 1465 921 67 1787 621 81 1825 144 405 905 204 537 1511 1558 1427 903 70 1855 596 247 1479 197 664 161 1788 1739 1133 1971 1050 574 1571 879 773 13 89 269 901 1368 1796 1807 231 780 1033 996 279 292 1542 1752 17 162 923 1248 549 1620 1875 1577 1244 1004 849 272 1142 748 1841 1015 1329 358 1817 803 1761 1980 1627 369 1569 1501 437 896 458 1125 1829 1196 690 613 673 1002 129 57 734 48 176 1428 506 521 1618 987 1060 124 880 1760 1191 789 1550 612 936 1912 1985 467 1028 340 1681 1979 907 1382 35 1781 821 1399 1888 1182 926 418 1288 634 201 1292 626 1084 474 73 759 752 83 755 1486 1549 920 1118 1155 1818 1834 861 1420 1250 117 1067 1889 207 1102 1107 1613 1565 956 1034 1003 306 1446 421 1901 1786 210 1649 1041 731 1299 1147 1685 1379 1573 1189 949 684 1799 1726 58 1842 480 1073 1352 240 1478 233 1306 1135 308 1056 1512 336 420 1183 1691 534 291 785 248 1407 1267 873 1541 96 1683 1103 1371 1011 847 715 1943 1488 525 1357 164 1738 1009 1756 1759 1933 1254 918 1121 672 75 50 1170 32 316 484 807 973 79 114 702 1193 1552 1095 1582 623 1489 414 100 886 178 691 1596 1743 1815 168 694 1481 1672 689 1643 1575 1230 1870 507 441 23 728 1454 1213 1645 1474 1778 800 609 1742 1655 1334 1464 1944 1783 367 1251 2000 1453 1904 874 1122 1589 1623 601 260 111 1915 321 954 206 1509 1369 1432 68 553 1612 1439 625 1022 425 1320 743 1705 1917 1896 720 990 88 1631 209 1138 530 643 1063 1777 778 1482 1325 219 456 1194 1402 1353 304 708 674 611 335 1656 1359 1513 801 1090 665 265 838 709 784 1176 1151 1219 212 878 446 1856 1836 835 500 834 26 1394 579 651 744 636 1123 1890 860 1229 396 1952 1744 808 469 556 1304 1720 993 193 704 1606 841 1839 184 357 1347 20 286 1502 499 1383 
minDistance: 3.55765
cost: 356257
capacity: 298755
time: 58149
maxTime: 60000
LS1: 17462/18302
LS2: 441/840
LS3: 0/0
shakeIters: 377
shakeLoops: 33
