3.08307:1570 3.24809:2259 3.3166:3258 3.32674:5655 3.34053:6114 3.35:6208 3.35044:6360 3.35126:9930 3.35334:12980 3.36684:13102 3.37116:14550 3.38953:18043 3.40635:20943 3.41419:21087 3.4294:22081 3.4399:22445 3.45548:22780 3.47327:24185 3.4862:25196 3.50325:26722 3.51176:27125 3.51376:35531 3.51579:38065 3.52509:38314 3.53391:43788 3.55106:46588 3.56334:48095 
1124 1130 1794 464 1516 1653 1101 1219 726 48 1088 192 1342 1926 1230 1618 638 499 443 425 860 1461 405 1454 286 264 831 793 628 433 176 1253 519 234 60 708 193 665 530 1576 1615 1596 358 1579 729 73 84 1087 835 119 1058 1681 1466 879 1247 1489 1007 843 1915 1202 414 1795 1118 1738 1221 67 612 688 1716 240 35 1572 956 253 641 75 732 982 1569 1210 1983 1494 1829 1652 335 834 1051 1594 1391 964 1194 1261 458 1256 609 1818 1558 1453 1299 171 1831 46 1582 604 500 1032 1301 1685 1035 1267 1080 1009 663 1841 212 1122 1465 1474 1933 781 963 233 357 751 1385 1121 1350 974 596 1156 1371 94 1187 1004 1781 247 1170 1825 1623 1571 1152 309 1531 993 1438 322 1791 418 842 89 450 731 1353 1834 1063 877 1589 1654 1060 1113 873 1490 1244 896 1720 8 684 1620 480 1585 1196 759 1053 1464 1918 1319 973 222 1507 1736 1817 308 1796 1090 179 1325 279 744 1562 340 1277 74 1726 1365 749 1123 254 782 1271 1914 498 1347 1855 1537 211 1552 778 161 838 1189 114 162 572 1412 20 1904 1095 565 1238 1502 199 861 1172 1945 1786 886 752 991 88 1302 1375 1455 81 1707 990 1458 1643 1437 1719 1084 953 1191 1875 556 110 323 350 926 206 691 1870 1132 140 585 1463 1501 421 158 121 625 1687 1645 1012 248 1102 1691 456 1105 1630 316 614 704 600 514 1073 1329 917 1283 1239 1368 1457 1532 845 1383 80 903 984 1598 1560 1017 1980 1057 68 733 1288 807 1644 1819 1366 266 1917 1743 165 792 1481 1450 1352 375 899 743 715 923 1034 1799 1807 124 725 1324 1848 1431 244 467 1851 613 1692 388 1563 1427 1472 989 1837 1996 1903 1162 1910 1240 1511 954 739 1229 367 1478 601 1103 529 1179 1182 178 58 1486 626 1509 289 574 662 304 828 672 170 465 841 1479 1379 1358 796 1183 1260 1059 1003 771 1513 1839 173 584 1029 111 490 1140 1762 534 643 918 539 1006 1778 961 1971 1667 28 160 469 1409 1946 950 369 1656 673 881 1919 985 1328 479 149 1320 1028 395 1506 666 252 576 100 57 495 1155 306 1304 1613 627 1985 1836 1744 1979 690 435 652 1309 1541 664 
minDistance: 3.56334
cost: 353136
capacity: 298739
time: 48095
maxTime: 60000
LS1: 18080/18921
LS2: 391/841
LS3: 0/0
shakeIters: 423
shakeLoops: 37
