3.18511:1938 3.20585:2475 3.23669:2936 3.3166:3865 3.3168:4104 3.32308:4756 3.35:4908 3.37707:5305 3.38647:5580 3.47327:6475 3.48211:14360 3.4862:14641 3.50325:21725 3.51052:21896 3.51376:28427 3.52509:28627 3.54315:31291 3.55106:31648 3.55418:32163 3.55558:35900 3.56334:46153 3.56385:48786 3.57156:49106 
1573 529 357 425 1762 89 1496 1465 1299 1002 94 512 755 1727 1427 1152 722 1517 1933 1471 549 556 861 1791 1251 1181 1310 1457 626 1121 1244 662 1993 1461 506 858 437 1541 1691 1162 1458 1155 193 1808 1263 336 1400 815 421 1011 1582 1194 1239 266 155 1501 58 584 1342 375 772 517 641 961 1016 274 989 514 350 1288 1856 1365 367 1896 211 359 753 684 534 923 279 609 1260 530 1509 691 1620 636 924 721 759 1097 1084 1704 1135 260 1357 269 1502 1829 666 573 521 252 1332 30 956 1590 1994 1286 1796 1182 1060 1739 1394 1778 433 621 1802 1901 1569 510 1783 16 202 733 204 1756 953 309 1746 35 1656 117 82 749 1125 1542 1454 247 1652 1498 860 1383 572 1943 1479 176 1281 1409 1878 1063 1511 1687 886 366 1080 1050 1833 502 210 470 519 904 499 554 160 1985 933 1512 1618 1470 715 500 1210 1122 918 33 2 1760 1067 474 1834 1347 316 845 600 1012 990 708 1189 1875 1170 23 1909 752 704 1851 1725 1009 1863 808 1407 185 844 111 1108 712 1464 306 1965 174 539 817 286 1558 1788 838 224 1578 46 1740 439 807 1140 302 453 574 966 1092 1229 1191 604 1453 524 1329 1836 1341 1352 1053 1654 1361 1571 1007 322 85 1472 1240 1250 192 1151 743 1711 1333 597 921 1004 1736 1844 1918 114 1420 1432 798 1056 1915 902 996 1575 480 1623 596 1325 178 1589 1613 1890 816 731 616 1418 1990 1034 1131 1267 28 414 234 1858 828 1058 1507 926 1726 88 1187 1438 903 465 1912 170 1369 168 1478 778 1391 1101 1532 1033 1577 1777 121 1855 379 835 159 358 212 248 244 1353 161 57 431 987 1051 1910 253 1172 1153 612 630 1446 17 1253 1088 1102 1655 792 781 1951 1095 672 1481 1786 1565 849 954 456 1932 1615 1035 158 1552 873 405 115 1431 1304 369 1971 1147 1585 137 802 982 1602 1839 222 601 67 1261 1118 1799 1230 272 96 124 219 545 1401 789 1032 669 68 1205 984 467 1880 206 1550 1743 1488 1681 837 1817 240 834 821 503 458 1073 879 418 674 1904 976 1596 689 993 370 48 1720 304 1123 423 1560 964 1737 1130 303 1848 1059 1300 1972 1748 1306 1992 1226 100 1368 1044 1359 81 585 1680 
minDistance: 3.57156
cost: 359687
capacity: 298935
time: 49106
maxTime: 60000
LS1: 18065/18868
LS2: 374/803
LS3: 0/0
shakeIters: 406
shakeLoops: 38
