3.14119:1981 3.20585:2441 3.21014:3270 3.22642:3502 3.2896:4152 3.30756:4517 3.34053:6924 3.36684:7589 3.36725:9984 3.36761:10292 3.3678:10849 3.38527:11330 3.38558:11640 3.38591:11878 3.38647:12033 3.41164:13293 3.4399:13814 3.46903:14303 3.47282:14695 3.47892:16183 3.506:17039 3.51376:17603 3.51829:20848 3.52509:22347 3.55067:27376 3.55558:51632 3.56334:52937 
1383 1080 1634 1739 439 1796 474 614 1596 628 1455 322 1459 1781 57 673 1742 1004 469 207 1084 1090 1067 778 48 936 1042 966 1803 414 600 1967 1291 954 903 1108 1471 1878 1250 1273 1407 1511 652 1983 240 1788 269 1727 464 773 886 860 1210 1002 1277 1005 1152 79 609 70 161 985 1754 996 88 313 1851 1915 1292 1575 162 1391 691 264 220 896 973 1985 114 1371 1731 369 433 1253 1899 1028 1880 535 1369 1008 1585 861 176 309 1439 479 684 1438 626 1834 1306 904 1402 1465 1512 982 899 1728 1528 839 2 425 159 1855 1260 1175 1405 160 708 440 1705 1613 1611 840 752 1552 877 1361 1839 1910 704 1118 1550 249 781 879 844 69 760 354 1870 100 1629 1038 1044 739 1615 1488 1799 689 73 1654 572 506 335 1829 1125 1254 963 1347 1130 1482 421 304 252 1818 1147 1431 410 1466 58 306 1681 355 790 553 984 274 169 1932 1687 1205 1239 1618 1481 512 1971 67 1836 401 807 612 835 1454 1756 641 993 467 481 1632 111 1590 378 645 1993 1743 1762 1170 690 578 174 94 1365 357 1833 953 117 1627 458 1142 217 1176 1095 1578 1623 1648 1817 1155 1420 1719 1589 1140 1598 1502 1162 165 841 1311 923 983 1088 1918 1692 1057 1464 336 266 375 204 206 1329 1226 1929 1357 389 1063 265 917 1035 1990 1012 563 1072 1489 1807 1900 1516 1490 1486 395 1495 82 1304 674 418 1662 272 1461 202 1965 918 722 1182 1777 1186 279 1194 222 124 379 285 1114 238 1653 1105 1132 1928 816 961 52 1367 519 1453 1573 1740 1761 529 1917 939 1267 254 1368 1060 1760 1229 502 1712 89 1457 499 831 456 173 1652 1034 539 510 694 1230 1541 1151 1050 534 178 247 1655 87 1656 445 248 1972 1333 794 1819 749 1352 316 1271 921 1933 1121 1542 62 987 751 798 1810 480 1790 792 967 1478 1325 1102 1620 743 560 881 1227 1244 2000 1073 895 286 1856 1700 168 1299 358 32 1007 1637 388 571 1181 1744 1154 1814 874 81 1189 1571 926 859 584 808 1479 956 1708 260 788 1569 574 1582 687 1577 1801 1549 838 715 1954 366 367 786 1558 613 1979 1033 753 1016 1183 934 212 1791 340 301 13 834 1711 1379 1682 1135 759 521 1746 1434 1643 
minDistance: 3.56334
cost: 365658
capacity: 298809
time: 52937
maxTime: 60000
LS1: 18099/18899
LS2: 373/800
LS3: 0/0
shakeIters: 400
shakeLoops: 36
