3.17313:2113 3.18511:2271 3.24681:2647 3.24942:3008 3.34075:3958 3.37116:4741 3.38527:4840 3.42905:5424 3.45548:5785 3.4862:6617 3.50056:8190 3.5048:8367 3.52509:9614 3.55106:10530 3.55558:10787 3.56334:11268 3.56385:11485 3.57248:14004 3.57256:14098 3.58108:23034 3.58918:25313 3.5963:25865 
68 1818 838 1728 1985 572 1051 1739 1954 1952 1777 953 367 94 616 79 316 1060 206 480 1736 48 670 845 794 1453 479 877 521 1680 484 1012 194 1114 119 926 260 1615 1313 1090 1707 1649 464 396 628 1933 1652 437 869 193 1746 839 1880 346 1320 708 1623 982 358 944 1261 499 500 1598 1156 985 1618 1606 549 651 989 1502 1742 1748 899 1685 1834 705 227 1915 1655 1743 798 304 1488 1342 272 1687 508 1130 1332 1613 1053 1102 164 58 410 615 896 1011 721 467 514 502 17 1267 1207 772 1561 954 1189 252 1498 224 1888 860 111 1280 1945 308 254 405 590 1122 1142 1191 961 1379 233 1691 1640 433 574 1472 176 240 1194 666 973 1088 993 1182 886 1407 389 88 1309 211 1273 519 1744 1040 1418 1512 1486 1427 1328 1807 527 510 1140 837 121 743 247 1778 1073 1457 530 1836 470 1033 178 918 873 1762 849 223 1371 1256 1516 1466 1438 1817 1569 903 1305 293 1910 829 1814 1095 1181 956 1084 986 1254 445 265 1726 828 1667 309 1464 688 1008 210 601 322 70 1843 1541 517 1796 1304 1183 842 218 623 562 1002 834 456 421 1277 1098 1829 1846 220 1398 1347 1825 739 1790 1681 50 1788 1542 1455 67 1006 1507 1170 369 1258 1711 1753 1737 35 1515 1506 1253 1325 114 789 1368 816 57 793 584 425 556 1463 286 1356 704 1851 1118 118 1573 1299 161 65 677 1513 539 923 1509 1471 765 990 1943 117 1446 1590 43 752 1465 1135 529 917 1454 1009 1039 815 1839 458 1080 1357 335 1353 831 612 778 469 1938 490 1653 1271 112 720 731 279 96 1490 614 1856 808 1552 785 219 964 423 1719 1162 1108 89 497 1221 626 1352 80 375 1855 1481 835 168 431 239 673 306 1365 222 1004 1979 1799 1840 596 81 1250 915 1589 861 1034 1510 963 1319 823 1740 934 1155 1558 904 340 1235 1848 749 320 1230 1575 713 1708 1297 1990 234 1439 1815 641 534 672 674 1244 124 450 212 1121 841 1329 753 1663 512 781 1614 1705 160 1720 1830 1946 129 984 1127 936 82 1473 1239 1229 336 843 357 503 1582 1372 568 1382 443 92 1577 1383 744 663 414 625 1437 573 1996 1596 1917 792 418 
minDistance: 3.5963
cost: 360474
capacity: 298780
time: 25865
maxTime: 60000
LS1: 20810/21678
LS2: 371/868
LS3: 0/0
shakeIters: 475
shakeLoops: 43
