2.97063:913 3.08307:1481 3.24809:2205 3.2896:3004 3.30756:3426 3.3166:3757 3.35334:4797 3.36684:5024 3.37116:8556 3.38647:8788 3.40775:8992 3.4082:9147 3.47182:10028 3.47821:10364 3.49595:12061 3.51376:12230 3.51579:27586 3.52509:28364 3.53391:29659 3.55106:29947 3.55558:30127 3.56334:33392 
1736 1263 1097 510 222 585 1918 1141 643 1683 1896 16 410 335 499 1799 524 1274 752 1022 1761 554 227 81 100 964 851 159 1311 1814 965 731 903 1035 1114 1246 1434 720 1512 1087 1598 834 15 879 1933 845 247 665 114 80 1182 939 502 1028 85 704 488 192 672 1667 1562 1837 137 1681 74 626 953 396 1818 1041 1556 1886 904 677 1589 1656 1273 87 1700 1063 1291 549 1214 185 1309 484 1849 1230 178 1844 1536 170 1917 529 535 1618 1007 690 207 596 1711 155 474 467 500 1760 1088 917 993 115 1976 744 794 1419 802 470 517 1728 1781 1935 333 1655 1040 568 1913 60 1801 439 1748 73 168 1401 614 1172 1170 781 1590 1098 1829 97 350 124 193 1095 1073 1356 1004 1573 340 1980 322 694 1810 1834 729 1627 1391 506 1399 1537 1153 1753 1118 1623 443 264 44 355 1304 1582 161 808 1576 370 755 1855 67 58 431 1254 252 1495 1056 1299 908 1528 1915 1121 1762 146 1967 923 956 450 1135 1229 367 1996 789 1461 1851 1183 13 815 1630 212 634 1288 684 1465 1550 1502 1743 793 1739 1596 1080 835 1190 306 262 1162 1911 176 1756 119 1464 1123 406 796 458 691 1189 89 1108 1790 1353 886 632 1552 1558 790 1244 240 985 1320 1029 413 1060 1740 1438 1456 1904 816 521 308 1932 571 1807 801 702 1620 353 996 1105 1691 69 2000 1716 1016 1541 982 165 881 1261 609 248 1726 1130 1147 1472 806 1267 1532 1789 1872 1569 266 1033 50 88 512 57 773 201 1816 220 749 574 1051 1347 304 158 519 1615 976 578 1003 1839 286 514 1478 1383 800 842 860 1329 369 1453 1253 1903 1138 907 233 64 1578 1325 1277 918 838 480 1205 977 1985 826 837 418 30 1689 1142 302 1155 1971 358 669 1307 219 803 782 926 479 206 169 1682 1643 612 841 1694 1498 1458 421 1431 456 1427 1169 111 1011 309 469 1090 1481 1365 316 553 963 1454 179 121 43 1836 739 272 1901 1466 1187 1332 807 1250 905 357 425 1697 1910 1585 961 861 1239 1542 1817 174 1577 539 1511 260 1459 1151 1439 1375 144 1437 79 708 1034 1009 1708 1979 572 94 1742 82 1409 1846 209 753 279 1746 122 641 68 254 1084 1946 210 
minDistance: 3.56334
cost: 357848
capacity: 298743
time: 33392
maxTime: 60000
LS1: 18522/19361
LS2: 379/839
LS3: 0/0
shakeIters: 438
shakeLoops: 40
