3.18511:1840 3.20354:2245 3.23669:2455 3.24942:2693 3.28903:4534 3.2896:4632 3.31171:5026 3.32674:5264 3.34075:5656 3.35:6702 3.35126:7617 3.37306:7843 3.38647:9265 3.38953:9562 3.42076:11098 3.45548:12578 3.45691:14368 3.46778:16015 3.47282:16663 3.48968:16806 3.49996:18305 3.51829:18601 3.52509:19991 3.56334:32783 3.57385:35885 3.577:36111 3.5963:41034 3.59818:46343 3.62545:54060 3.62827:54581 
606 1875 964 1459 124 469 316 1582 508 1479 1105 911 1896 1041 645 984 1233 918 1554 1910 79 1561 276 1151 1244 1330 212 405 1613 798 619 1409 58 1118 1705 506 744 1181 57 1814 903 376 425 553 355 1915 652 966 954 210 1985 322 590 1292 121 269 1369 1464 596 395 974 1880 838 1786 247 392 1844 1466 720 1994 625 60 357 293 1680 1465 1016 623 563 1183 254 265 759 1911 729 834 389 174 1667 323 915 1098 202 1542 1817 1740 1352 1206 1590 1707 1618 1253 1002 1277 1288 1283 1645 320 440 1980 1122 1558 75 1407 879 985 1073 406 963 1333 1453 923 1708 1080 896 1054 1067 1691 248 1353 1700 1932 715 620 1090 1917 1088 1655 439 165 584 309 990 1365 339 1230 81 467 1743 1620 1652 1654 1720 1457 1781 668 1302 335 480 1533 684 722 1191 926 1156 876 1461 672 286 410 1239 1490 272 308 458 193 1012 1889 535 17 1382 965 379 851 1523 853 1478 1121 534 1971 54 1190 512 1598 396 1009 778 82 1912 1172 277 860 114 161 789 206 1472 192 1229 488 841 1818 626 222 1051 1305 731 1057 835 1516 1577 539 1681 1038 1455 1383 578 726 1007 1250 291 1762 1391 67 790 220 1110 1311 240 353 497 782 1596 1549 1782 1569 1035 214 97 881 1615 342 111 266 1744 732 1704 1347 837 367 474 1162 398 108 983 421 1125 1439 264 252 1261 1843 253 1795 1267 1855 1719 1033 1114 689 525 366 1379 1182 519 456 690 749 792 1486 159 194 479 1420 260 1463 178 1018 185 1541 1454 231 1926 530 1725 691 934 89 1221 48 1427 1309 603 1807 781 1368 665 1885 982 279 1791 529 815 1836 601 743 1851 1627 1512 470 1918 828 1306 158 1135 1155 1103 304 1727 572 1933 1575 1004 1738 1748 176 1834 1142 973 2000 1643 1458 1839 574 1579 612 514 1799 664 179 450 556 1304 59 688 1438 886 899 465 418 1431 1097 1095 88 772 628 704 936 16 1357 306 500 989 755 1888 739 117 441 219 53 803 1943 843 1084 1848 74 904 797 209 1329 1502 1401 1742 1056 1102 993 1034 1736 1846 953 1193 708 615 46 1506 517 1130 1623 340 244 663 793 987 1124 1726 358 877 845 1280 227 
minDistance: 3.62827
cost: 356408
capacity: 298875
time: 54581
maxTime: 60000
LS1: 18245/19125
LS2: 461/880
LS3: 0/0
shakeIters: 389
shakeLoops: 31
