3.08307:1504 3.20354:2230 3.20701:2451 3.24529:2816 3.29314:3246 3.32234:3527 3.4399:4581 3.45548:5352 3.46081:5859 3.47182:6595 3.47327:6935 3.4862:7343 3.49996:8166 3.50325:13316 3.5048:15268 3.54195:15560 3.54766:17762 3.55067:25799 3.55765:26596 3.56334:28196 
1479 1207 384 517 611 1569 1582 110 1620 659 1239 1007 1498 1181 1002 1691 1946 1552 578 1502 874 1992 1511 210 715 1653 1359 844 32 815 821 1929 986 834 832 1474 574 1311 1431 529 1162 1383 124 1643 1788 65 828 704 614 1796 410 792 861 1439 1304 111 953 1561 1379 1845 1457 573 421 596 966 1531 1342 1536 1563 1990 168 1623 414 831 1221 48 926 1135 1030 512 760 1791 1095 58 1585 1985 165 1492 418 1738 1905 1501 1901 1229 1488 688 1244 967 1614 1870 1896 1644 1932 1634 1972 1692 826 1744 322 1170 375 162 83 224 286 1060 1262 467 1273 1454 1762 994 336 304 1080 1325 993 260 1453 1579 1542 1841 1156 1012 1151 145 1283 956 1615 1368 1446 663 514 479 1834 1169 1817 96 1727 1541 1719 838 565 441 298 1057 1475 1155 1465 103 469 367 1749 1482 652 1707 1464 498 293 158 1686 1299 1306 88 191 266 1288 84 1512 807 456 369 1160 936 1708 1753 1685 60 886 1267 366 778 1053 1654 1382 458 1230 1742 1391 500 123 1652 876 954 1825 353 872 743 160 480 1515 1459 991 1917 982 1110 534 1365 877 211 1486 737 1143 1602 1182 1687 609 1855 1042 984 376 1781 1302 1088 1277 625 708 985 1746 358 1596 222 973 397 2 1347 212 1575 389 837 1910 279 1103 1846 584 673 739 1438 1571 1952 1899 1084 340 1341 1818 604 309 841 184 612 1516 1172 13 207 1624 1333 1456 490 616 1019 1836 193 107 1933 1258 1513 342 729 1509 357 1576 437 1598 1090 1490 901 1971 355 481 576 1729 527 1814 405 798 1122 759 941 1463 1851 220 1632 435 234 1476 1009 1127 450 240 161 668 789 395 843 476 1839 1073 1233 731 835 1799 788 1919 406 1743 530 1187 1565 1645 1914 1004 1034 1412 860 1478 252 626 721 149 923 1402 217 1008 684 1629 712 1420 1613 896 1880 1369 1010 1918 219 1086 1044 1226 1124 597 1253 623 918 1292 176 756 1954 777 1878 206 497 672 693 1118 178 1577 665 1050 81 1140 1056 492 433 73 89 1419 1329 265 68 316 1533 272 638 1461 917 1038 1656 1777 1436 1193 963 842 269 752 744 1450 274 903 1121 1191 447 57 689 1114 76 174 306 1210 1213 816 1372 1740 1915 1507 1132 691 1125 1471 1130 601 
minDistance: 3.56334
cost: 368112
capacity: 299108
time: 28196
maxTime: 60000
LS1: 17685/18588
LS2: 476/903
LS3: 0/0
shakeIters: 407
shakeLoops: 38
