3.21319:2275 3.23669:2722 3.23856:3100 3.24942:3201 3.31023:3775 3.31171:4743 3.34033:5063 3.34741:5474 3.35:6294 3.36684:6631 3.4361:7112 3.46081:7709 3.47282:8373 3.47327:11524 3.50056:14560 3.50325:20458 3.52509:21878 3.54934:28764 3.55067:29422 
500 1095 792 1829 600 13 1577 114 192 1382 1400 1107 1807 298 418 265 1523 470 664 964 439 886 1162 340 278 842 211 96 503 1113 1302 861 1618 57 240 1090 1128 879 289 616 625 996 1227 1004 264 69 963 369 853 1140 1329 739 1632 788 1434 684 1630 1571 1301 358 498 1182 1368 1034 1459 1304 1307 780 252 757 1261 1461 253 1060 1007 222 1144 1063 1815 1427 1844 1471 611 1453 224 1996 1267 1488 1542 1726 1556 659 406 346 646 572 1558 1442 1044 70 675 903 94 1694 568 171 336 1836 1509 627 860 1655 1737 1151 1541 1870 178 917 1431 1787 1856 1219 469 934 1040 1260 755 185 1819 1325 1740 1817 1818 1594 193 1132 110 1102 1525 67 918 936 1935 573 46 613 982 519 1123 641 357 1016 966 1183 835 688 1003 1705 1002 1320 1494 82 574 1130 1118 1239 1997 370 247 1839 800 133 355 615 1649 335 480 1549 1777 1502 1511 1342 375 1051 1360 1917 1067 1803 462 286 1840 1971 279 778 1412 303 1367 556 1615 1875 1073 410 1465 1946 1762 456 73 1478 210 1589 2 1575 1742 1933 425 896 986 162 775 389 1757 1457 1675 1193 1464 445 1352 626 155 1990 176 15 830 786 421 923 1579 1687 354 1170 1474 1691 874 752 512 81 1744 1620 124 1833 1383 80 1438 48 1863 1476 831 1420 721 262 309 1019 1407 1230 1455 1391 446 619 828 398 749 1746 1576 1124 743 582 465 484 1050 534 1642 122 479 953 993 666 225 1127 248 1623 596 1084 201 1237 753 838 117 1058 510 1681 488 68 612 1887 1915 304 950 801 1886 1450 435 447 1121 956 100 691 1842 233 1062 1834 726 1271 1490 254 632 87 58 1711 1154 1851 844 708 353 1662 1981 1141 961 880 50 158 1796 1299 204 1250 1036 628 629 1463 376 657 1985 970 1078 111 1518 1114 1472 1781 157 1029 474 1512 266 1569 553 274 977 1206 785 935 1896 1855 306 165 926 1006 292 1371 1080 637 1155 440 734 1481 1543 1229 1652 161 578 467 367 1035 1912 1105 702 1171 212 458 527 1486 1131 1814 1580 1357 1012 1181 431 984 312 1190 672 427 1656 1743 320 837 1454 662 1292 316 103 669 1720 973 1596 1253 1135 1507 1311 260 405 991 79 834 17 1179 1602 985 1905 
minDistance: 3.55067
cost: 362063
capacity: 298796
time: 29422
maxTime: 60000
LS1: 19169/19992
LS2: 384/823
LS3: 0/0
shakeIters: 420
shakeLoops: 38
