3.20585:1883 3.24529:2311 3.32674:3149 3.34053:3716 3.34075:4046 3.34741:4168 3.35334:4725 3.37116:4886 3.38647:5267 3.38726:5920 3.39224:6812 3.42076:9309 3.4399:9947 3.45691:10981 3.47153:11506 3.47282:11656 3.47821:15777 3.48211:15972 3.4862:17224 3.50325:18852 3.51052:19103 3.51376:19599 3.51579:19811 3.54766:20368 3.55106:21820 3.55558:23312 3.56334:23416 3.56385:39802 3.57156:49139 3.577:56837 3.58108:57738 
1119 1286 357 708 1738 609 1438 1703 964 1401 1273 266 1382 1742 1481 666 445 859 224 886 861 239 1105 1454 340 540 1910 645 89 1183 1990 1127 1135 1744 1472 1427 838 265 1186 956 1341 834 1799 493 1818 1434 1727 1391 506 1536 1726 926 1691 1012 1878 565 1035 1840 524 252 1453 1408 2 1537 193 1502 806 1016 1110 1019 1623 628 1300 117 366 1888 1154 1681 1652 185 1261 69 1834 1512 1172 911 744 1099 1073 1511 1457 160 1590 1304 1791 1748 1984 1719 1162 1994 789 643 1229 1151 798 84 212 1825 1508 1704 336 1687 529 987 1848 1056 1299 133 788 1130 1221 837 1226 1828 1371 202 1306 1057 1788 360 983 1155 378 1858 1777 1253 1654 860 734 1653 670 479 1546 1170 970 816 414 67 749 662 1523 1803 684 707 379 1620 214 1816 907 517 739 828 1918 94 568 210 253 346 690 1319 961 355 512 480 572 990 179 1239 773 1739 1915 1118 1575 775 54 65 1121 425 1933 556 985 1767 1914 1029 458 291 1080 1740 279 1839 973 1191 1420 1347 1851 614 879 248 114 1108 1388 1662 1615 815 1463 953 1008 1971 359 81 1131 841 1863 1656 1486 418 396 652 1829 439 1890 1193 1509 1437 1214 1360 989 367 1365 982 519 254 1260 1034 1641 584 597 1292 1267 149 915 1516 1140 672 250 691 1815 578 1578 1407 1602 272 984 1966 297 966 353 17 612 1667 1288 720 920 1495 503 1664 721 260 1814 574 9 464 1490 176 573 590 845 1182 421 369 1746 1194 58 1596 304 1254 904 16 269 500 1781 1558 1737 247 59 521 729 1059 1176 1088 1352 899 1446 803 33 1478 1542 1479 124 923 1459 1759 111 902 936 1311 161 835 100 1817 777 1996 830 57 1465 1992 1277 1501 808 1711 1870 1571 1707 1333 753 1205 374 1464 467 1760 944 877 1095 1240 2000 316 204 1725 332 1796 322 8 192 759 308 705 613 993 470 1573 576 159 462 821 1905 1932 1011 433 632 502 722 307 405 1329 88 1917 1002 881 168 30 851 222 1342 358 1142 28 743 1569 465 1855 626 456 1790 1967 1210 206 376 293 1368 1985 1219 1103 1409 178 1060 389 1598 1403 301 1613 1051 1836 1033 1997 1965 918 596 1488 1383 112 625 1238 903 1084 1244 1743 1102 1359 1325 1431 341 
minDistance: 3.58108
cost: 364754
capacity: 298759
time: 57738
maxTime: 60000
LS1: 18173/19032
LS2: 421/859
LS3: 0/0
shakeIters: 407
shakeLoops: 35
