3.24942:2704 3.33519:3721 3.34053:4266 3.34075:4661 3.35:4847 3.38647:7134 3.38726:9246 3.38945:11112 3.40617:13303 3.42076:16147 3.42905:16784 3.43112:21669 3.45548:23972 3.46903:54452 3.47327:59436 
323 178 909 1464 566 1708 614 1121 66 853 752 488 579 743 1399 1097 693 572 1162 1817 753 1828 100 1105 626 1005 674 1210 1571 1720 1927 1280 219 1258 1009 1342 1573 534 1516 596 684 1589 1383 1965 321 1939 1200 108 611 1454 192 1512 832 1569 160 1727 922 341 162 1182 1829 762 1803 772 1611 963 1654 642 204 79 728 1692 713 1490 1352 1915 607 1913 729 1577 1845 934 206 985 13 1034 209 1544 1737 388 82 1462 1743 1231 465 1418 38 1943 1511 1313 1030 1908 1256 568 573 58 834 1176 1578 845 665 643 1558 322 250 1623 1542 398 171 1385 1230 1973 1834 778 1880 1219 1247 512 335 864 1465 114 1007 913 839 202 1391 1325 774 1186 923 279 1246 212 1533 786 247 1208 224 1084 1291 601 807 877 837 1689 1598 1033 1618 609 956 623 458 405 755 1371 343 844 1120 1500 842 1541 492 306 582 1502 498 1508 1431 211 425 1080 1814 1041 1213 1042 1849 480 1807 456 1946 149 346 613 176 1585 1048 816 124 112 1736 1250 1471 1273 249 759 1353 1453 861 1825 1631 277 574 481 1596 1818 81 1896 903 1725 1691 1446 885 990 161 1580 1102 1507 731 835 802 1461 1038 378 1684 677 1233 663 781 462 1735 367 863 973 1782 439 500 1997 1191 1127 1562 689 1655 222 1762 1387 625 1620 831 28 1622 1777 918 530 850 1103 73 1427 1059 67 1125 1918 1295 796 286 1178 1681 117 1808 577 1889 1253 1983 1790 889 838 1819 389 309 1796 1843 1423 1549 357 57 266 1767 47 1839 406 808 1240 725 1463 1479 1469 1406 1457 1855 733 585 616 1198 1890 1207 358 1368 1003 1170 1347 1851 1398 612 1172 1130 621 1878 469 1244 980 749 336 376 584 243 974 720 1053 1680 155 1151 467 1570 1359 691 320 1369 193 62 604 17 1438 304 1110 504 904 185 396 420 1239 1032 1050 1704 1537 308 704 669 1196 1778 260 672 1470 1971 651 1067 506 1088 1836 983 1375 366 1131 451 1056 418 817 68 297 1933 1267 503 912 1235 1372 48 89 886 1935 119 1073 556 954 1949 1221 1751 334 289 340 1302 905 414 1705 1630 529 474 1979 1035 1788 300 645 1501 1155 926 1122 1304 1141 789 1509 427 539 1364 1888 917 252 1229 1615 993 652 1142 1459 744 1687 1635 1086 293 698 1799 83 1910 1123 1951 1118 8 1365 1932 1738 1760 46 1135 708 583 1405 
minDistance: 3.47327
cost: 357724
capacity: 298771
time: 59436
maxTime: 60000
LS1: 15483/16277
LS2: 456/794
LS3: 0/0
shakeIters: 323
shakeLoops: 28
