3.22642:2401 3.34075:3182 3.36684:3390 3.38647:5702 3.47153:6590 3.48904:9518 3.49595:12464 3.49996:23284 3.54766:25225 3.55106:25387 3.55558:25674 3.56334:25863 3.56839:28053 
1757 1352 1508 977 1399 48 1391 1407 117 1866 79 628 1615 1144 899 831 1122 1644 1420 590 1002 1653 502 1003 1253 313 530 58 720 1532 293 206 140 1542 773 954 57 1427 756 1829 834 15 1980 1578 1142 752 1778 498 529 1288 1325 1219 858 1368 1728 1080 1569 1382 456 200 1618 1277 479 1011 553 837 506 521 835 987 1511 674 1172 1561 597 82 81 842 1073 1007 369 1816 1509 1817 1380 1943 876 1558 1630 252 1694 232 1004 926 782 1687 984 212 1459 1913 500 1707 234 517 2000 1230 1933 1244 1490 645 1590 50 1649 743 1486 1035 458 160 1786 753 896 1810 802 1762 879 359 339 1402 425 1556 1438 1365 1102 1839 556 418 1899 934 574 168 1121 178 652 785 388 789 1133 1453 1267 982 1760 306 807 539 1711 903 1101 1915 88 1740 262 1016 786 1842 1376 272 1304 1552 636 1056 84 1640 1863 1409 1028 1330 1398 662 749 286 1482 1204 715 851 68 27 1461 111 1375 612 601 1196 1170 1742 1140 1176 192 731 963 433 1662 240 1124 346 376 74 1851 1889 395 370 772 1631 1971 623 1815 149 1034 1105 1577 545 1060 1233 760 1541 1575 1589 902 1135 1875 918 725 335 841 1454 1369 1057 832 778 1890 1488 1507 1250 1685 1439 96 1796 366 309 1634 1844 217 1598 1666 956 1502 974 470 1466 1187 1819 1114 663 1125 643 584 1182 976 693 1537 886 340 861 474 1471 358 1926 1299 572 1095 304 1681 1320 844 1512 1033 124 248 1119 396 775 154 279 967 739 294 1356 1329 1353 625 1306 1462 114 119 1684 1137 1254 239 412 1946 713 990 1313 322 1623 1903 375 47 616 1360 357 1437 672 1997 691 1183 176 1059 1743 973 1436 1464 1256 1807 1783 583 1292 1896 1343 266 161 1990 353 1656 1738 1446 320 596 1044 1613 367 1239 664 1009 959 1571 1229 576 193 23 1855 904 684 420 469 985 13 1050 484 1799 1720 519 1283 1643 1469 585 1347 1151 665 1917 1465 1533 1193 669 1130 917 744 441 708 247 579 860 614 839 1463 930 1627 421 1596 1748 1115 122 414 260 626 1040 1042 873 1996 991 1834 1856 874 1019 1138 565 1620 1103 1084 222 1744 1118 1088 1878 838 1691 609 1226 67 1194 1739 755 250 1416 1910 1431 389 254 1383 
minDistance: 3.56839
cost: 368652
capacity: 298747
time: 28053
maxTime: 60000
LS1: 17481/18351
LS2: 463/870
LS3: 0/0
shakeIters: 394
shakeLoops: 37
