3.08307:1778 3.12997:2557 3.21014:3179 3.22642:3692 3.24852:3816 3.34741:5490 3.35:5868 3.37116:6049 3.42683:6482 3.45548:6824 3.47153:10270 3.47327:12211 3.4862:12353 3.50325:12654 3.52881:14032 3.54766:14843 3.56334:15556 3.56385:38415 3.58108:41181 3.62791:57506 
1541 1230 446 808 1095 1834 1044 841 1602 1720 1357 625 381 985 514 1438 534 828 350 236 781 934 1130 804 1060 234 425 192 1694 1762 1446 1084 1090 222 991 556 1787 474 880 1640 1691 469 214 1479 28 1151 1995 17 578 1618 512 1016 1971 2 1189 1192 1725 628 1103 499 1739 1170 708 1742 984 114 1855 920 1360 211 1743 1118 46 1073 1815 743 715 720 1533 961 224 1261 926 1606 900 1011 1353 688 1367 1067 1573 786 1409 339 521 405 684 1918 400 956 923 1688 839 220 500 374 1933 439 82 1383 573 759 1193 1880 529 905 517 1187 663 1195 272 1486 1382 1582 1488 396 1172 1368 87 244 160 1031 250 1299 1836 1654 1009 601 1756 1056 1681 843 1814 1101 433 1731 1975 1856 1053 974 756 801 1615 691 807 498 1839 355 1972 304 1135 1542 210 1250 1788 124 1680 851 990 456 440 731 367 1825 193 609 1965 1912 739 1803 879 954 96 1558 165 479 174 844 184 252 57 1610 58 1870 973 963 185 353 1613 1799 834 94 845 480 1267 1517 395 1890 418 81 752 1138 1464 161 162 1829 121 1319 790 379 1059 434 1791 1006 1432 584 1904 1350 596 74 65 1125 1147 1281 918 626 465 677 1684 1781 1726 1369 641 789 48 612 1502 1786 247 539 620 1379 88 13 1107 1051 406 1863 167 1846 665 1122 286 366 279 1034 1501 1990 32 260 749 824 1121 798 253 535 1182 358 1227 89 414 1878 1667 67 1817 1653 1371 1575 470 835 1202 1164 1391 983 502 73 421 1727 170 1258 1905 917 1453 837 1917 1012 1657 1550 43 953 212 1288 264 504 1347 1198 1204 1210 1114 1309 928 375 1576 1035 398 467 1915 1561 1478 519 1229 1306 458 507 1845 1063 1777 1110 1655 159 254 1094 340 903 1687 672 1580 1325 1361 1407 996 1183 1274 1875 1105 1704 1577 1472 838 585 1627 1935 574 1843 1253 370 1119 643 1896 722 964 1985 36 982 1033 1431 1455 1629 530 1329 1401 1500 1571 1620 16 1471 1652 793 886 1004 1311 178 1080 1828 689 792 1271 1645 335 1191 1352 1932 690 668 276 860 1162 1102 1140 1818 206 966 1474 79 1304 853 1454 1142 993 1744 778 1569 1465 312 1523 652 291 1256 1738 1244 75 815 1280 506 1623 
minDistance: 3.62791
cost: 357945
capacity: 298849
time: 57506
maxTime: 60000
LS1: 17703/18647
LS2: 524/944
LS3: 0/0
shakeIters: 400
shakeLoops: 36
