3.17313:1789 3.17894:2424 3.29134:3230 3.32674:7332 3.34741:7691 3.37116:7997 3.38647:10286 3.38726:10955 3.40617:12612 3.46903:15161 3.47327:17361 3.47892:24511 3.4862:25866 3.51376:26365 3.53391:30656 3.54934:32591 3.55558:32720 3.56334:33190 
1309 1512 1469 1562 265 160 835 1746 1541 1162 484 1371 1391 1376 612 1152 1230 1304 480 731 74 168 1101 1739 665 2000 1080 50 880 886 773 161 1898 1796 1431 247 683 1261 521 1836 1818 713 788 1458 1299 1170 1471 1781 178 1971 1708 1461 807 973 1090 1652 286 1210 1356 367 609 1760 1160 1313 165 596 702 860 743 474 956 1499 996 1244 853 420 82 1131 1009 421 834 57 1172 406 1878 1179 1943 389 752 693 1073 815 1434 1446 110 1799 991 1691 1917 1745 1034 1360 572 1571 1206 88 192 986 279 1924 785 1662 167 1453 1743 73 1195 1511 1438 1307 1105 144 1589 1912 1886 926 1250 398 1704 1655 1501 1456 340 1644 476 1382 158 1975 60 254 1656 1254 1613 1719 1834 881 1311 851 1573 395 1856 1003 193 519 1479 1996 1577 708 1053 626 1632 1051 1844 744 1786 1277 1107 320 1550 322 439 89 1135 1088 1138 695 1807 479 568 1928 1267 1427 1402 819 1115 1375 1320 266 81 1494 1756 1229 1204 222 1190 1103 573 1383 1140 75 838 1478 1059 427 1569 1809 1083 993 574 1618 1121 119 1560 1777 982 1582 1462 100 1992 1513 1891 529 425 369 1726 1475 512 934 841 433 790 1289 1896 1359 808 1332 1239 1050 162 1979 772 1761 613 1725 358 1292 589 1486 1035 936 1033 117 601 1516 1822 1341 248 48 13 458 739 604 1744 1946 954 904 418 1450 1684 1437 291 672 79 233 341 1182 789 1855 252 1502 1915 1325 1368 1738 1455 306 1803 1615 1423 1645 1720 375 792 1064 1814 902 357 704 1459 351 212 1839 828 1454 1130 58 1280 556 829 943 874 114 842 309 597 1490 272 1041 470 990 831 539 15 1829 1817 297 185 1788 1542 1439 1910 1007 1240 456 691 1095 1329 918 1488 694 1183 355 1357 1219 903 964 963 1578 1925 628 1990 498 1235 1420 535 1379 1843 1623 1029 534 587 47 1464 825 1191 1133 1972 1118 861 876 68 1344 30 517 1620 219 184 1155 984 652 961 97 1181 1044 223 313 1627 837 778 240 1364 1558 720 987 625 734 1740 1432 985 1142 1106 1352 844 917 923 176 749 1815 896 721 94 966 1063 1653 396 217 1006 1084 1012 1057 260 111 542 1533 848 1980 584 1205 159 1525 1122 1060 1465 578 500 
minDistance: 3.56334
cost: 363912
capacity: 298797
time: 33190
maxTime: 60000
LS1: 17234/18054
LS2: 420/820
LS3: 0/0
shakeIters: 382
shakeLoops: 35
