3.05017:1315 3.08431:1536 3.20283:2423 3.20354:2526 3.30565:3479 3.31023:4171 3.31171:4334 3.32674:4993 3.34057:7669 3.36684:10780 3.36725:15206 3.36761:15367 3.37116:15499 3.38647:19731 3.38953:21232 3.39268:21436 3.45548:22285 3.47153:22832 3.47182:23156 3.47282:23339 3.4862:25628 3.50325:26116 3.52034:29068 3.54766:29310 3.54934:30675 3.55558:44050 3.56334:48545 3.56385:50257 3.56839:54164 3.57134:54335 3.5749:58982 
279 984 47 1815 1511 1277 1788 1431 1844 849 1814 1652 1251 903 1910 1979 1360 879 1464 367 240 645 704 377 469 1946 88 1172 815 357 1193 1273 1843 565 286 546 953 1057 67 664 554 1439 46 1507 1889 886 1537 1342 1886 253 597 439 1562 1229 556 752 609 930 1051 1488 100 897 1544 507 359 904 239 300 1720 497 1454 17 517 1618 749 802 456 1457 1391 966 1095 775 1368 1084 68 174 304 1623 1513 79 1896 881 414 1097 1851 877 1855 211 753 954 721 917 908 369 1398 839 720 222 950 306 291 1105 506 837 405 993 119 1767 1357 1740 1615 726 1239 1325 1908 691 1781 1509 846 165 58 1571 616 1409 1803 160 340 1140 1124 1629 389 445 1110 1502 1943 956 625 568 1162 248 435 447 1935 585 375 573 1142 1378 1744 1012 1194 1201 708 760 1743 1558 1542 395 193 574 845 1087 1834 1486 1875 1131 441 713 13 178 1041 212 1283 838 530 1223 421 1745 1579 612 1817 844 923 1226 990 1019 652 80 1918 672 1029 876 1292 1870 1980 1710 1569 201 1654 159 1135 217 669 851 418 1314 1365 244 206 465 1102 693 1382 57 1352 1836 944 1705 521 1490 755 1141 803 1575 973 1459 1990 1086 1590 628 1154 1858 1582 117 1620 1711 1304 1667 1299 48 1596 828 1004 830 308 842 850 366 1205 1952 1092 155 1060 1113 1494 643 1469 176 1512 1577 376 467 1088 834 1465 1054 474 168 481 1878 1662 1656 1453 831 5 1176 572 552 1267 1756 114 689 89 1727 1210 734 1549 185 743 674 1260 1691 84 1067 964 798 192 81 1118 137 220 1080 335 358 860 835 613 1777 529 1598 1932 1103 223 792 512 702 1746 1347 322 1637 502 1073 1313 1719 1796 1329 1578 1280 1261 309 1829 926 1059 232 1479 861 458 1866 1011 1971 1649 353 1818 1244 1307 1712 1528 1028 807 1130 260 1281 688 1550 1182 1230 1311 921 1738 272 666 124 1899 1681 1035 985 1791 1034 524 1678 427 1516 1839 1377 1383 316 1053 578 685 788 1799 1917 252 1286 534 1372 519 1481 1170 1501 478 314 1438 1915 1407 1032 1856 1863 1692 210 1233 161 33 739 266 1240 1007 247 82 355 1541 480 1227 1121 684 1608 1912 133 1333 425 626 396 918 74 1400 
minDistance: 3.5749
cost: 365857
capacity: 298775
time: 58982
maxTime: 60000
LS1: 15509/16332
LS2: 459/823
LS3: 0/0
shakeIters: 333
shakeLoops: 29
