3.24529:2118 3.24852:2330 3.24942:2594 3.2896:3109 3.30756:3265 3.31171:3465 3.3166:3688 3.35:4039 3.35126:5230 3.36684:5321 3.37116:7122 3.43112:7945 3.44189:8648 3.45548:10650 3.46081:12229 3.47153:13742 3.47182:19442 3.47282:21097 3.47327:22911 3.48968:24634 3.49595:24752 3.50056:27448 3.52509:27797 3.53391:30489 3.54315:32750 3.54934:38214 3.55106:51849 3.56334:58290 
1171 1375 966 292 1103 304 1098 1080 279 1575 839 1623 1030 1221 1933 1122 1267 537 217 335 1512 803 1193 1210 353 1196 953 785 191 1446 1577 604 1439 1657 502 1258 860 1596 691 753 1681 1227 1382 993 1063 1367 1581 168 901 1875 1627 904 1060 600 1840 1691 517 874 1463 1018 1464 506 792 967 572 936 410 1896 1781 841 1213 425 1680 1292 1169 510 252 1878 756 1130 708 1994 65 222 1182 1848 1142 1101 1649 1742 259 71 1711 431 173 1501 1357 164 1708 626 1687 1191 771 459 240 1972 1461 1064 1979 851 1744 1045 1542 759 784 265 1009 1254 1486 1760 539 688 1910 1748 165 1808 1011 1798 375 1359 1427 119 179 584 1084 313 1966 1299 1478 1368 1288 1834 1980 1552 1502 1436 1943 1870 1739 367 1325 743 88 260 445 521 1356 111 1573 1915 829 318 184 1495 1233 527 340 1407 1653 1450 739 1108 596 343 1901 603 722 1106 418 58 609 1707 1946 886 1235 1743 1507 900 1561 1306 306 212 1571 253 1844 1170 542 737 751 788 278 1509 369 421 105 974 1162 1309 985 358 1778 877 876 167 1996 1457 1008 192 1863 941 89 731 715 309 1815 1172 79 1656 405 677 982 137 1917 848 1796 1114 1140 82 500 1105 1141 266 207 1029 85 987 1086 1615 1803 395 512 1438 110 1582 178 1655 704 1360 1273 406 641 456 1905 1187 838 705 1219 954 1465 443 1990 1151 926 1490 1121 1277 923 1329 1482 73 1244 185 1479 366 1352 1745 439 254 1880 963 643 1444 286 1516 1499 117 1569 1416 534 1667 664 357 211 247 1652 828 1190 1192 47 1012 1740 57 989 1842 1239 48 307 87 669 1817 1818 269 939 1409 67 272 721 114 601 1095 879 903 1856 1799 1855 1003 1183 1912 835 474 780 81 1135 1271 193 1453 1727 1053 1371 1347 1533 991 50 1662 347 308 1034 1365 1836 359 336 1777 1866 672 458 1558 1761 1434 1297 1459 1383 1067 1004 1454 1087 760 1578 778 480 1598 1839 316 1849 1620 1513 234 834 467 861 1229 291 1260 68 1788 1057 1830 1042 470 837 1726 777 204 1007 1971 1353 1073 873 1541 160 808 1401 263 1118 1127 815 1816 465 1829 1984 264 16 659 350 574 1304 389 1033 1719 15 161 1914 322 1131 129 
minDistance: 3.56334
cost: 357026
capacity: 298972
time: 58290
maxTime: 60000
LS1: 16985/17796
LS2: 417/811
LS3: 0/0
shakeIters: 366
shakeLoops: 32
