2.95488:993 2.97318:1291 2.97587:1559 3.08431:2121 3.24043:2991 3.32674:3524 3.34033:4172 3.35:4330 3.36561:5886 3.36684:6080 3.38527:7346 3.38726:8428 3.39897:10816 3.42076:11092 3.44189:13027 3.45548:13255 3.47153:13641 3.47327:13773 3.47821:16595 3.48211:17088 3.4862:19141 3.48904:19609 3.49595:21057 3.50325:28537 3.51376:28831 3.51579:28963 3.52034:32861 3.54921:34210 3.55765:34466 3.56126:42355 3.56334:42764 3.56385:43968 3.56839:53640 3.57248:53910 3.57256:55427 
1814 445 1666 1509 1450 60 110 35 1561 1578 1305 1810 1803 308 837 1448 1762 1273 1835 447 1379 1627 42 1097 170 985 244 873 556 1347 1299 1688 1482 963 111 1431 1618 684 744 1018 1171 206 1142 435 437 1202 254 366 1815 1846 1004 973 708 234 775 1631 1103 1778 664 340 309 1372 410 662 817 987 1183 1155 1364 1478 176 1454 467 1563 1239 202 272 406 367 861 1926 73 1383 1476 1990 1306 1615 1533 286 839 1818 1707 1453 1719 82 807 743 1532 1817 1488 616 1656 165 782 966 726 322 247 1896 1341 1687 2 1028 133 1839 1088 162 252 74 1870 923 1206 499 1274 1790 425 1368 1662 1010 1003 414 1152 455 749 1057 641 405 573 1808 604 1907 534 628 1992 1932 1141 155 715 479 1329 1681 1365 993 1437 1720 421 1267 1080 114 579 1042 488 789 1746 1191 1464 1016 1655 1153 860 1516 984 583 845 1192 529 778 1182 1878 623 828 1980 1589 831 1438 1728 1401 1169 1420 1427 220 1060 508 1122 793 982 1558 316 989 918 1634 222 904 1263 1691 1256 1855 1369 1985 88 1946 227 992 1577 564 584 1598 886 192 339 1623 168 517 853 1172 826 1407 1834 1457 549 500 673 879 1971 266 418 1063 1742 596 834 304 1918 81 375 313 458 122 1170 1151 1449 1439 204 1465 470 439 1472 1596 1125 1107 1943 193 1880 456 803 1325 576 1541 1975 1009 1885 1652 574 652 1738 1463 1573 358 1630 815 1356 1602 572 1799 320 1309 149 1549 1034 1229 262 1829 68 1250 1253 720 530 900 926 626 1246 507 689 250 1466 248 96 1538 67 240 1304 1332 1726 672 729 2000 739 614 264 1582 357 1502 1727 395 1645 1915 480 15 1844 585 1579 58 50 1436 954 124 1455 1035 953 1922 321 1945 1135 217 1507 1848 1740 1040 1302 917 1354 1114 1933 851 94 901 1511 1110 1640 1936 1318 1244 1556 212 939 260 369 1743 1213 1575 1757 1084 1007 1643 474 48 160 1073 1910 1140 396 484 1542 1121 1512 306 1336 1667 842 961 1144 1119 773 1189 792 512 1162 643 115 178 498 877 1123 838 1552 57 32 1569 835 943 609 1836 597 1205 1376 1904 612 808 238 1230 1807 398 601 896 359 277 841 506 279 
minDistance: 3.57256
cost: 359858
capacity: 298895
time: 55427
maxTime: 60000
LS1: 16822/17647
LS2: 413/825
LS3: 0/0
shakeIters: 377
shakeLoops: 32
