3.08431:1383 3.21319:2240 3.23669:2545 3.24852:2766 3.24942:2952 3.325:4082 3.32674:4455 3.34053:5197 3.34075:5308 3.35334:5837 3.37137:6557 3.42076:9005 3.45267:10956 3.46903:11402 3.47327:11645 3.49996:13929 3.50325:15690 3.5048:15877 3.51376:16761 3.54285:26166 3.55106:27235 3.55558:27415 3.56334:27748 3.56832:47205 3.56839:48411 
939 172 354 1311 1062 304 816 185 973 858 1342 1502 1032 1739 1035 1376 470 238 1050 69 1578 933 1614 1490 1737 1759 1754 410 917 848 1481 193 1088 278 621 1130 876 124 539 534 568 1744 1541 570 498 849 458 1151 1206 563 454 1155 2000 1051 841 1878 1230 752 879 838 1799 685 596 674 749 128 860 1562 1910 760 1914 1138 1454 1918 467 1615 1058 613 160 192 67 355 88 708 1682 1788 861 1006 111 100 239 1720 574 266 322 1479 1239 168 1379 1038 1353 1946 74 626 1012 1536 1402 512 1523 1044 666 1990 1299 1511 1114 480 1494 1746 628 1407 1836 1760 1933 1458 1325 1828 1501 1057 414 1227 340 286 643 842 1796 837 1113 1011 433 439 367 1471 1106 1740 60 374 1033 808 1908 964 1391 1575 357 264 1687 94 1304 1556 612 1855 793 1028 986 359 1182 1662 1623 1756 1691 1320 303 984 48 792 963 1382 224 1244 46 1738 70 169 252 82 1912 89 673 920 874 1525 1818 1383 1848 464 1870 1309 517 1125 1711 991 1333 117 79 1465 1084 369 1398 571 773 778 398 1899 1829 1985 279 425 1073 1817 87 1486 1461 584 1745 853 1464 672 456 1200 478 1488 834 1229 839 222 668 753 663 1509 897 684 1170 253 1743 1352 1791 156 1652 1210 1368 1844 1640 207 844 573 1145 1550 695 1875 1427 346 993 1632 110 597 1814 39 1162 835 1140 616 159 1292 904 918 418 1816 961 1719 1839 1095 479 1815 777 457 1060 926 751 272 1653 1034 1267 353 58 1103 729 57 1367 1256 300 689 1329 212 2 265 815 405 1401 1459 641 828 803 1507 590 1300 1959 1618 1133 1943 1154 702 341 1573 1753 1922 1803 1777 755 500 166 877 220 1093 529 807 989 1432 316 1967 1786 1183 923 469 1498 798 1569 1542 1203 953 1369 1643 583 652 68 1644 16 1971 956 406 1681 966 1420 1437 1193 1571 1512 80 507 178 886 389 313 788 165 1438 691 1558 1189 1654 832 81 247 1191 899 1812 28 1655 1431 572 1932 248 203 1198 1141 1516 1434 1620 851 1779 1834 734 1594 1453 260 1851 335 114 1596 1979 1729 1080 1582 1030 233 985 1534 881 485 554 519 481 1630 1238 254 174 427 29 375 1105 202 600 1122 503 1657 
minDistance: 3.56839
cost: 367536
capacity: 298762
time: 48411
maxTime: 60000
LS1: 17965/18783
LS2: 395/818
LS3: 0/0
shakeIters: 398
shakeLoops: 35
