3.14119:1836 3.24681:2316 3.24942:2427 3.3166:3044 3.33519:4752 3.34027:4932 3.34053:5311 3.35:6090 3.36684:11944 3.38953:13766 3.40617:17004 3.45548:17819 3.47282:19728 3.47327:27686 3.49996:29025 3.50325:29139 3.5048:37777 3.51376:37962 3.52034:43625 3.52881:43745 3.53391:44030 3.55067:45593 3.55106:49820 3.55418:50041 3.56334:54657 3.57248:59400 
576 1191 583 1187 1656 1391 30 853 1946 1910 1972 1399 469 1022 1815 1744 369 1465 2 626 1003 1162 1479 375 367 247 603 1753 777 568 1288 1190 1328 539 1582 405 743 1541 458 2000 1398 425 996 1915 506 322 225 874 1760 899 851 612 1088 1691 534 749 578 1229 1761 178 1160 835 298 1836 1125 1719 896 252 1155 1016 1347 731 879 1463 381 1369 641 1401 652 1114 1291 1509 1985 759 1627 1012 1090 1474 849 1350 917 1573 989 1368 1206 193 1613 1598 902 1455 1995 160 886 464 316 573 582 708 79 48 982 1878 173 140 111 1063 963 647 245 202 1095 1620 1851 1602 721 1746 1855 1446 467 1848 705 1438 162 1084 956 1572 1681 1366 121 292 839 1235 1135 264 1379 233 663 926 114 1454 1105 1189 1618 781 923 117 1964 1035 1329 1102 1912 1737 993 1041 1273 1552 223 1032 837 1103 220 234 445 1182 499 953 480 212 785 454 274 1002 992 1130 1818 1356 636 903 514 503 161 858 1971 1304 1325 556 1842 1615 174 219 877 1453 1244 1840 1457 1663 1983 343 584 1728 672 1596 1839 1498 1183 1833 1004 192 1027 712 565 168 920 871 379 704 828 1829 70 1490 691 1709 481 1256 170 744 1253 398 1277 773 1051 1645 50 1011 1060 1899 803 81 1990 1034 577 60 470 1033 625 985 1481 739 1507 645 357 1817 1254 1267 1258 1799 519 94 778 844 1116 936 1108 1731 1992 1523 1788 600 97 1614 73 68 1516 1558 495 1996 272 530 1685 1359 1828 1810 1431 860 1274 1181 755 1156 410 1418 84 1009 1762 772 841 808 456 659 1353 984 355 1933 224 1122 1311 227 1385 1511 1653 1577 82 1844 548 1856 1437 601 1743 421 1028 1471 262 815 1341 279 574 1140 1050 206 1152 406 1943 1502 254 1320 1042 677 265 1121 861 1720 124 67 1118 564 1537 597 1623 1080 433 1247 266 789 843 1914 517 1057 628 752 880 35 1176 684 1427 418 838 500 508 921 834 1439 1230 1561 549 1845 479 1402 1556 1352 1170 973 336 567 1594 304 58 207 1299 1073 1482 1131 1834 668 961 1058 616 609 1383 484 1127 1748 596 572 1179 57 1144 817 340 1802 1738 176 16 1807 1777 816 450 43 259 1409 1007 1302 1569 358 112 306 1739 291 354 
minDistance: 3.57248
cost: 365187
capacity: 298741
time: 59400
maxTime: 60000
LS1: 17572/18444
LS2: 448/872
LS3: 0/0
shakeIters: 398
shakeLoops: 36
