3.24942:2406 3.26852:5008 3.297:5632 3.30756:5903 3.31171:6991 3.35:8146 3.35126:8335 3.36684:8919 3.36761:9524 3.37116:10181 3.38726:14278 3.38953:18100 3.47282:18687 3.48904:19888 3.49996:22075 3.51376:22256 3.51579:24859 3.54195:28043 3.54934:28181 3.55067:28272 3.55558:28515 3.56334:31599 3.56385:32011 3.57248:43401 3.58108:45815 
1990 773 506 1229 1777 1577 1996 839 308 1578 185 260 539 1691 828 1720 1719 1281 1511 918 1431 1121 1379 320 645 657 614 1302 376 652 904 1499 1627 467 643 1051 1512 672 1652 1122 1206 1028 1932 1743 1839 314 1979 792 1800 1858 994 1133 1187 79 1919 1767 1637 1193 1261 1019 1311 778 1828 1309 834 1523 353 176 1356 1073 212 397 626 1103 421 953 405 1896 1277 1407 121 1369 358 584 1246 470 224 1454 1918 379 1573 1910 437 525 731 13 936 1501 1008 625 304 1560 1598 1818 214 140 1304 850 1031 1738 996 193 1739 1365 1703 1214 1060 89 1809 903 97 1712 849 43 1299 1618 816 1190 1183 751 1084 961 1502 1726 1558 1645 514 1288 861 111 1101 1009 1434 1329 115 1478 964 704 58 634 1700 789 1041 1273 1565 484 1972 1427 1516 74 252 1985 549 597 233 1561 67 395 1182 1235 628 396 572 1946 1817 1756 1917 1488 1623 57 1620 474 1746 1569 180 1507 987 1256 1087 896 220 265 1306 68 479 1063 168 354 845 234 1855 835 879 519 851 1437 1870 322 1170 458 144 1412 1253 316 1799 490 1814 553 837 149 1450 516 207 161 616 844 1391 524 860 441 1033 1815 829 1834 1090 1494 1135 1080 693 1453 944 418 1130 739 355 920 564 1034 886 1994 335 548 1114 756 838 445 1320 1481 1742 1325 1118 94 1383 1498 1438 612 973 815 46 114 33 202 1479 480 954 993 985 192 206 2000 433 279 1125 1095 1319 881 1267 64 841 1239 576 1740 720 1796 1141 110 781 1030 984 1486 808 956 469 744 749 1221 1162 1829 743 139 1131 911 1056 423 966 1194 765 298 456 465 389 877 1230 759 306 36 807 375 81 16 117 876 1007 84 1731 1542 410 1875 1761 1004 1466 574 162 266 1971 798 1571 199 1656 1846 529 367 1292 1053 793 184 1856 286 1155 357 578 1550 23 715 926 708 1582 1409 1192 1347 248 272 1138 1825 1890 1791 1088 1205 691 35 1376 1795 1933 498 1915 1943 1541 1653 178 1464 1102 1244 1352 1615 1446 313 1035 1596 247 88 1927 565 369 1836 2 1753 1142 1880 291 609 800 48 1509 545 900 264 1140 623 982 1685 1226 601 1465 1172 174 1368 60 1151 923 725 253 1783 340 425 1439 517 
minDistance: 3.58108
cost: 363429
capacity: 298747
time: 45815
maxTime: 60000
LS1: 18840/19710
LS2: 419/870
LS3: 0/0
shakeIters: 426
shakeLoops: 36
