2.83409:311 3.34057:3230 3.36684:3591 3.37116:3826 3.38647:10453 3.45548:11333 3.46081:11613 3.46381:11773 3.46778:12022 3.47182:12141 3.47282:12826 3.47327:12955 3.48904:18589 3.50325:19642 3.51579:25127 3.52881:25307 3.54934:34205 3.55558:35421 3.56334:48655 
1609 936 1558 292 1836 2000 790 214 1376 775 1108 1799 70 1878 953 1007 785 405 1271 309 58 843 849 114 1277 217 1672 252 244 1946 1110 1687 539 1796 458 996 803 753 1652 1003 1170 1267 841 1092 1438 1320 1849 940 85 1254 234 1033 376 286 879 1640 1187 1880 1623 1229 512 1409 220 1585 1990 1059 1250 1288 742 1353 708 1512 964 728 1018 1582 1549 369 643 1943 57 502 1472 1191 1756 1787 162 1142 582 1240 1844 1130 1681 757 1432 250 1985 1573 1606 672 1708 1439 1238 1144 1972 1590 460 1235 406 425 1740 666 437 1762 247 259 1954 992 82 1030 1391 1474 1505 170 1088 1719 396 1436 573 1011 1319 1140 1993 13 1002 1481 1814 665 1090 888 1044 534 1490 470 1135 689 1890 355 626 117 174 877 918 1226 1121 630 903 731 506 535 721 839 923 987 1102 313 1870 1155 1743 1390 1502 161 789 759 740 1107 1643 694 1550 504 1616 604 233 1054 1118 464 1371 212 1304 1901 1569 1292 1979 1461 1846 517 1024 367 1063 1810 572 1581 1375 1356 1541 1179 614 1454 1615 982 926 1589 1141 1746 905 1368 433 1818 601 207 121 1478 1782 124 867 1369 507 1464 16 828 963 1656 1446 1471 178 67 851 1023 564 1133 1306 1657 1431 578 418 1032 1084 1579 265 94 743 375 1711 521 1691 1120 1035 479 899 1383 500 480 1073 1125 837 1325 414 48 1486 869 1713 1910 1759 1834 1728 1875 8 1119 1971 1777 223 185 1342 792 160 1686 1511 1917 1726 1488 79 193 248 1975 1994 1634 1915 1329 623 1744 336 1889 705 861 1260 1856 1508 549 1244 68 306 652 881 519 222 1513 1098 1571 1365 1542 1080 1401 1060 744 812 1479 1450 119 911 269 773 1561 1839 1456 1028 715 663 574 262 1829 180 834 844 1122 1933 35 1372 1012 510 1855 720 340 819 993 73 954 1565 609 304 563 821 1797 1653 1516 493 1863 801 1379 1352 1620 1009 990 1357 1347 1556 749 83 240 1261 316 81 1311 733 1427 815 886 1572 168 641 842 939 1123 514 1457 358 1299 357 484 1992 596 835 439 664 1803 530 1051 1465 657 808 1495 1239 1162 1649 1129 401 991 279 1176 1050 165 1253 187 1034 1781 1618 684 1420 50 1817 1004 617 395 350 1596 838 640 
minDistance: 3.56334
cost: 361657
capacity: 298731
time: 48655
maxTime: 60000
LS1: 18601/19462
LS2: 440/861
LS3: 0/0
shakeIters: 402
shakeLoops: 38
