3.34057:2851 3.36684:3082 3.37116:5174 3.4082:6001 3.41766:6481 3.47327:8540 3.52509:12389 3.55418:22669 3.55558:22791 3.56839:29109 3.57156:38719 3.577:55773 3.58108:57378 
212 1033 1191 1760 1757 1465 1840 1423 392 340 304 406 1693 1006 1181 222 50 1350 224 1788 1353 470 1849 1490 903 1221 923 114 1748 204 1501 1952 985 323 23 933 835 1996 117 1915 1213 1163 1498 609 1545 688 11 236 1979 751 144 753 1261 1647 1560 1618 1216 1886 253 289 1204 1329 1654 815 1182 1118 584 322 1890 1943 67 173 302 353 1516 1807 1577 1352 973 1537 1128 1073 1532 1666 260 1438 1230 788 1170 1002 358 234 1743 1590 1569 1172 1361 490 1700 1658 479 458 596 1430 1799 367 604 1377 244 211 1051 851 938 879 240 8 504 1028 662 1365 1783 986 895 1711 97 1598 1742 1138 149 743 137 529 1533 79 1229 1558 1684 1738 1739 1511 713 1383 756 597 1003 467 1367 828 911 69 161 192 1720 1183 793 427 1561 1489 585 1391 306 1193 652 1726 465 993 1652 1625 1040 1656 578 1095 674 1478 722 1935 638 1454 1219 421 74 1135 171 160 1292 28 1582 1057 1197 1154 982 574 1664 1147 721 729 1124 816 1571 1834 1575 1325 934 276 1106 1461 917 1541 1151 1041 831 1509 926 626 1464 58 614 625 1620 396 250 1965 556 414 841 1250 886 739 838 693 1796 1486 663 1502 1745 1680 1746 480 1499 410 964 785 1896 247 13 309 684 1926 2 158 1546 1615 646 915 1347 1189 705 963 379 1681 389 266 943 572 48 1088 669 954 715 1910 1844 176 904 781 1578 140 57 1513 357 1359 539 506 1311 1273 967 1455 792 366 1830 1267 731 1836 1382 874 1101 1253 1122 1402 383 647 1427 1990 1313 60 1034 1655 918 1589 1277 1080 691 720 369 347 335 861 1596 1458 953 418 1459 641 286 1090 1653 1029 1368 1829 178 534 1870 1630 760 1227 708 469 803 670 1880 248 990 1342 1060 1453 1818 1299 254 950 1662 583 1011 1719 1301 1506 1084 32 122 1114 405 1985 1744 1283 1707 425 87 616 1162 155 1105 82 893 521 375 1437 1731 834 1727 1309 1305 1187 500 628 262 1035 1142 1244 1038 1121 206 672 1160 612 1247 395 961 1632 96 1917 1446 1144 1420 1010 666 1667 1155 308 530 977 1841 1777 1141 1971 576 1839 966 1018 555 1975 545 355 94 456 495 749 1004 179 88 1063 1371 560 1140 1463 908 771 1851 81 1623 1012 1815 
minDistance: 3.58108
cost: 361696
capacity: 298785
time: 57378
maxTime: 60000
LS1: 16271/17174
LS2: 563/903
LS3: 0/0
shakeIters: 327
shakeLoops: 30
