3.18511:1748 3.21014:1964 3.23669:2265 3.30756:3378 3.31171:3483 3.34053:3896 3.35:4462 3.36684:4577 3.37116:4729 3.38647:8471 3.38726:8628 3.44499:9981 3.45548:11374 3.46306:14476 3.47327:16205 3.48904:16664 3.49996:18309 3.50325:21903 3.51579:24529 3.52509:24635 3.52881:24853 3.54195:36436 3.55558:37765 3.56334:46241 3.57156:52011 3.57248:57754 
375 530 1681 1719 1193 274 773 406 1777 861 973 1836 934 1743 286 170 355 772 722 1541 923 1918 1796 759 1946 1834 469 1602 279 1791 1189 322 316 458 1367 124 1841 1649 497 1464 1818 347 1253 89 956 1342 1420 1102 467 1383 1851 17 340 803 1117 1012 1756 683 1652 202 798 1073 1004 1569 911 1432 1849 272 796 1050 834 48 1277 395 963 1135 1401 1846 464 1662 87 447 1736 46 1138 1407 1976 1216 454 1727 517 888 433 1596 1479 628 1283 1288 600 1140 1329 1856 1471 1875 879 838 1943 749 669 1347 474 1839 1080 254 983 353 1007 612 445 111 1191 896 596 663 744 645 512 1377 309 220 1382 1905 563 1035 470 1357 367 807 236 57 1195 81 1781 1799 621 244 1634 704 1726 248 1459 1239 989 379 425 1655 253 1016 509 582 366 110 672 1240 837 1058 1015 500 987 1917 917 1985 507 1786 877 302 69 1033 217 65 1654 778 1386 1368 74 886 1145 176 1516 1325 1121 715 1890 597 1606 510 828 614 574 1171 1437 320 1579 1509 1623 1391 1582 953 1311 459 80 227 1707 1051 192 358 839 439 1154 674 1992 1922 985 1798 1041 1162 499 457 1512 1558 990 1815 1002 1183 1653 1711 1304 641 1244 59 1803 844 240 584 1229 1490 212 529 114 1011 117 168 165 82 1575 673 1292 1319 1123 1788 1744 572 780 369 926 1848 578 1478 265 1210 94 1807 615 2000 2 1238 1502 1300 1672 991 829 573 936 1878 1455 1552 1481 743 1578 1932 252 1267 1446 100 815 1454 1615 1409 1495 219 185 1378 269 174 1008 1855 1438 1740 1620 1095 554 841 1542 291 1829 480 549 1556 58 690 1910 264 1341 721 247 1531 860 1486 845 881 1742 276 1059 1915 1762 193 421 1629 1309 1972 1889 479 405 1034 418 771 1594 1359 1844 1084 835 238 1971 431 1130 359 1333 792 1461 904 160 1965 304 1536 121 625 1817 1431 1927 1299 225 924 1155 1365 1682 1852 1187 162 465 16 731 1280 1151 708 1691 1230 1214 437 357 1060 899 1656 178 1044 293 1704 1369 1352 210 490 1125 1746 414 966 1170 604 556 1182 224 206 43 643 691 689 982 1302 1439 1172 67 306 1226 1725 666 753 993 1124 260 1488 1550 1465 626 1042 793 
minDistance: 3.57248
cost: 363421
capacity: 298813
time: 57754
maxTime: 60000
LS1: 18783/19642
LS2: 427/859
LS3: 0/0
shakeIters: 406
shakeLoops: 36
