2.99089:1054 3.24681:2742 3.24735:3237 3.24809:3325 3.24852:3683 3.24942:4537 3.25066:4906 3.31171:5273 3.3166:5428 3.36684:8568 3.37116:11889 3.38647:14598 3.45548:15277 3.47282:19157 3.47327:20822 3.47821:25522 3.48096:25985 3.48968:31372 3.49595:31588 3.50056:34509 3.50325:49509 
68 1210 895 1889 395 1080 838 666 1849 233 114 1158 502 596 839 340 1401 341 1787 1573 733 260 1431 1017 1440 1707 870 58 1834 1681 165 1042 1356 874 911 817 1353 926 481 578 1130 939 527 1542 987 1653 993 1509 637 85 623 346 425 1617 1235 367 479 743 1855 601 1546 1971 954 1996 1541 336 1687 705 966 234 1757 1655 521 638 202 1407 1125 1084 734 1371 1662 1329 611 291 1983 1311 673 1369 248 1878 43 825 1057 934 1170 1330 808 1891 1818 70 574 1310 1667 16 375 1915 389 456 506 698 1585 1652 469 286 247 1465 1498 1767 435 497 433 963 715 900 1006 272 1088 918 1144 500 1575 1187 201 313 792 788 816 80 529 1142 1985 464 57 749 672 1034 1680 1479 1751 626 1176 1230 628 1545 1155 236 815 1377 1533 641 474 81 886 1852 1256 832 316 1561 1233 218 1439 178 1783 760 590 1135 1325 358 742 1720 401 2 467 722 1577 439 1618 1009 1118 279 83 1342 240 657 1041 1748 1932 1746 621 1114 212 159 396 1848 953 1263 956 1011 1571 1870 174 1012 293 67 751 512 302 553 1753 991 1428 936 1613 1664 669 1459 369 414 1073 1239 1605 263 1360 209 982 160 1383 8 484 46 1502 1523 967 517 1393 830 359 1229 1768 1829 785 759 1189 117 1418 560 1137 1060 1645 206 470 161 614 944 704 1728 1273 1856 1015 1101 266 1183 431 834 573 499 899 848 1810 1267 1754 1565 1198 406 418 1658 1582 1762 111 1216 1359 530 1365 1576 1107 1453 1796 355 88 985 185 534 466 903 303 1464 1402 1192 309 1304 217 552 265 1411 1844 986 860 410 989 1320 612 124 744 1890 1615 173 1836 110 1887 1840 1102 1016 1007 659 879 1807 821 1051 304 841 1740 835 446 1105 1184 662 510 616 1512 1149 1578 1357 828 773 908 1992 803 1352 1293 2000 1794 192 222 1785 1123 708 1030 1888 1743 990 1623 1880 1446 850 720 1368 1003 1569 168 156 48 343 238 60 357 1742 1122 861 1008 636 674 1127 876 509 1461 1299 1372 1314 1427 176 539 1598 1799 665 1478 1454 1777 1505 1244 379 613 1875 691 1959 1556 306 1821 298 1471 837 1132 923 731 1463 1347 1744 1686 1965 1438 829 1162 458 1361 1511 1341 252 836 1781 728 1994 308 572 566 1336 1093 427 1095 
minDistance: 3.50325
cost: 360317
capacity: 298792
time: 49509
maxTime: 60000
LS1: 16256/17167
LS2: 550/911
LS3: 0/0
shakeIters: 340
shakeLoops: 30
