3.08431:1655 3.22642:2621 3.24529:3171 3.24809:3410 3.29134:5513 3.30312:5687 3.34053:6313 3.35:7238 3.35126:8306 3.36684:8690 3.37116:9191 3.38558:9401 3.42076:10546 3.4399:10796 3.47153:11373 3.47327:11954 3.48211:12253 3.49996:13035 3.51376:13451 3.52881:13716 3.55067:18290 3.56334:20204 3.56385:37576 
1817 1494 817 347 1509 1971 1598 1191 1213 1336 974 1016 1437 674 367 1103 13 1691 841 1516 36 1131 1833 2 840 512 114 89 534 1834 421 835 1420 1206 1511 479 418 64 1342 1915 1570 1229 1788 1707 425 1092 556 1743 1459 178 260 369 1655 609 366 1125 23 1095 354 1843 1596 389 1872 266 574 1783 57 1431 1829 1124 788 1267 828 500 1778 1034 1402 1983 340 1031 1836 683 1182 1056 376 1446 722 936 1818 1118 1087 597 985 584 304 1736 1952 1565 395 1796 1575 1992 346 1618 1239 938 58 964 211 1357 1980 73 509 1044 1740 272 1807 1756 1018 1946 252 1791 1352 1155 839 1283 1135 1542 48 1038 87 1226 110 1107 1371 1367 834 1620 1997 1965 124 46 474 117 807 223 1123 1685 464 669 1305 1466 1478 665 860 1979 247 1041 729 982 1329 144 600 625 480 1552 778 467 68 1377 81 1541 708 879 240 1240 1777 1439 926 459 1623 458 1060 1080 1051 1488 1615 17 1253 202 80 1121 612 248 739 1523 375 1585 616 1561 19 881 792 1008 756 1347 961 1227 1219 1510 1875 322 1720 82 1059 97 265 838 1870 921 306 1464 815 1855 760 469 1028 1117 753 1244 1256 1102 1035 1383 573 456 1692 967 1656 1577 1898 420 1353 1760 309 1200 1667 1719 596 210 1172 886 1162 1689 873 1562 1453 1140 689 643 1569 303 1613 984 1334 800 1644 1839 963 206 433 1195 286 1652 844 903 176 1230 1105 79 803 1391 1190 1009 1101 950 1808 1681 539 614 1474 1170 877 1004 1273 212 993 1299 289 837 1837 1325 1158 1427 896 122 379 1454 1994 191 1810 660 1288 67 691 192 1653 1594 1943 1744 507 279 1782 1012 987 731 1058 1040 790 1512 1261 1032 771 1550 1711 358 1302 966 659 1781 1914 161 1210 111 1341 524 1196 1138 743 1033 1825 406 715 1537 107 775 626 1851 1046 1365 234 821 684 1073 1011 1007 1128 899 1662 693 336 1235 634 51 1890 986 1260 1762 431 517 861 462 1187 250 874 1057 353 1918 400 849 601 1951 1130 529 510 88 1465 1799 60 1985 1739 1632 1053 572 1280 1176 911 1216 545 1113 1533 1726 1084 162 83 441 1407 490 1910 316 1438 530 923 1901 1205 1932 781 359 1630 94 1727 1571 1110 1696 1502 973 357 1369 1088 1063 193 
minDistance: 3.56385
cost: 361306
capacity: 298837
time: 37576
maxTime: 60000
LS1: 17077/17902
LS2: 404/825
LS3: 0/0
shakeIters: 398
shakeLoops: 36
