3.18609:2090 3.19927:2587 3.20318:2843 3.24043:3543 3.24529:3738 3.24809:4101 3.2896:5999 3.29487:6242 3.30756:6429 3.31171:6628 3.34075:7702 3.35:7958 3.36684:8418 3.38726:8983 3.38945:12796 3.42905:13666 3.43112:15135 3.45548:16680 3.47153:16937 3.47327:22845 3.48968:26568 3.50056:27426 3.50325:27594 3.51836:33524 3.54934:37254 3.55067:38324 3.55106:41217 3.55558:42650 3.56334:44032 3.56385:46239 3.57248:47474 3.58918:49727 
672 1130 1932 1905 1319 1471 206 166 1855 556 1431 1681 1244 930 1032 934 1738 1837 1115 1141 220 279 1985 1058 1135 502 1910 1933 1235 266 1917 1010 732 69 1778 367 641 596 1040 917 1516 1154 708 421 1692 1347 1044 626 1573 506 1333 1552 838 1840 1508 158 1807 1863 1230 1501 623 1187 903 1379 789 524 162 1653 1746 798 1803 983 1033 1170 1707 845 210 734 739 70 1915 808 1596 1195 1121 1328 753 755 584 1654 1366 269 1682 1359 1041 1541 1760 1292 1927 398 1214 1744 1655 966 572 600 851 1229 1652 1791 1383 579 876 853 1663 1407 301 1943 1815 272 749 837 792 252 778 1360 1029 1353 1059 1113 1438 293 1757 440 1816 877 1080 1095 110 1357 357 609 829 366 79 1299 879 530 1502 1889 504 1176 1409 1691 406 1060 1291 1608 1084 1856 628 1329 2000 984 500 1739 336 886 1488 1762 1767 731 1118 687 1391 1946 161 286 165 248 353 369 1614 1465 1034 521 1890 247 573 1912 67 645 1615 1127 144 1490 842 1461 1979 265 612 826 375 954 693 1494 539 1839 1569 1507 1711 1205 1368 193 1182 1870 1777 469 341 1035 1147 1067 1057 1818 465 1918 1155 1107 1562 168 677 176 1253 704 1996 815 306 335 13 831 17 1103 376 389 358 828 481 873 926 1727 1575 1382 122 1486 212 1239 1474 1572 1515 58 1511 209 1737 1450 517 659 339 1144 1122 1594 405 835 1878 1478 973 11 834 636 977 1304 1796 503 1162 480 880 981 860 1131 259 1788 1481 57 1073 298 1375 240 1781 1018 963 1688 570 1558 985 307 1088 1267 1620 223 121 821 497 744 224 652 1193 82 1108 1454 1662 1571 1851 292 464 1281 238 1954 81 1623 751 574 458 316 1971 1350 1743 512 114 88 1027 117 418 1542 1191 456 253 568 80 756 881 841 439 119 304 94 1834 1817 1786 953 1183 1463 1629 1446 1577 1790 993 222 662 160 445 294 1627 1213 646 1307 1459 1453 1846 1457 1509 643 1105 1829 425 1090 394 322 705 1098 773 1649 1799 1083 1412 124 1169 1836 68 625 1051 178 1720 48 1719 1782 861 340 1899 43 1028 964 1439 844 1190 1513 1667 982 1325 1582 936 1432 244 254 1536 1240 743 1372 616 1250 309 899 1561 
minDistance: 3.58918
cost: 362435
capacity: 298731
time: 49727
maxTime: 60000
LS1: 18398/19224
LS2: 379/826
LS3: 0/0
shakeIters: 415
shakeLoops: 36
