2.99089:1235 3.17313:2090 3.24809:2640 3.34033:3244 3.35:3549 3.35126:3952 3.36684:5733 3.36761:8826 3.37137:10876 3.42905:11521 3.46081:12697 3.46678:12936 3.47182:13287 3.47282:13938 3.4862:15556 3.48968:15694 3.51376:16247 
920 322 1502 665 178 1267 1088 1629 1334 220 1739 303 1055 552 1131 265 1542 691 571 1810 903 1819 1756 105 1511 1914 841 620 1889 967 590 1474 1256 1891 1985 778 129 626 209 263 1009 1735 720 210 669 1910 715 1720 13 670 1654 266 353 772 1972 1325 1236 1050 421 199 1382 1122 1550 405 1738 291 224 950 860 918 1143 420 1233 499 1760 1034 304 223 1033 497 1516 1141 1253 360 35 1179 58 88 713 1397 1486 1004 1067 786 176 67 985 576 1306 1130 1080 1615 500 1292 977 214 1994 119 1375 1719 1707 68 1090 192 574 1214 636 358 57 1481 645 1288 834 838 954 956 520 1205 1028 1851 43 1778 1781 896 1123 75 674 850 1803 1816 1095 165 628 441 1740 467 1438 154 169 1342 1051 335 614 722 51 212 993 343 74 425 1855 926 734 277 1195 829 521 406 1142 474 1135 375 498 759 704 1299 1623 1313 32 502 211 1558 1353 752 453 1605 1569 52 227 1997 596 1692 1685 1478 877 1076 556 83 207 623 1839 1878 1590 414 1513 1979 1409 1041 1817 59 1828 50 1461 1352 1213 1198 1975 1746 193 82 1229 1170 1465 1304 936 1121 1560 807 1103 1132 410 1244 1073 1655 573 861 1796 1836 1866 876 252 1118 982 1183 458 1512 1464 490 464 164 808 1909 244 858 847 286 8 729 1439 117 1060 1162 672 1365 873 308 357 739 1368 1456 1193 1328 1549 70 1834 314 853 1254 1807 1767 1105 389 751 835 1453 1144 1102 1499 1576 1618 196 272 529 782 1577 293 1573 1727 744 1273 1329 1802 161 503 609 262 60 1625 440 316 48 1541 923 1737 260 1726 1383 306 1790 1084 514 689 1048 1844 1915 830 1575 693 158 168 197 1933 1653 1022 1471 1402 1705 643 792 469 601 1829 879 1540 685 1489 973 652 708 1002 690 984 1620 1032 174 1364 1946 1261 1125 279 753 479 1182 1371 1529 524 1525 991 612 222 1681 1971 1454 963 73 1966 1419 604 1062 1759 1012 1248 366 990 418 749 1585 1656 638 97 1007 512 1316 874 247 449 924 530 1509 111 506 549 844 1094 1743 1652 398 1744 731 611 1664 1556 367 396 1799 1258 1003 1490 964 1369 1691 694 1543 1918 1917 1372 688 94 1138 1561 1728 800 1239 939 508 1191 456 1715 1479 1598 1622 
minDistance: 3.51376
cost: 357130
capacity: 298783
time: 16247
maxTime: 60000
LS1: 18543/19356
LS2: 345/813
LS3: 0/0
shakeIters: 451
shakeLoops: 41
