3.22642:2334 3.24809:2786 3.34928:3783 3.35:4399 3.35126:5198 3.36684:5486 3.37116:5976 3.4082:6646 3.43112:7287 3.45548:11095 3.47282:11375 3.47327:19187 3.4862:22277 3.48904:30516 3.50325:31345 3.51376:34912 3.52509:41614 3.53391:58232 3.53899:58416 3.54921:59938 
899 1103 1299 381 347 1304 124 425 1979 1464 1656 1048 1030 1341 574 336 58 1637 1122 81 659 828 1757 1762 1034 1697 456 1863 949 1839 1573 1110 798 286 506 1856 1130 1190 114 354 1783 1705 1310 626 1453 954 437 1102 1817 982 1915 1552 1912 1229 1855 1073 1886 418 94 248 1681 469 1141 227 1063 171 1325 1107 1206 1465 641 47 1372 1616 479 1191 615 1614 202 38 1515 487 993 1541 961 389 1645 837 1302 316 731 1837 1844 1399 616 1108 405 1121 1438 1147 439 1461 1590 1084 1418 178 1434 508 1135 1357 46 1458 1890 410 158 2 107 1655 831 1398 672 1352 1777 1997 1712 1510 1431 1350 889 572 1488 1446 1738 844 684 841 350 834 879 1954 1333 1687 1984 652 1420 1328 1040 1179 225 693 1230 704 1858 554 68 1131 1760 1561 396 357 1727 1737 956 1250 1720 28 657 611 1743 691 1182 921 1799 1653 985 1219 903 601 1946 1995 582 584 817 301 549 850 720 1472 503 803 1267 869 358 17 752 891 1509 224 252 1183 366 1307 240 1475 806 433 1364 984 1474 1246 467 1742 80 519 1142 1778 926 1244 604 732 873 1896 534 669 1253 1347 304 279 1273 568 1569 662 1288 1875 1576 1818 117 845 1155 527 821 529 2000 406 1408 206 176 35 340 260 1756 1060 1456 1342 222 918 1726 321 1507 734 860 936 1644 1620 1598 917 1329 13 1533 1933 57 164 23 265 1009 1359 212 785 708 1549 1033 976 1624 668 743 1123 973 1596 1851 1170 465 1880 674 306 1910 1502 398 1663 1929 1575 1562 353 1819 1153 308 73 1629 1691 838 1411 623 247 1004 950 842 499 480 1577 1051 1543 886 1080 953 1623 751 539 111 612 1319 209 853 493 905 524 705 369 289 1006 643 1631 470 303 161 1490 266 808 573 70 1210 1686 1114 896 625 1746 1471 991 1815 689 870 309 1090 421 1016 665 934 210 1816 881 634 771 1007 1680 1615 1162 1739 1118 1654 322 1095 628 495 1971 162 254 1511 388 1151 1195 1042 755 1368 1662 193 583 1829 458 367 1928 1517 739 579 1667 1836 907 749 294 1476 1029 849 122 637 1550 835 253 996 1992 553 1088 1796 1365 647 1454 830 1834 744 545 877 1383 79 1144 512 773 
minDistance: 3.54921
cost: 364606
capacity: 298748
time: 59938
maxTime: 60000
LS1: 17983/18834
LS2: 434/851
LS3: 0/0
shakeIters: 397
shakeLoops: 35
