3.15071:1792 3.22642:2384 3.31171:3215 3.32674:3397 3.35:3889 3.36684:4466 3.37116:4905 3.38647:5566 3.4294:6360 3.43112:8897 3.45548:9285 3.46081:9632 3.47182:9879 3.47327:9989 3.47821:10119 3.49996:12152 3.50056:12411 3.51052:13092 3.51376:14533 3.56334:26396 3.56385:26738 3.59111:34999 3.5963:35086 3.59818:41980 3.60137:43679 3.62074:43792 
1040 1151 713 1890 1791 1446 206 1313 954 1073 1038 418 1183 470 1912 114 512 792 1191 1917 265 514 1120 1501 1888 1182 480 1427 239 1187 1681 112 234 1437 1691 1655 254 963 1375 1210 312 1219 1186 1033 1985 1569 117 1090 414 1781 350 519 1432 1582 1382 684 739 1742 89 780 1365 1054 1398 1836 458 1856 96 1267 247 211 1122 1796 731 1012 1575 36 73 1799 1253 1573 839 1108 446 737 1834 504 572 1875 58 1844 1105 1028 367 985 722 1726 81 304 1472 1305 293 121 732 860 1542 930 851 1053 224 396 260 987 778 807 1454 861 1685 202 643 1368 1748 1459 1292 272 1496 815 1901 868 366 1743 1439 1102 1839 584 1470 616 467 677 1229 335 1156 990 1193 641 989 1233 556 1851 849 1880 400 1357 222 87 1271 479 720 456 1502 1260 160 1016 992 1786 320 1250 613 1309 1347 612 212 1409 743 1098 503 1760 1071 207 1512 323 306 877 500 568 369 1746 119 1306 1453 1352 88 1458 1141 953 1837 1486 1059 873 1383 1855 886 1431 982 137 1737 1457 843 751 1329 1710 789 1087 835 601 425 48 1848 796 375 574 248 433 1590 956 603 279 534 530 1407 521 193 357 1728 816 936 1896 1506 1379 798 1162 1416 1645 1915 879 65 178 1739 82 57 755 793 1571 918 1814 1142 704 341 79 322 1256 490 517 1761 670 1933 841 853 808 1097 539 1918 469 668 1580 1239 1230 1943 16 431 510 1060 340 474 1818 1623 1131 1552 1817 191 529 1829 1011 1596 834 67 1057 100 1652 899 1550 1708 1558 1367 1051 993 1401 904 1744 358 440 790 1135 1029 596 1782 1663 828 1546 1034 1533 781 845 1240 238 1235 1221 837 1697 309 506 161 1103 1707 1080 926 1042 1815 1464 497 252 1041 1244 672 689 1680 1356 1562 1627 1577 1932 1979 663 1788 286 60 176 1304 179 1110 398 1371 665 1971 1549 97 1438 502 484 838 1086 1615 626 308 870 688 266 85 917 1809 291 1745 1554 1740 406 144 1455 1727 1736 1756 1866 1541 876 1130 646 1777 966 1118 1084 1293 1277 1465 1778 17 240 294 1620 1720 1045 353 276 1667 376 903 535 1333 1254 1009 1482 192 51 984 210 1121 405 1488 74 1140 70 708 450 609 72 124 
minDistance: 3.62074
cost: 362547
capacity: 298849
time: 43792
maxTime: 60000
LS1: 18573/19416
LS2: 408/843
LS3: 0/0
shakeIters: 409
shakeLoops: 37
