4.30699:1334 4.38984:1731 4.40376:1817 4.41169:2011 4.44825:2283 4.44949:2343 4.46126:3460 4.49006:3548 4.50491:3922 4.5075:4000 4.51112:4113 4.58671:5106 4.59724:5251 4.60482:8770 4.62693:9071 4.63201:9298 4.65119:9389 4.66004:9482 4.67005:10564 4.67286:10682 4.67834:10919 4.68077:11187 4.69196:12905 4.7035:19744 4.71513:23381 4.75858:27528 4.7636:30147 4.78058:59291 
1996 25 825 664 1121 1710 519 1091 722 1080 1084 1429 370 1019 709 1928 782 1306 1324 773 1137 1277 1626 506 1933 1058 1544 310 1382 414 1579 715 989 180 1384 60 1727 28 1315 963 936 452 197 641 1914 1092 1283 1995 644 1190 1680 665 1630 243 734 1839 1915 187 953 354 1598 1620 1794 683 406 1255 1098 1902 446 795 112 1124 983 1768 111 304 1229 320 1659 1540 130 1448 412 1301 1894 1682 219 514 762 117 418 389 1763 1352 1761 425 630 1179 1992 4 1361 198 1922 1108 353 1756 1033 1120 1106 1405 1801 1476 476 601 492 667 1802 1216 1335 1917 248 1210 1410 1759 1067 990 958 961 1749 879 1334 1172 359 1300 1970 1181 23 1468 985 1783 842 1797 1695 1569 1694 1736 732 705 16 877 1250 1516 1157 89 544 209 178 1406 1542 1328 1814 214 1078 568 1927 1541 1828 1225 1240 1594 1947 821 592 211 1256 500 74 1482 1675 1192 1387 672 863 875 751 1791 1507 357 1194 100 600 1486 572 778 499 1385 1359 856 1580 1648 727 1645 1437 58 1438 917 1658 755 1552 73 1305 184 1616 300 775 1473 51 1971 1041 108 491 1609 1988 488 860 1304 899 643 1824 1227 1517 1073 626 1649 1455 95 266 1258 1002 129 1817 748 726 1454 632 1863 296 1407 1806 1426 279 720 1613 30 1985 1273 737 17 261 1934 1795 1717 470 1546 785 429 
minDistance: 4.78058
cost: 240652
capacity: 199220
time: 59291
maxTime: 60000
LS1: 35413/36697
LS2: 416/1284
LS3: 0/0
shakeIters: 840
shakeLoops: 81
