4.17662:1108 4.19524:1565 4.19794:2195 4.23515:3370 4.23695:3535 4.38418:4052 4.40947:4196 4.49908:4563 4.5075:4762 4.52467:5003 4.55407:7736 4.56255:7948 4.58671:8204 4.62693:9103 4.63245:10794 4.65224:12491 4.65808:12784 4.66004:12858 4.66653:18463 4.6991:18933 4.70127:23005 4.71759:37807 4.76655:40341 
1446 1739 304 1385 1783 387 254 689 605 973 719 831 762 1372 993 80 672 1476 154 825 500 17 1315 108 1596 572 300 320 1980 425 1213 1992 908 1996 600 737 1229 224 458 519 1083 1056 1786 1762 734 1057 893 1124 1351 1529 253 1019 25 1768 4 575 1544 176 895 706 776 446 1164 1092 1954 66 1384 720 269 339 1269 1117 1311 1437 1089 251 751 40 285 506 230 755 74 963 1652 1283 1135 1006 397 785 1176 599 1412 1379 1033 109 1508 1109 795 1673 1688 841 936 187 1371 1442 262 475 1509 1692 520 1305 1630 418 1328 340 1187 829 414 281 1902 794 854 1756 1560 1516 507 1644 1658 1517 1041 1227 461 406 1468 1486 1830 1682 1461 1616 881 1209 117 443 1277 953 1590 1330 1601 1014 1172 498 1342 1230 540 178 1702 499 1391 1359 1763 1609 1695 211 976 1377 238 244 736 1552 1309 850 1301 877 615 1210 1002 1541 851 1417 279 1028 797 412 1975 778 1947 100 1683 675 1788 30 842 261 1659 981 1031 1335 198 1143 1262 488 1839 1759 16 801 60 1797 179 626 353 665 1495 1547 379 1256 773 1585 1414 385 899 58 396 1244 1044 1846 1073 1649 724 1917 726 1162 514 289 214 944 739 420 1569 266 133 1091 1250 180 920 1220 727 316 439 1106 1795 715 730 1024 248 860 264 435 641 159 1027 873 668 310 1507 173 1915 1273 81 653 204 1995 1761 1202 
minDistance: 4.76655
cost: 242477
capacity: 199207
time: 40341
maxTime: 60000
LS1: 32010/33311
LS2: 594/1301
LS3: 0/0
shakeIters: 684
shakeLoops: 64
