4.12164:940 4.19794:1178 4.36972:1800 4.38087:2188 4.38984:2394 4.39404:2476 4.39448:2546 4.41046:3028 4.43638:3197 4.46249:3494 4.50552:4765 4.50573:4846 4.5075:5611 4.56255:5849 4.62636:5955 4.62693:6023 4.64734:6997 4.65075:7274 4.65119:7371 4.65199:7452 4.66838:7915 4.68677:8411 4.68875:8478 4.69842:9172 4.70127:9228 4.70313:16698 4.70788:17538 4.70848:20702 4.74845:20880 4.75578:21672 4.75858:23061 4.76022:27025 4.79043:27997 4.79128:29435 4.79402:30049 4.80639:39610 4.82549:58974 4.83126:59696 
573 1604 1630 318 253 1541 732 1985 1007 1002 1172 1187 1683 397 1050 773 1314 1092 1566 300 433 212 1164 1756 1539 1437 1988 1649 842 751 1894 1243 1616 1590 488 1681 1417 1761 1656 1344 1109 730 77 1022 683 837 1355 521 985 875 1657 762 1780 509 778 1230 514 1473 1852 953 1273 899 1162 1844 703 1702 530 771 1080 878 1550 411 715 1795 1121 1542 1717 1454 464 1083 74 1560 1645 1019 940 1697 879 164 1579 322 785 1556 1858 821 1523 630 1181 1051 100 976 1154 340 1461 458 519 1667 1972 410 357 1385 665 851 1786 379 949 247 1623 1376 893 1695 1983 1012 770 1210 1402 1315 1335 70 219 1875 23 1379 1471 1359 1438 1475 668 1947 895 1783 1476 1585 1423 653 43 266 172 1328 1996 1933 675 1569 1221 491 989 667 331 207 1529 198 1561 1030 1802 15 782 1835 490 1917 1966 1256 248 1980 1179 1262 1305 1334 1377 1772 1486 371 354 233 1027 672 1227 705 917 1528 1495 1124 1727 1229 854 982 380 825 1583 1855 1507 4 727 1208 534 1468 803 178 755 1407 314 1041 176 993 1839 618 412 1662 1304 1371 1194 270 1609 961 310 572 16 516 1455 1582 211 1516 1934 402 1063 1493 593 737 339 175 117 1429 1078 1899 459 863 1155 1431 1040 795 1240 320 1351 707 1565 295 1032 1237 1006 123 1781 1659 
minDistance: 4.83126
cost: 248534
capacity: 199177
time: 59696
maxTime: 60000
LS1: 34938/36218
LS2: 388/1280
LS3: 0/0
shakeIters: 854
shakeLoops: 80
