3.8953:552 4.07306:1095 4.28652:2089 4.33537:2181 4.39721:2600 4.41046:2832 4.45607:3027 4.50001:3286 4.50488:3438 4.50573:3861 4.52467:4094 4.57118:4169 4.58671:5360 4.59227:6939 4.62636:7136 4.62693:7470 4.64892:15122 
1365 1612 1093 82 1192 514 756 1932 49 1423 371 1858 1255 987 439 176 1946 429 266 897 1455 720 1580 755 1694 1446 1019 635 727 1417 1137 1050 285 281 375 1516 1003 212 1992 1314 899 1756 961 875 255 492 529 1685 645 864 773 1121 28 1652 1414 238 1287 1863 643 953 301 895 1089 1461 178 1828 1253 744 520 1187 1726 51 1124 341 1817 1334 1476 128 842 174 1058 1372 688 1273 1106 425 1229 187 936 1920 1368 1736 1056 1819 277 192 1481 1521 1359 521 795 1191 1695 214 1473 1917 794 16 1904 183 1620 1210 1781 471 1342 1471 165 1604 2 1302 80 1367 726 361 1542 572 1438 1067 318 248 1795 1384 1838 1579 873 1927 1190 1041 856 1374 412 1988 387 1306 1970 672 488 1815 1741 1744 1911 1335 1782 1324 211 126 737 1633 1206 616 1877 1381 519 1369 58 357 1021 762 1301 879 1337 1060 748 1658 1648 474 1996 1680 504 1584 717 30 569 4 1894 825 309 1248 367 1116 1140 1682 579 1856 1162 1902 1125 1262 535 333 406 279 632 1979 854 1291 1023 1891 1315 949 414 1544 1485 1148 718 66 1933 1687 303 709 397 1164 433 821 1983 5 379 1955 1645 1283 1118 310 1802 1328 1031 1727 1038 1816 402 431 841 1195 1274 1737 1437 112 1454 253 621 776 901 154 811 1380 797 1746 1630 1412 1017 254 1371 976 1407 860 503 1344 661 74 1040 1297 353 1626 11 1181 1138 1095 1185 1909 453 1033 
minDistance: 4.64892
cost: 241308
capacity: 199387
time: 15122
maxTime: 60000
LS1: 33549/34817
LS2: 536/1268
LS3: 0/0
shakeIters: 715
shakeLoops: 68
