4.05232:936 4.13682:1296 4.14672:1421 4.19102:1718 4.33653:2208 4.3655:2492 4.37371:2703 4.38599:2885 4.40376:3090 4.40947:3528 4.41046:3677 4.45291:3965 4.45697:4031 4.48022:4651 4.51078:5015 4.51112:5140 4.52533:7202 4.5591:7522 4.56255:9526 4.58671:9818 4.59721:10012 4.62796:11304 4.65199:12599 4.69196:15947 4.69788:16242 4.6991:16467 4.70127:16522 4.71513:22377 4.72018:23787 4.7636:24329 4.80734:26920 4.83548:27687 4.84597:28941 4.85256:50114 4.86268:54771 4.89336:60001 
707 1210 318 1541 742 1581 1259 425 1947 715 1437 1736 1662 665 1616 1315 1665 1780 253 1673 1324 1385 1482 1694 1473 961 877 1479 1019 111 1829 519 1461 1717 359 1024 586 900 488 641 1371 1446 1277 306 1124 572 856 703 1369 1459 1409 1053 917 795 23 41 1802 300 977 230 1675 1089 295 825 1756 507 410 357 390 1516 1476 1786 1256 1806 1783 785 1190 379 1094 1164 402 214 936 1478 1923 808 1781 1495 1996 720 1902 794 1468 179 1596 1934 1822 1040 1261 535 976 470 1935 1083 1379 1642 1644 122 1423 727 16 192 178 1305 1604 842 726 1542 172 1727 1659 732 279 1544 1797 1223 303 875 1002 1121 1475 1051 985 762 310 108 235 642 1340 320 1060 751 1927 180 100 521 1795 1746 666 264 1680 1240 1033 1451 1304 1229 953 949 159 421 1155 1311 773 289 251 1181 689 1199 1105 722 770 1372 514 406 80 1273 854 1862 1523 895 1388 81 843 1561 1359 333 1983 829 1509 47 435 261 1486 1012 112 1067 1667 354 1137 66 500 1351 1702 1570 499 1630 418 491 1050 1439 993 778 1823 158 1230 1590 1961 908 58 1344 1634 1376 459 1454 753 74 1539 1649 1653 516 443 1335 423 1162 1761 1830 1306 346 1782 646 777 1171 1569 973 211 60 1092 414 1140 247 1191 130 1839 1682 1681 755 266 198 821 1579 401 1844 555 828 412 837 
minDistance: 4.89336
cost: 242609
capacity: 199186
time: 60001
maxTime: 60000
LS1: 33606/34889
LS2: 435/1283
LS3: 0/0
shakeIters: 812
shakeLoops: 76
