3.95136:644 4.31029:1367 4.32054:1457 4.40875:2071 4.41646:2164 4.43521:2384 4.43782:2476 4.5075:3045 4.52709:3246 4.62693:4229 4.65075:4502 4.67593:5533 4.68677:6741 4.68842:7113 4.69196:7401 4.6967:7505 4.6991:9816 4.7035:9944 4.74847:10442 4.7636:11924 4.76595:13356 4.77005:14211 4.84597:14491 4.86426:17658 4.8643:20478 4.89353:25908 
238 1019 15 248 1342 310 1427 1214 1376 1542 989 1110 187 397 1471 514 1023 1006 320 732 797 204 4 727 322 539 357 1623 334 953 1877 170 641 246 572 1305 426 380 1162 488 917 1695 476 1219 1886 1875 1328 1439 1391 1806 1296 854 1233 1179 1105 1277 253 894 1385 269 1368 813 1653 354 66 1682 1012 1229 1255 1359 794 169 831 81 1662 751 1017 1630 1120 1604 843 1262 778 414 211 1334 668 379 796 709 1616 1786 776 1772 1089 755 1739 1686 1410 1951 1468 1862 617 193 1915 1072 1027 1902 1172 47 749 100 1306 217 1585 1351 1966 726 730 1369 936 1459 111 1337 1080 1764 1575 715 1947 821 1579 1372 1209 782 247 28 516 1529 1992 1917 180 920 1092 825 178 1852 615 734 207 1003 785 266 1659 1455 1383 548 1251 1155 1461 1273 318 1675 1961 82 387 1781 179 267 1891 1335 1569 1582 1596 1968 23 1437 17 1478 1315 1344 842 1476 339 736 1561 412 1002 638 720 1274 1782 961 300 1823 1904 853 1590 1451 1308 737 1544 198 519 214 1094 1379 31 128 1121 1728 1761 1060 1647 470 1507 1980 219 585 1432 653 1256 1667 122 1552 1288 1736 1543 1560 16 795 904 1057 1795 1601 1516 773 406 1508 1032 1681 475 600 672 1844 684 1200 500 949 1124 1194 1063 1726 1768 823 1486 1802 491 1797 396 1819 1546 1350 1631 1154 1429 
minDistance: 4.89353
cost: 244031
capacity: 199276
time: 25908
maxTime: 60000
LS1: 34316/35602
LS2: 464/1286
LS3: 0/0
shakeIters: 796
shakeLoops: 75
