3.98492:553 4.23515:1296 4.30699:1645 4.33313:1802 4.40856:1967 4.45452:2157 4.45607:2597 4.45768:2810 4.46126:4228 4.49006:4584 4.49908:5414 4.5075:5501 4.51078:6565 4.5599:7729 4.59227:8096 4.60211:8820 4.61941:8955 4.63188:9073 4.63225:9189 4.64892:9951 4.653:11526 4.6967:15424 4.70127:15561 4.71513:30626 4.74004:30836 4.75858:30902 4.79362:31866 4.80583:32339 4.82917:35387 4.83306:43376 4.84597:43837 4.8643:45229 4.89092:58380 
60 254 1255 1385 982 953 877 795 68 1972 1590 89 936 1376 30 470 727 1027 300 509 180 1825 1437 339 519 418 881 1649 1659 1369 176 1697 1190 1980 1051 776 1384 310 247 1172 917 1810 1493 785 1274 1273 600 897 1482 1951 1041 248 886 792 1078 1359 1002 371 1516 198 1379 1181 1443 1609 1695 1473 778 675 1019 521 357 1370 359 1073 1117 902 212 1652 1761 406 736 1660 514 842 1121 738 169 450 1756 1012 773 860 285 834 1124 1814 399 672 117 873 17 952 1933 402 895 1010 1743 1436 1908 1243 414 1377 737 1014 989 762 1225 1604 1680 187 1875 426 1305 751 1739 973 1795 1541 572 41 771 977 1724 516 829 66 1137 1080 1579 1230 1702 253 1057 1053 1682 1454 1092 1193 1546 1507 686 828 1427 944 1277 1486 211 1335 401 266 1782 1829 1492 1256 15 639 568 1050 1894 803 673 159 280 243 1461 100 488 949 1423 1658 47 475 1105 1634 645 837 715 817 1855 1438 904 1952 1675 123 1459 81 1179 1616 1351 1542 192 1556 1191 1328 175 1613 709 1839 1560 732 1283 464 641 1315 1996 446 1975 1334 974 1344 726 749 209 1857 720 23 1596 1665 1446 412 1162 1823 933 1219 506 1471 734 498 1712 360 961 1667 1342 235 928 630 1495 178 354 1476 1783 1229 1744 689 794 491 1263 1786 825 
minDistance: 4.89092
cost: 238629
capacity: 199171
time: 58380
maxTime: 60000
LS1: 35646/36964
LS2: 464/1318
LS3: 0/0
shakeIters: 821
shakeLoops: 76
