4.33653:1367 4.39404:1695 4.41169:1850 4.44097:2221 4.46126:2364 4.51112:5061 4.54574:5383 4.56875:5706 4.61941:6104 4.65058:6457 4.65199:6726 4.67974:6994 4.68677:7065 4.71759:7605 4.72018:15971 4.72887:17550 4.73395:20163 4.74004:20298 4.74883:22765 4.76035:23599 4.7636:23663 4.76655:28764 4.77005:28888 4.77553:31152 4.78058:31207 4.82549:39512 4.83126:40438 4.84783:40533 4.85354:58970 
715 837 897 402 89 961 1002 1542 730 1162 1106 1209 1495 1609 508 684 1681 1459 1200 828 776 1109 917 1839 26 726 1682 1468 1116 1429 1891 412 732 1569 762 1371 1626 1379 60 1649 877 1366 1012 1972 1479 1274 1003 1243 1029 739 1033 247 1915 1401 15 214 1745 1351 1335 1171 709 379 310 1786 838 1092 875 1227 514 1008 4 1700 1121 927 1806 1630 261 843 1377 1933 1255 1019 360 1743 1288 1256 1368 1659 535 1768 28 856 989 782 117 1546 81 1620 1067 198 1997 1652 845 825 100 1653 1439 130 346 1437 1579 1667 750 1199 617 1181 1951 615 475 1736 506 801 642 426 176 1634 1959 717 1057 35 470 788 1413 1423 1739 1293 500 1438 418 414 304 725 339 570 683 1478 1541 798 1817 66 1040 1454 1179 1795 219 1482 795 1692 1233 1098 793 300 17 734 1030 953 936 1229 1050 1975 1269 59 1759 1044 1756 1006 1315 548 1334 1855 822 1928 243 1983 37 1010 1210 233 1909 1369 519 1376 1501 1359 755 1344 1645 77 267 737 568 309 1980 1961 1486 255 1819 306 794 80 1516 16 1191 1782 1570 1048 630 1427 1613 773 1144 468 785 1823 169 1455 1409 1580 1084 334 354 1192 1264 778 1213 1461 949 1922 1899 1017 586 1844 1120 23 1094 923 1604 180 821 509 1072 296 292 1994 938 1902 664 1190 211 187 516 1996 1596 253 1100 1118 
minDistance: 4.85354
cost: 240986
capacity: 199229
time: 58970
maxTime: 60000
LS1: 33265/34612
LS2: 558/1347
LS3: 0/0
shakeIters: 760
shakeLoops: 71
