3.83818:475 4.31857:1569 4.33653:1892 4.34397:2359 4.38087:3109 4.39717:3269 4.40376:3351 4.40947:3495 4.41046:3981 4.44282:4297 4.45768:4717 4.45877:4878 4.46856:6165 4.49908:6232 4.54221:6395 4.58489:6491 4.62693:6615 4.64892:11957 4.66653:13040 4.67974:13196 4.69493:14216 4.69738:18361 4.70313:21359 4.7035:25174 4.7636:26835 4.76619:41437 4.77989:51271 4.78425:53128 
1071 1244 227 1191 379 1780 727 573 514 1023 445 23 949 964 903 1685 193 954 1274 112 320 1409 359 1899 961 214 1057 1264 1476 1033 753 1296 292 1190 198 1486 1501 854 1970 776 1010 1667 1008 268 261 773 87 1569 1947 698 1536 737 944 1594 793 684 843 1617 1417 794 354 499 1351 4 881 1795 1839 80 706 1002 1479 828 1432 30 1959 1450 285 303 1473 1376 1659 1604 900 1366 1817 886 295 1552 1579 1645 197 1662 284 1751 180 726 503 491 423 1283 1180 422 310 1073 856 452 248 685 1121 122 1177 176 443 238 645 875 500 47 1495 938 600 1558 277 1979 1968 1300 775 1596 762 883 439 1439 519 825 1894 1933 822 732 556 1116 293 1454 1380 1140 418 1369 1764 568 1877 973 1946 1137 1570 1862 264 1227 1324 1431 378 1657 953 99 66 1019 895 1063 993 1211 912 1682 1609 1395 346 1406 936 1094 1598 841 1181 1844 431 1927 450 1437 1448 576 829 1456 1413 1997 1819 837 1727 300 1451 877 982 1539 470 873 100 879 795 673 1964 1051 509 689 1680 1012 1130 43 596 28 1830 839 1092 976 1040 1172 1311 130 251 1634 755 540 184 1580 1098 1541 1344 108 1652 1786 1107 985 1359 1756 1961 1823 1067 817 1481 229 715 212 1560 361 209 641 1333 1649 1972 1590 1171 1915 412 507 572 1277 325 991 850 1438 630 1542 1675 488 1810 1381 
minDistance: 4.78425
cost: 246718
capacity: 199219
time: 53128
maxTime: 60000
LS1: 34447/35708
LS2: 431/1261
LS3: 0/0
shakeIters: 802
shakeLoops: 76
