4.13861:1127 4.30699:1420 4.41646:1733 4.46856:2077 4.50245:2542 4.53793:5497 4.59227:5668 4.62693:5898 4.63245:7149 4.63415:8015 4.64587:8143 4.65119:8456 4.65199:8529 4.65271:9283 4.65808:18580 4.66004:20248 4.67304:27658 4.68554:31170 4.69196:31257 4.69738:31644 4.7035:32443 4.71513:32498 4.74924:32711 4.75578:37534 4.7636:41258 4.77005:42070 4.79402:48414 4.79955:56184 
254 500 1334 401 1427 689 720 340 886 936 60 1109 734 821 380 198 1542 1681 1442 881 1662 1315 95 1194 1385 1817 1983 883 1569 1955 519 1259 1256 388 860 1013 1689 15 66 152 1335 11 1902 421 854 1342 1429 877 1371 555 199 1643 1058 325 1050 1544 1296 1917 1199 1972 1017 470 850 130 300 1560 1106 1468 1137 1384 1516 934 993 1653 949 1550 843 730 1596 1703 573 1507 491 715 1028 1372 1623 1221 834 989 1995 1840 535 334 1361 28 292 1461 1379 1614 1244 247 1482 339 550 920 253 1465 1305 749 1951 879 945 1080 1645 1057 794 194 1151 585 795 475 1665 1177 1688 1582 1140 1980 1262 1695 74 1040 429 548 1399 853 1659 1604 1863 358 357 238 1214 527 1782 175 1739 1700 229 1735 1377 675 1094 964 1300 1680 1912 1916 736 1190 333 1772 1649 755 379 1781 1539 1979 310 169 1438 1961 1210 803 1717 70 1839 412 426 516 1092 1620 172 732 1100 1875 1810 1802 285 1607 842 1437 1915 817 212 1176 1227 1414 778 406 938 295 1118 1762 397 1667 1191 1947 33 265 303 100 246 1473 1143 1616 314 665 858 1751 1541 1019 25 773 514 574 1002 1629 1273 582 737 164 1359 1585 488 917 111 1181 785 1041 1078 1032 187 1476 1073 776 490 1652 443 1933 192 354 856 626 180 1795 825 1328 58 1454 293 214 1347 1333 1702 117 727 
minDistance: 4.79955
cost: 243561
capacity: 199186
time: 56184
maxTime: 60000
LS1: 35884/37143
LS2: 427/1259
LS3: 0/0
shakeIters: 804
shakeLoops: 76
