4.13682:1111 4.17662:1308 4.28652:1737 4.30466:2044 4.30699:2117 4.40376:2471 4.5075:2891 4.52467:3043 4.54432:3415 4.55916:5027 4.59724:8147 4.61941:8734 4.62693:8990 4.66956:9415 4.69196:9505 4.71513:12435 4.71759:13760 4.72887:15357 4.73515:16488 4.74004:17695 4.7636:17794 4.79128:19463 4.80639:21872 4.84783:25838 4.85256:35141 4.85354:41122 4.86245:41242 4.86268:41347 4.86426:45125 
464 1630 412 991 414 1017 1437 169 695 1105 358 1190 1529 309 895 1274 165 1794 514 1844 1561 1121 617 1273 1335 1585 176 180 81 653 1192 1379 1193 806 1609 986 1138 803 100 209 1283 1735 1737 1816 1486 1575 1454 762 1662 30 1050 776 842 812 1807 795 1429 499 1264 243 1229 1116 17 1819 1862 1053 23 179 318 1432 74 1033 1534 612 755 825 1371 1172 1420 828 359 334 845 1482 1786 1541 1089 534 279 1120 1623 1616 1782 1401 475 675 899 854 1954 1988 1461 1473 1788 1410 1933 1781 794 1248 1024 1667 16 973 626 737 1359 1155 1124 1330 212 1073 1130 1315 1451 1051 1570 710 339 1023 1012 435 1385 1947 1446 596 253 1680 1181 732 1736 1479 300 1611 224 936 1604 1387 548 266 837 1839 726 949 1376 1590 1756 1007 1569 1675 41 112 782 1562 1580 500 66 864 672 1971 654 1761 1927 193 1828 295 198 454 439 235 1227 753 58 1154 1351 961 1390 1127 1985 187 1797 248 773 1544 1749 80 1739 1304 192 1107 310 990 727 159 1659 1288 1468 630 130 4 25 703 354 470 1935 1407 1092 1579 1471 785 720 340 985 89 1455 1915 1643 544 1523 709 1710 1495 1783 977 1137 1179 1516 1556 1508 1423 838 111 1256 664 164 900 406 1002 982 1682 346 1032 508 1157 1221 211 1996 974 1225 296 
minDistance: 4.86426
cost: 245636
capacity: 199170
time: 45125
maxTime: 60000
LS1: 34751/36102
LS2: 535/1351
LS3: 0/0
shakeIters: 787
shakeLoops: 74
