4.10856:940 4.13861:1041 4.17662:1247 4.34308:1691 4.34374:1767 4.34922:1841 4.38651:2313 4.39475:2933 4.40947:3111 4.41046:3272 4.44825:3415 4.44949:4451 4.46126:4650 4.46249:5640 4.49006:6132 4.49908:6310 4.52533:6721 4.56875:6838 4.59724:8054 4.62004:9042 4.6254:16958 4.63188:20046 4.63201:20171 4.64004:22979 4.65074:23289 4.65906:23447 4.66838:23509 4.6967:25430 4.7035:26275 4.72018:27293 4.74883:27619 4.75858:28634 4.78079:28783 4.80734:29482 4.8173:31436 4.83659:33903 4.84766:35860 4.85052:36715 4.86059:38098 4.86426:40546 4.89353:50691 
1116 1855 900 1180 1915 737 1839 1376 334 1667 333 81 1092 675 1877 390 1172 1371 1428 1019 788 1580 936 1476 507 1572 509 773 897 1610 1682 1739 1359 1817 1782 371 944 720 726 1675 164 1992 1384 437 1057 1315 491 1432 178 1436 952 1561 268 1244 755 1536 961 1335 1927 1794 266 579 1795 751 41 1980 753 488 1002 1862 762 1579 1439 672 1482 165 1727 176 1023 1786 1121 296 66 1649 462 1024 1756 514 467 834 1032 727 1088 108 1846 1073 1368 500 1781 430 717 1192 74 1027 1273 1446 4 630 426 1810 1710 572 857 1933 828 1454 1680 1583 17 1604 23 949 1379 917 1662 80 1735 100 1486 1050 1277 1828 1743 1455 1427 406 1544 1459 1996 1437 1409 831 1473 1780 1821 1051 1596 877 1688 1227 1385 175 1328 1461 1191 875 1209 1274 354 1256 837 1041 982 795 339 1576 1139 715 854 565 817 179 310 778 358 775 1259 668 586 397 498 1541 821 806 1311 1012 1681 1657 1844 280 198 1053 1823 1542 1479 842 732 414 1702 1468 28 776 261 214 1293 99 1653 340 412 1155 1451 1830 1225 1240 1351 1369 1495 825 180 808 548 1193 1229 1616 1288 1659 127 443 794 1264 516 698 1406 90 253 264 993 519 983 1683 435 212 359 1094 1016 689 1478 248 300 192 346 318 1961 59 641 439 1736 357 341 555 1761 211 638 1985 
minDistance: 4.89353
cost: 249363
capacity: 199222
time: 50691
maxTime: 60000
LS1: 33802/35111
LS2: 512/1309
LS3: 0/0
shakeIters: 756
shakeLoops: 69
