3.92191:672 4.10856:1055 4.38418:1567 4.40282:1786 4.40376:2221 4.40856:2320 4.40947:2397 4.43966:2499 4.46126:2857 4.46249:2954 4.49908:3762 4.53793:6418 4.57118:6753 4.58671:7161 4.59724:7421 4.62636:12798 4.65119:12934 4.6967:13171 4.70313:14903 4.74924:19514 4.7636:22076 4.77005:25309 4.78058:48298 4.79402:48372 4.80734:52206 4.8173:59179 4.82778:59366 
1727 204 264 722 1783 1797 842 605 1210 854 897 488 883 1038 238 108 1972 1541 1106 825 585 1891 1019 1517 17 1732 1994 111 25 1379 795 690 1124 233 9 739 479 762 895 4 1694 254 664 412 977 100 1680 1057 732 642 425 1084 1381 1546 1454 1143 1264 1229 1359 1839 877 1227 626 1071 23 1951 1659 720 300 668 737 429 750 1653 224 339 170 904 343 248 1273 879 1990 1443 1050 1762 857 1550 1662 672 539 936 1996 1118 1560 793 1995 555 1315 1910 506 66 187 1844 516 303 89 1656 1816 247 1305 1889 1377 775 212 253 1846 1092 1334 1080 1863 993 1078 778 1702 1645 1817 1965 1002 514 1966 1561 643 1473 828 1274 219 1306 175 180 314 1781 1461 353 75 1482 1739 277 1371 1961 521 192 1596 211 1417 74 1438 354 1177 1328 1344 963 1091 1225 1468 638 1176 1214 917 949 1682 1875 86 406 318 1040 1130 1486 236 1516 1717 198 563 782 1922 1746 1429 1048 1021 1094 214 630 1154 1283 1114 1155 99 491 1109 1806 468 1562 1269 1439 1782 1051 163 1947 1933 410 989 579 817 346 565 519 1008 28 426 698 822 1162 794 447 1542 1003 1795 1611 1335 1401 1137 174 1627 1340 117 641 1194 1172 1529 1476 1028 1609 60 176 1427 983 1916 185 68 1983 1683 999 527 1764 1698 1665 821 1300 1022 1088 388 310 1437 1455 1293 1479 1894 517 1980 1191 906 1935 1179 
minDistance: 4.82778
cost: 245837
capacity: 199315
time: 59366
maxTime: 60000
LS1: 34255/35581
LS2: 570/1326
LS3: 0/0
shakeIters: 729
shakeLoops: 68
