4.13354:1146 4.23484:1383 4.33653:1774 4.40376:2383 4.41046:2530 4.49908:2919 4.51078:4504 4.54432:4902 4.56255:5051 4.56875:5161 4.59724:5988 4.64004:6063 4.64892:6366 4.67761:6656 4.69738:7020 4.6991:7094 4.71513:8806 4.71759:11324 4.78497:13192 4.78956:14851 4.79719:15018 4.80244:15349 4.80734:15487 4.82917:16422 4.84022:16556 4.84783:17820 4.85052:18080 4.85064:18791 4.85256:29184 4.85354:31216 4.85842:32118 4.8724:55617 
838 573 507 837 1116 806 778 1385 1446 1722 638 878 264 908 81 563 1539 982 339 1344 100 248 1140 1782 1743 166 1371 829 1687 17 389 1623 586 1542 130 762 720 643 1780 1124 1316 1544 310 732 1106 1952 1089 1682 180 1486 1277 176 877 1980 1739 669 178 1552 192 1764 1057 1060 1992 1616 1377 755 292 1681 1092 1179 506 1479 1225 788 333 1902 1427 1437 254 318 1830 1172 1994 917 1080 295 1823 665 953 983 1367 23 492 1432 89 154 834 300 572 689 60 514 519 296 1579 797 437 993 928 475 1267 516 1256 159 854 1388 267 1139 1213 108 1923 1908 1604 1560 949 1468 977 1562 301 198 1368 1947 1379 359 1645 412 1032 1335 211 1756 117 499 1293 1781 204 443 936 1667 164 1471 1194 1012 1801 857 1063 828 397 1985 1478 1839 825 856 1961 28 31 726 409 1454 1613 886 1155 776 1788 842 1315 1229 737 233 1058 705 1717 870 641 1384 1033 1683 1476 1461 426 1710 320 266 1561 668 1541 1983 346 212 775 1192 1369 1137 109 1473 630 1138 504 1927 1003 1154 214 429 1590 261 1810 491 406 1988 1816 1653 795 989 1191 1482 111 1701 1680 1121 851 1516 1019 1439 1907 1273 794 174 1248 672 1002 165 1580 1996 247 889 1359 1728 179 1264 467 675 1051 66 279 1795 253 25 1094 887 4 961 51 1909 881 99 450 
minDistance: 4.8724
cost: 246101
capacity: 199161
time: 55617
maxTime: 60000
LS1: 35371/36676
LS2: 470/1305
LS3: 0/0
shakeIters: 803
shakeLoops: 74
