4.30466:1273 4.30699:1400 4.31857:1465 4.38087:1717 4.40376:1891 4.40875:2135 4.40947:2559 4.41666:2813 4.43638:2956 4.475:3260 4.52533:3561 4.63201:3691 4.63245:3963 4.64004:6116 4.65199:8045 4.66653:8144 4.67304:8949 4.68677:9991 4.69493:11722 4.69738:14743 4.70104:14894 4.7636:15785 4.76397:15935 4.76619:16956 4.76655:17899 4.78497:18105 4.79043:20283 4.79362:20361 4.80734:22452 4.8356:22687 4.84766:22750 4.85052:37309 4.85256:41527 4.85354:41600 4.85455:45057 
514 1786 74 1482 1475 295 1305 229 211 1528 785 80 821 1485 1176 630 1243 1451 1456 81 1179 1828 108 379 521 555 1546 822 1446 1335 1461 1407 732 1209 936 1106 1762 823 1486 727 396 506 1667 1063 1810 1541 1137 1327 60 1501 499 1933 1614 1427 1659 1596 421 1598 1379 264 837 983 117 938 175 797 722 1437 2000 1862 1227 207 726 1529 1315 509 953 1947 666 1071 1384 1795 1181 112 643 464 1084 1781 1417 346 198 140 212 1687 1040 949 1359 339 665 397 572 1735 1992 1616 4 1934 285 715 30 851 1376 435 1038 1682 310 1371 854 689 300 1839 1410 1057 109 1019 178 1273 1649 982 693 1727 990 1092 1385 1256 1516 1237 354 1277 1844 357 1210 1585 1560 334 1736 534 412 1609 426 641 1168 1732 192 1783 829 825 1443 698 1743 519 720 1262 1542 1028 737 664 516 1996 1369 1468 293 1627 1117 1473 361 1952 1328 66 899 770 1604 318 189 265 25 1552 548 734 1366 1610 1966 1927 993 1508 1002 592 1143 1162 1454 1910 917 1561 1012 1476 1702 248 795 1756 425 1308 817 1788 209 1344 500 100 857 1794 1662 488 1739 1083 877 1368 89 1580 406 1041 1283 1761 1073 600 414 668 247 187 475 1438 1334 773 1632 788 831 77 370 828 1821 1902 616 173 387 371 1582 1680 31 1539 320 1782 776 1972 794 778 1172 23 1855 775 1556 1686 1479 
minDistance: 4.85455
cost: 249526
capacity: 199200
time: 45057
maxTime: 60000
LS1: 33516/34761
LS2: 460/1245
LS3: 0/0
shakeIters: 750
shakeLoops: 70
