4.19794:1396 4.34397:1960 4.34922:2025 4.40376:2123 4.40947:2268 4.41646:2548 4.43732:2680 4.43966:2743 4.44097:2950 4.45877:6947 4.46126:7011 4.46249:7935 4.50552:8068 4.5075:8294 4.59724:8612 4.62693:9287 4.63201:11066 4.63245:17802 4.64004:17931 4.64892:17988 4.65808:18139 4.66838:18764 4.67974:19023 4.69196:20126 4.69738:25935 4.70127:26025 4.70404:26619 4.7062:29505 4.73269:32635 4.74004:32732 4.7636:32860 4.78058:40884 4.78079:44111 4.80734:46641 4.83548:47948 4.83838:49509 4.85455:49581 4.85842:57497 
1248 1902 1092 212 1137 732 1369 1080 797 164 874 617 490 1194 616 1089 1785 1680 253 1138 339 23 219 1344 750 778 1073 756 207 1333 1461 1565 822 397 1739 1626 1033 1436 1479 1658 920 437 837 1117 1781 1084 792 1019 1783 1556 509 198 1012 1839 1486 1966 672 1738 1093 1475 1682 1681 857 60 377 1516 354 500 170 4 310 402 841 1454 380 985 1471 1227 1947 785 1726 755 491 1980 1083 854 705 222 1121 1761 470 668 334 762 30 514 570 895 1385 508 100 645 842 1992 953 843 1786 1697 1024 726 179 993 346 1844 744 499 1124 293 1051 1823 1432 1915 248 1802 886 1795 445 821 1304 1645 519 961 989 737 1956 949 1611 1605 295 99 1573 1810 1782 982 89 1727 300 318 1359 488 1620 1933 1541 1579 1509 1050 1542 1478 917 439 1455 1546 1360 1437 1544 1032 306 1852 720 1181 1590 1652 990 296 540 826 1675 878 1604 187 1240 630 736 1609 794 322 1107 1927 1384 1140 1667 1643 795 122 1273 1172 66 178 507 1581 776 1683 1702 1634 1451 793 516 1431 1417 108 1230 1002 1288 264 738 1862 612 1501 28 1183 211 1814 963 548 1219 1988 433 585 1994 1749 1756 1816 180 1886 467 828 825 934 817 665 1736 556 309 31 534 1315 1473 572 301 1264 1305 285 1410 1379 1229 1830 192 1996 1539 1797 1817 643 58 
minDistance: 4.85842
cost: 244645
capacity: 199365
time: 57497
maxTime: 60000
LS1: 33663/34929
LS2: 465/1266
LS3: 0/0
shakeIters: 763
shakeLoops: 70
