4.07306:954 4.16732:1284 4.57812:2197 4.59767:2463 4.63201:4585 4.63245:6365 4.64587:6576 4.64734:7265 4.653:8249 4.6991:8463 4.70619:9193 4.70848:9270 4.7636:9529 4.78058:9592 4.78079:9718 4.78425:9840 4.79043:11266 4.79402:23200 4.8342:23365 4.84766:23444 4.85064:44236 4.85256:45161 
1002 1225 1825 938 1598 1823 1784 1516 1764 793 468 1468 817 235 1961 1264 1682 1121 1659 1008 292 877 770 1804 983 1585 112 1786 506 1344 1756 238 179 1219 1073 555 773 856 412 1975 1041 1094 1997 108 1616 159 1539 1181 122 788 1038 212 1933 435 1521 1738 785 499 1972 1542 467 309 123 23 1509 875 1461 500 1581 732 354 961 1782 822 1979 737 60 904 1623 1229 1922 1336 1552 488 843 1739 1273 1324 334 828 1749 1992 1256 333 1903 454 1983 1014 247 164 1703 1191 1092 418 1680 953 539 1429 175 1996 1611 585 792 66 211 842 1528 293 1761 1172 1486 450 80 1604 1379 219 1437 726 170 993 854 762 715 340 1681 265 1083 248 1359 246 1866 778 1454 864 187 1012 1727 4 1071 89 426 548 1473 1667 1414 1116 1401 1019 514 1420 979 949 665 180 973 81 936 1351 399 1157 1335 1476 630 357 821 683 825 310 1195 443 775 1119 1210 1839 1781 300 1951 794 519 1368 1369 100 1653 1137 1810 873 1140 851 1417 1478 320 1155 31 782 1328 295 1315 77 1333 509 1751 982 192 13 1106 479 28 1910 1508 831 797 1130 795 653 543 1482 1728 776 720 1590 397 917 688 1427 846 596 1717 1084 1736 976 1658 727 1479 414 977 1240 834 1190 1556 1579 198 1735 963 117 1947 1702 1385 264 1334 446 730 672 1541 1759 
minDistance: 4.85256
cost: 240792
capacity: 199158
time: 45161
maxTime: 60000
LS1: 34641/35906
LS2: 449/1265
LS3: 0/0
shakeIters: 794
shakeLoops: 76
