4.13887:915 4.23695:1272 4.27369:1384 4.30466:1547 4.34685:1713 4.37012:1851 4.39448:2282 4.40947:2628 4.43782:2896 4.43913:3821 4.43966:3880 4.44097:4485 4.51078:4951 4.57118:5717 4.64587:6572 4.65224:8002 4.65333:9620 4.65906:10091 4.66653:12437 4.67593:12561 4.69196:18207 4.69493:18595 4.7062:19433 4.70848:22598 4.70951:23665 4.71153:25075 4.71513:25127 4.75858:25306 4.77005:25759 4.78425:27120 4.78955:27572 4.83126:28295 
1516 868 108 1855 1071 354 1523 239 1877 1641 1385 1417 211 500 1335 1369 1454 1810 82 1439 1846 1304 641 412 794 159 1083 435 1528 1031 117 1107 74 985 1051 596 246 795 1662 1482 737 993 112 1058 464 80 1795 180 675 854 586 1825 1371 1739 1947 1829 739 851 1781 339 1473 1053 1334 877 1227 1659 724 279 192 778 41 797 964 1379 123 1105 776 770 1478 310 1426 831 1756 212 402 917 318 1731 1665 936 1468 1604 1382 357 1673 895 793 1579 1983 173 1094 1611 1413 1277 1230 665 77 414 235 503 803 1828 1623 822 1002 164 446 1372 1437 1315 62 1736 842 874 1177 1344 178 509 214 1429 253 572 1996 756 821 846 1894 953 1839 582 949 1508 825 1229 715 720 1336 1486 519 1823 1542 1208 187 37 1768 1116 817 379 1172 1109 1169 1041 133 31 1199 292 539 726 1667 13 1727 1383 1951 712 1509 341 1471 693 15 1782 248 1682 1459 1181 672 100 1772 643 1620 66 1233 1179 247 1359 873 1451 883 834 514 577 1003 1634 1461 668 829 730 1569 264 1240 1409 732 488 1609 1191 568 1653 1575 285 982 109 1438 1423 689 1952 4 938 1121 1681 1702 300 673 1476 198 1862 1019 1683 1479 490 1110 777 1376 1089 1446 1092 1010 406 476 370 1210 1442 233 544 189 563 1381 1680 1333 755 1038 961 320 879 1546 856 
minDistance: 4.83126
cost: 240292
capacity: 199186
time: 28295
maxTime: 60000
LS1: 35459/36790
LS2: 506/1331
LS3: 0/0
shakeIters: 793
shakeLoops: 71
