4.13861:938 4.29766:1411 4.39408:1704 4.39719:1908 4.40947:2069 4.41046:2674 4.42027:3405 4.45768:3550 4.54188:3684 4.54432:4141 4.59767:5476 4.64892:5633 4.65075:7326 4.65119:7425 4.65199:7513 4.66456:8142 4.67165:8219 4.68483:8428 4.6967:8696 4.7062:12331 4.72887:14010 4.73244:16306 4.75858:16477 4.7636:16534 4.76397:18046 4.76595:20525 4.77553:24689 4.78058:28926 4.80639:32422 4.81605:41223 4.83126:41371 4.84783:57244 4.85842:57380 4.86245:59775 4.86426:59912 
1652 672 843 1482 1544 470 499 439 925 1454 1455 1983 334 371 1221 928 1980 1229 838 1927 1417 4 1273 977 825 379 1089 1507 1092 1473 66 1604 1385 727 322 1023 1795 293 175 1810 1053 1443 1030 1107 1902 1080 753 776 1335 1492 1256 586 1695 28 1816 268 516 301 1380 1947 1124 1623 1653 1580 1736 1432 788 1749 1379 817 785 1191 89 1116 498 1486 248 1032 630 1686 397 1002 1190 1315 806 1041 51 346 1017 775 821 187 1277 165 952 1844 1829 842 548 1351 123 1003 1785 1121 1495 1283 514 795 1012 1376 1585 1596 82 357 412 1516 1839 1476 475 414 732 1461 1105 521 1051 949 1697 705 507 822 1359 500 982 1100 1899 1438 1342 1682 285 211 318 295 1786 354 1237 1680 1333 773 1830 1910 689 1782 1552 1172 641 743 1862 1579 1555 300 1966 1761 340 834 212 255 572 23 17 1137 669 46 973 1304 665 1688 961 253 794 1996 192 1192 310 777 1933 653 645 1756 1702 491 828 359 1181 904 1609 33 339 198 1667 193 519 443 737 1078 1575 1565 1459 1368 1542 762 1140 476 675 100 585 1645 756 358 41 1471 58 1019 1179 1556 1094 985 527 770 1437 1675 296 509 380 1448 164 986 726 81 1739 1227 1616 74 1248 1590 1451 976 1213 1384 246 716 703 993 467 749 1662 751 1828 
minDistance: 4.86426
cost: 242627
capacity: 199185
time: 59912
maxTime: 60000
LS1: 36955/38231
LS2: 395/1276
LS3: 0/0
shakeIters: 846
shakeLoops: 77
