4.19794:1119 4.31857:1523 4.40947:2000 4.41646:2951 4.45768:3097 4.45877:3178 4.46126:3361 4.46249:3953 4.49006:4861 4.49908:7651 4.50491:7711 4.51078:9906 4.53793:10237 4.56875:12603 4.62636:12732 4.62693:12819 4.64587:12938 4.64892:12991 4.65199:13292 4.66707:14030 4.78058:14553 4.81605:18629 4.8173:18716 4.84597:21513 4.85064:27964 4.86268:29306 4.86426:57685 4.89353:58194 
176 1507 1983 254 961 1801 1604 310 1560 1682 896 900 1385 982 1908 653 267 1461 426 1248 4 1407 856 266 1304 895 664 488 343 1439 717 1735 630 1053 949 1011 243 1565 672 1686 1155 475 1219 825 74 1992 776 756 1181 248 837 1486 192 1541 1585 292 169 1401 1821 1379 1852 1825 1659 1516 806 726 1667 235 211 357 1829 1105 842 1050 358 1861 1764 1273 1229 1802 1427 737 59 1544 1786 414 1816 1572 464 854 1933 1569 322 339 309 794 638 917 1695 41 1468 454 193 1022 80 1359 1437 669 519 1067 734 173 1027 1162 1542 1943 1902 165 977 318 1630 379 1915 1420 688 435 1473 1376 727 1377 212 1761 23 1687 1508 1125 1107 1556 1423 16 1739 720 198 1369 709 1782 17 1019 1202 1124 439 535 675 1471 1956 81 762 996 1455 1478 470 333 1191 778 1033 1570 785 796 1974 1130 1073 773 1429 904 1875 227 987 1495 517 643 1966 1788 1057 1627 66 1237 514 122 160 25 1681 1988 1680 1023 1384 1002 617 1138 334 1089 1436 1255 755 1579 300 792 340 751 1575 1012 509 795 1934 1325 1171 771 359 1561 1344 1839 1795 1432 1616 500 782 1728 753 443 89 1781 1476 179 1780 354 1121 1598 1996 899 1021 1844 499 123 1576 1980 1293 1183 1060 1116 320 1626 1032 1756 1051 1190 1653 1828 548 1334 1179 
minDistance: 4.89353
cost: 246602
capacity: 199262
time: 58194
maxTime: 60000
LS1: 36424/37755
LS2: 450/1331
LS3: 0/0
shakeIters: 853
shakeLoops: 78
