3.92191:805 4.23484:1773 4.30699:1985 4.33653:2166 4.34685:2267 4.37012:2632 4.40376:3288 4.41046:3355 4.43638:3743 4.45768:3978 4.45877:4075 4.46126:4185 4.54188:4880 4.57866:5096 4.59767:5197 4.62004:6269 4.63201:6406 4.67834:7497 4.69203:7854 4.69697:10855 4.70788:11409 4.72018:12574 4.72666:15422 4.78058:17460 4.79128:18889 4.80734:18948 4.84597:42805 4.84783:50376 
1454 1817 383 180 730 1894 1405 164 1446 868 877 1579 1105 154 1495 1717 1501 1455 1191 1359 775 1288 488 1474 1681 165 517 837 596 1516 808 74 1623 1019 516 1210 1437 209 1344 1002 243 1680 1371 239 709 543 672 668 753 1042 1675 1093 1337 1786 214 1041 1429 449 1909 1315 318 1124 370 904 498 1988 285 51 1954 390 178 1012 1659 1040 1017 1966 1050 896 66 1782 953 1107 1844 1728 314 555 1662 1576 1794 343 1665 1021 1990 306 1179 467 762 1479 1208 773 1033 1935 1995 265 341 30 1550 1907 1649 1380 339 78 902 1468 1120 179 1743 490 1195 1780 333 1172 325 1682 81 600 1996 1947 715 1529 142 23 4 1915 1983 1544 607 1092 977 895 793 169 1783 235 1972 437 1387 705 100 878 1325 248 1243 1667 1121 470 949 982 80 1230 689 475 1908 16 1875 897 503 443 641 1181 519 1119 1225 717 212 462 1473 1795 961 1447 686 825 756 1377 2000 1401 190 1933 514 1997 803 1053 1333 1379 899 1482 277 247 1073 1402 1797 414 963 15 737 794 266 1739 1116 823 601 720 1274 1193 1994 1351 112 1801 1461 1542 17 857 130 57 776 1214 813 1523 1334 254 1764 1951 585 500 1727 1229 111 569 1414 626 82 1476 1604 795 872 1413 1137 1561 300 89 1802 985 1781 340 402 732 198 630 842 1486 1575 412 28 310 176 1585 936 556 
minDistance: 4.84783
cost: 238358
capacity: 199267
time: 50376
maxTime: 60000
LS1: 35080/36423
LS2: 557/1343
LS3: 0/0
shakeIters: 758
shakeLoops: 72
