3.77093:356 4.30466:1407 4.34922:1591 4.39721:1786 4.40376:2605 4.41646:2745 4.44825:2904 4.45697:4106 4.49006:4377 4.51078:4886 4.52467:5088 4.53793:5811 4.56255:7223 4.57866:7328 4.60211:7614 4.62884:7746 4.65058:14467 4.66653:15411 4.67409:16431 4.67974:16599 4.68077:16662 4.68483:22772 4.7062:24149 4.71759:24201 4.75858:36585 4.76655:36741 4.78058:41519 4.78079:44640 4.78956:44908 4.83126:45180 4.83838:45416 4.85842:47616 
572 963 1244 1019 1379 475 1616 989 100 821 1248 666 1107 1181 15 668 450 1899 1839 354 198 211 1455 961 1570 1256 58 1225 1816 879 1478 16 214 320 264 1040 47 665 1700 180 641 268 1210 4 310 917 825 339 1057 1786 1933 837 1124 1351 1579 1050 1429 1852 878 1529 334 1997 1645 1262 1454 1797 1089 1667 507 1516 488 178 1369 1304 89 645 233 875 1823 841 1409 1623 854 1935 1959 1410 267 1726 1486 516 1335 493 170 1761 654 795 1598 895 25 128 207 80 585 303 108 1947 1106 1785 1315 726 1681 600 540 1844 1230 412 1359 23 864 1461 1988 418 863 1569 1781 1846 17 176 1702 1109 163 1474 402 1473 990 949 1546 1694 514 276 187 164 1618 1092 1342 573 192 1817 1772 750 556 124 1507 439 1033 1614 548 737 1172 1121 359 773 77 596 1041 1306 982 1344 1915 1996 1560 1736 1388 1277 1542 776 1634 1510 993 1221 1683 1783 1446 1980 1011 1692 738 1680 1371 1582 1030 1258 1782 1137 755 1135 778 1994 732 953 1032 99 1417 111 1213 896 1806 470 1227 1653 1438 1695 1073 266 936 1541 172 519 62 1063 383 1377 212 1002 29 1739 333 1305 698 285 985 1961 1476 28 1012 630 35 775 1413 1662 689 254 500 673 1414 1580 1214 60 1659 1406 667 1863 785 300 467 638 1682 751 1333 592 1383 173 1140 1604 
minDistance: 4.85842
cost: 242700
capacity: 199280
time: 47616
maxTime: 60000
LS1: 35615/36904
LS2: 452/1289
LS3: 0/0
shakeIters: 805
shakeLoops: 73
