4.30699:1332 4.40856:1769 4.43638:1931 4.44869:2129 4.45877:2882 4.46126:2941 4.51112:3443 4.53793:3676 4.54432:3742 4.57866:3951 4.58671:4652 4.59803:5537 4.62004:5973 4.62636:6774 4.62693:6899 4.65074:7146 4.65119:7291 4.67974:7527 4.7035:7711 4.71759:8511 4.7636:15591 4.79043:24224 4.80734:32506 4.83126:36326 4.84597:36458 4.85256:36518 4.86268:37987 4.86426:43916 4.8696:46534 4.89092:46655 4.89353:47301 
1863 1237 1756 1277 357 1844 179 1032 737 187 1384 895 371 310 734 499 1019 1315 570 1543 829 825 1454 1634 193 1100 89 585 1155 1474 1759 776 1012 1911 1038 756 1033 1229 1560 1802 1194 248 467 1172 1051 1801 933 1120 1210 1256 642 254 1643 1649 675 953 1041 1350 1683 468 60 1795 296 1852 253 475 550 1002 1305 795 122 1423 117 414 886 28 1388 1561 1140 985 209 1710 340 1626 1486 1542 1570 1609 1699 1369 1829 470 1475 797 1658 1782 736 397 1810 1094 488 198 81 751 1915 354 232 782 58 1273 1283 1569 491 1727 255 1468 1739 534 1117 68 500 1667 519 1604 668 212 164 778 1596 1181 1334 169 1951 412 1743 1371 842 1057 1996 211 1153 1351 1927 572 1060 1006 1476 1659 1894 379 630 509 936 295 843 1003 1429 339 1121 669 600 170 837 1657 726 817 247 875 1781 1980 380 514 794 293 1107 1613 989 1030 23 1471 1947 1192 917 506 516 1886 219 406 973 355 1516 1546 1017 665 1437 1123 961 849 1902 1050 1461 881 1786 1579 1590 672 727 1089 207 1024 684 990 773 709 977 1248 1410 1817 1703 30 762 1325 1908 1376 47 1541 1379 300 949 1436 854 1080 1244 1344 1695 1335 421 828 755 1839 1124 1340 346 126 4 1459 1359 322 1342 1909 1682 136 303 730 641 66 214 1377 
minDistance: 4.89353
cost: 242391
capacity: 199319
time: 47301
maxTime: 60000
LS1: 36307/37622
LS2: 434/1315
LS3: 0/0
shakeIters: 850
shakeLoops: 80
