4.25978:1298 4.28652:1525 4.31784:1689 4.40947:2000 4.41046:2076 4.414:2541 4.41646:2613 4.48778:4108 4.5075:4366 4.53793:6213 4.61941:6349 4.64892:6954 4.65199:8420 4.653:9287 4.6967:10989 4.69738:11264 4.70619:11369 4.7062:11457 4.71513:13952 4.71759:15479 4.7636:16545 4.78079:19220 4.79128:24904 4.79955:24964 4.80734:46599 4.82549:58424 
142 1190 883 762 1579 1090 77 1193 1662 1121 1177 1181 1810 2000 83 1385 108 1012 776 1782 439 1783 66 1749 1604 1849 1106 1521 426 184 509 467 1157 359 999 1570 1063 23 953 734 334 879 1794 992 519 1080 837 1574 1620 1508 1623 993 1825 514 726 1476 1899 458 1507 1780 28 261 1556 296 4 535 1839 1219 1384 1342 1478 632 310 1269 1194 755 1516 1572 643 1202 1164 579 74 887 1229 47 1315 897 1209 1501 1210 1328 357 1844 89 521 1862 411 1277 1406 1935 1368 1552 671 737 1088 1821 418 371 1191 1273 936 1541 354 115 795 563 1407 1817 1988 219 672 238 265 1975 1461 1272 753 1739 235 856 825 491 1040 1933 100 193 253 1576 1917 1225 944 1414 1703 1379 917 266 785 817 797 1996 240 512 164 1344 1429 1756 248 539 1019 1979 165 630 414 1324 1124 488 1908 1027 1417 1149 1041 406 1053 961 1256 1283 60 1542 548 1473 1255 1972 706 1227 1213 1660 775 989 1220 1008 1659 1680 180 1764 949 1192 778 902 1682 1801 1325 834 1781 506 1073 841 715 1609 906 1959 412 1335 445 1359 1634 211 875 1695 886 300 1701 1569 727 380 1409 842 176 1274 1902 881 1420 1468 1334 641 794 1455 1437 198 1427 87 1802 1092 264 782 1137 1823 1240 322 1852 792 1863 982 1947 1653 889 698 72 1155 1100 1795 1697 1262 1454 1732 1058 353 1561 
minDistance: 4.82549
cost: 244916
capacity: 199264
time: 58424
maxTime: 60000
LS1: 35672/37002
LS2: 497/1330
LS3: 0/0
shakeIters: 807
shakeLoops: 75
