4.17662:1167 4.36972:1612 4.38175:1850 4.38467:1996 4.39717:2183 4.40947:2336 4.45429:2899 4.45768:3024 4.48778:3155 4.50501:3314 4.51078:3491 4.52533:3568 4.53793:5886 4.56875:6498 4.57118:6750 4.59227:7835 4.62796:9344 4.63245:10401 4.64892:10595 4.66653:11045 4.67101:15387 4.69196:15554 4.6967:18967 4.70848:27470 4.73269:28491 4.75442:30238 4.75578:30381 4.75858:31917 4.7636:49040 
1446 664 176 845 557 253 1243 879 1230 1604 1371 672 1507 586 933 669 1406 1401 289 1763 982 370 630 666 689 1305 788 775 1899 89 675 521 318 1476 903 402 47 1012 1764 1659 267 1432 849 1908 1996 1579 961 1269 1315 767 771 180 1109 514 851 1311 254 1972 1786 1050 899 1710 397 1875 726 1413 406 358 387 1780 174 198 773 296 248 490 1795 1495 80 1670 556 1358 530 1041 355 1781 1033 1521 778 1759 519 877 401 737 247 1817 1772 1078 686 1030 1939 1561 1256 1512 431 1839 334 207 1073 1649 1482 300 881 488 1486 346 1006 1351 825 1727 1478 340 987 906 1225 1782 1616 123 645 843 1840 1653 1342 28 795 1250 1823 435 285 1980 414 1335 993 1325 1801 1630 1756 211 1556 808 1569 1379 292 16 1692 74 1824 1409 1048 854 1105 1427 17 1439 1390 977 235 1229 1191 1544 596 261 1695 755 641 1019 178 1575 1262 529 575 1415 715 1157 15 727 1255 1330 1140 615 1172 304 1334 354 1527 833 863 359 896 333 938 1626 130 837 785 341 1675 1407 801 1610 732 665 310 1369 751 797 239 1459 585 1438 1121 794 117 1454 936 95 111 1990 1891 1181 1461 192 762 917 190 1107 1541 1844 1002 842 668 1761 238 1208 220 14 23 985 1739 1516 1377 1828 1681 453 1437 1394 776 688 339 1119 1293 1376 412 266 1040 1359 807 638 59 1683 1574 559 
minDistance: 4.7636
cost: 247748
capacity: 199200
time: 49040
maxTime: 60000
LS1: 32473/33770
LS2: 571/1297
LS3: 0/0
shakeIters: 697
shakeLoops: 65
