4.43638:1444 4.44097:1587 4.44825:1701 4.45257:2135 4.54794:2488 4.5615:2583 4.56875:2810 4.58671:3076 4.59724:3314 4.62693:3495 4.63086:8096 4.63245:10024 4.64734:15357 4.65199:17259 4.65492:21044 4.67409:21881 4.68875:22398 4.6967:22525 4.69697:28453 4.70433:28597 4.71513:29365 4.71759:32823 4.74004:32942 4.77553:33153 4.78956:34064 4.79955:37273 4.8342:41089 4.83548:43206 4.85256:43332 4.85842:44170 4.86426:44927 4.89092:51260 4.89353:59367 
1596 89 1233 1195 1459 1117 1612 509 475 1728 1781 435 1089 1875 1456 1917 917 796 771 726 755 1959 1051 1409 521 1823 825 179 1306 180 1560 130 1675 839 1410 1806 1795 1736 1894 1662 74 66 1863 1432 1012 982 412 899 303 309 821 1839 1371 737 406 1616 1007 1429 953 28 397 1680 41 80 516 1529 1768 1623 788 732 322 1507 212 1304 1121 1190 1407 519 37 1782 715 1980 467 1717 17 665 1614 1053 1852 1926 1594 961 1473 1994 1645 1092 414 211 1019 1368 1764 1659 1369 963 1002 1727 1886 1857 1772 1692 1255 1451 1050 331 1634 1110 1155 778 1786 1604 762 854 1160 1124 1335 1961 333 192 1700 1590 837 1902 873 490 1225 1437 1756 1172 385 272 794 849 1702 401 1694 164 1643 1315 229 1658 354 1406 1041 247 773 1411 990 1181 410 936 1695 851 753 838 198 1667 817 1761 361 70 426 875 993 23 1542 1427 253 1569 1227 529 1699 81 666 977 1996 300 1778 339 1561 293 1541 1780 1543 1305 1546 1516 421 292 1385 357 418 1334 514 1478 940 1342 219 1032 750 664 886 261 782 1359 1379 1817 822 585 1486 1256 705 795 459 60 100 1653 1100 1862 1405 1223 1844 170 643 1579 1710 630 1344 1328 730 1105 207 1423 1401 1492 983 1810 1273 831 1420 949 1681 508 1649 973 310 15 214 1682 
minDistance: 4.89353
cost: 245339
capacity: 199291
time: 59367
maxTime: 60000
LS1: 33397/34793
LS2: 614/1396
LS3: 0/0
shakeIters: 749
shakeLoops: 71
