4.05232:933 4.13861:1141 4.15275:1741 4.17074:2023 4.43638:2888 4.43966:2983 4.44097:3168 4.45877:3260 4.46249:3704 4.51078:3999 4.52467:4915 4.52947:5010 4.53793:5236 4.57258:5537 4.6254:5832 4.62693:6100 4.63225:6290 4.64892:6423 4.66653:6501 4.67186:6656 4.68471:6874 4.6991:7093 4.71759:7270 4.72887:15823 4.7636:17276 4.76595:28890 4.78058:37535 4.85256:37720 4.85455:56201 
1124 322 1420 23 1736 493 1933 1027 117 279 209 1181 1802 936 1759 726 1682 617 1596 447 1344 1910 1073 1652 1909 1219 1683 1783 198 1256 1093 1541 1695 1727 340 778 1019 180 1459 320 896 1089 1084 1473 1980 1139 1502 1516 1476 773 1678 60 1658 1437 1304 1324 1359 1162 1782 1626 212 1495 17 468 514 412 751 1702 841 1817 1601 1544 1507 519 1106 264 1401 1140 1083 439 309 1852 99 825 1137 1844 1797 1002 100 184 387 1786 1556 1121 1283 30 646 1722 1067 933 1648 722 1109 499 1781 488 949 498 1201 476 110 1423 479 1756 1580 1313 179 668 300 301 630 1209 414 1486 1330 1891 1928 1273 1616 108 1012 1997 1613 66 1823 1248 1780 492 1305 470 672 1335 1092 1192 248 500 1240 1579 509 785 418 1795 1923 675 211 516 296 1816 1935 426 1915 80 683 1117 989 303 854 1351 776 917 1546 720 1839 74 2000 1543 821 622 192 993 244 1384 842 1033 1552 990 1687 81 837 1604 1369 1966 1645 856 792 429 491 732 795 1172 899 1746 489 1315 1011 904 953 1148 1060 689 1886 829 1296 1329 1397 875 1024 963 1407 961 983 1560 1334 1857 1583 1609 1855 310 797 506 1680 1894 1454 28 1169 1427 762 616 1590 1368 736 665 1138 737 1410 1057 794 857 1385 253 1262 1902 178 1244 1968 425 285 1994 1846 357 973 1210 354 645 1229 664 
minDistance: 4.85455
cost: 248177
capacity: 199208
time: 56201
maxTime: 60000
LS1: 36151/37441
LS2: 465/1290
LS3: 0/0
shakeIters: 796
shakeLoops: 75
