4.17645:1028 4.17662:1101 4.19524:1226 4.19794:1374 4.41646:1824 4.45257:2139 4.45697:2516 4.45768:6137 4.45877:7040 4.46856:7109 4.49006:7285 4.49766:7732 4.49908:7794 4.50552:8096 4.51078:8265 4.53793:8434 4.57866:8799 4.58279:9467 4.62693:9954 4.63201:10354 4.6967:11202 4.69738:16683 4.6991:16761 4.70313:21674 4.7035:23057 4.7062:30711 4.71513:31152 4.71759:31988 4.74004:32049 4.76595:32124 4.78058:35546 4.79402:37238 4.83126:38799 4.83306:44510 4.85052:53630 4.85064:56515 
1616 1098 1328 340 1293 82 776 1367 796 886 310 1839 944 1701 1778 66 1542 193 387 1100 1274 219 1560 568 726 817 1648 947 1401 266 1543 964 296 1783 1010 17 977 111 1681 894 347 1810 1090 1371 1315 793 1609 1106 1060 1369 1658 1908 464 1164 1473 949 1825 255 1975 1243 1579 785 579 514 1680 1743 500 1262 1334 1359 1368 1210 452 175 843 87 60 590 1399 1172 74 100 1927 1569 1002 248 1385 1213 265 1735 198 1027 1324 1886 1844 671 23 1988 68 899 1120 303 1703 1667 973 322 1041 668 1479 1782 842 1933 1084 475 529 989 243 1194 1374 569 1427 1017 1414 1996 1407 1947 1590 1478 755 1672 254 1468 426 508 1137 782 856 936 235 1780 727 688 418 300 737 1841 565 1580 630 380 1739 1604 180 918 1552 1652 367 1461 488 184 1795 212 521 1360 519 1801 1177 982 1148 1214 414 1961 346 897 1442 904 1351 734 1764 1255 379 204 1067 117 233 596 1626 1972 289 192 476 1659 1788 1823 1486 1048 1852 1649 159 585 1019 778 1229 837 1121 142 1092 390 1202 1199 556 675 887 961 358 26 1069 1683 1653 1574 1273 938 491 506 825 309 169 1057 1140 879 1980 214 1117 709 883 1997 412 730 794 1391 795 1941 908 788 1508 1495 715 586 828 4 306 325 1012 1335 1305 57 1736 1160 1797 1429 1623 762 917 1344 1786 775 439 1516 1080 672 1585 
minDistance: 4.85064
cost: 241240
capacity: 199202
time: 56515
maxTime: 60000
LS1: 33270/34601
LS2: 593/1331
LS3: 0/0
shakeIters: 702
shakeLoops: 64
