4.07306:905 4.33653:1610 4.38181:1847 4.40376:2127 4.42715:2525 4.44097:2785 4.45877:3495 4.46126:3560 4.49908:4565 4.51078:4912 4.52243:5308 4.56182:5676 4.56255:5752 4.64892:6681 4.65199:7727 4.66838:7827 4.6991:8727 4.74845:8831 4.75578:11289 4.76595:11667 4.76655:12335 4.77005:13344 4.78058:20152 4.7923:22443 4.79402:22501 4.80734:28498 4.8342:40805 4.87663:49124 4.8925:51236 4.89353:58924 
1862 1759 488 1240 253 1121 1092 842 212 949 689 1728 1823 354 16 1305 359 953 1461 100 1351 1120 1359 1379 944 1151 751 1825 671 306 66 40 1616 339 1017 821 1649 74 1051 568 773 1682 1680 176 784 792 519 1027 1078 380 1296 715 1306 180 412 322 1630 360 1455 1481 1486 235 1828 1694 1652 737 1401 459 194 60 1806 1454 4 1335 1541 155 1273 285 1626 797 1181 1223 499 1602 17 1909 1478 989 1829 1746 309 301 617 1782 1839 843 516 1671 664 777 1596 875 825 736 1844 267 1089 1221 243 1019 837 1667 1213 81 793 29 179 508 1604 478 261 1423 1385 672 1073 468 379 198 841 169 596 668 1736 630 961 1194 467 1875 1210 795 89 211 1227 1915 665 899 1459 732 1609 917 939 509 300 822 1050 406 236 28 1315 1756 1507 123 726 239 1856 1172 1409 1495 727 743 1062 1067 1344 491 1783 1607 1683 1140 1369 1556 1451 84 1002 1710 1473 638 1817 1764 1030 1857 1468 703 292 1786 1933 762 1675 23 1368 868 1080 439 1673 320 1407 357 794 1789 755 1229 1833 341 1569 1778 500 418 976 1328 193 1012 928 1334 1508 1579 856 1542 1191 1304 896 240 1653 175 1130 296 1961 1852 192 548 936 506 586 1219 117 1283 854 1199 310 806 1437 514 425 248 122 1516 938 1695 88 778 766 1702 709 295 887 1136 334 470 
minDistance: 4.89353
cost: 241159
capacity: 199277
time: 58924
maxTime: 60000
LS1: 34187/35581
LS2: 615/1394
LS3: 0/0
shakeIters: 749
shakeLoops: 69
