4.17351:1301 4.23484:1582 4.23515:1798 4.28652:1948 4.38984:2251 4.40856:2483 4.40875:2701 4.42293:3043 4.43638:3107 4.44825:3425 4.51112:3838 4.51634:4005 4.54432:4296 4.54794:6210 4.57118:6363 4.57812:6503 4.59255:6704 4.63245:22307 4.64892:28910 4.67304:30811 4.69196:34446 4.70313:35696 4.73395:38729 4.75578:39457 4.7636:40910 4.78058:46533 4.78425:46673 4.79128:52564 4.79402:53281 4.82778:56940 4.84783:57652 4.85256:58949 4.85455:59703 
715 1581 519 906 1051 535 66 1894 996 1024 1401 211 1739 1990 726 1542 521 1539 111 1649 1825 1071 778 1980 1658 1541 1210 797 406 982 1590 1209 897 1817 755 165 1680 1315 17 1084 1117 1764 300 727 1230 843 1802 80 1794 792 1634 192 1996 1814 936 1782 1935 961 1219 825 592 658 142 1227 240 737 1727 1759 198 1042 1140 1352 1786 1041 178 873 309 506 488 1626 985 74 1420 1121 1487 1012 1067 828 1114 1795 1738 1437 514 1407 339 425 698 1344 953 1546 468 504 1561 412 1461 371 1570 860 1781 856 993 1334 987 1509 1579 346 420 1124 123 229 1243 795 730 1500 949 817 734 782 1002 15 793 1410 841 1625 630 117 179 1157 990 1190 1168 4 1155 1556 445 378 1179 1050 467 1454 1736 762 666 212 1359 1333 35 280 1783 1195 1274 844 277 803 1630 1328 1508 628 174 1828 248 1907 60 295 1476 1154 1003 272 1351 1702 1604 439 878 1027 1021 1857 794 555 1019 632 414 1780 1862 402 1632 264 370 1211 47 1544 1988 822 1516 475 28 1653 776 1839 1273 732 1455 534 310 108 1569 235 470 1874 585 1681 1852 1486 1406 1609 1756 1237 1385 353 1429 1181 95 1909 1137 902 1598 89 917 1933 322 1495 720 1574 1473 635 1106 1384 925 773 1417 435 837 23 81 1225 357 1745 1369 1599 1501 1665 1478 1687 1972 1264 1451 498 722 
minDistance: 4.85455
cost: 241423
capacity: 199234
time: 59703
maxTime: 60000
LS1: 32720/34003
LS2: 531/1283
LS3: 0/0
shakeIters: 719
shakeLoops: 67
