2.02699:752 2.03286:838 2.23707:1504 2.33463:2598 2.35689:3076 2.37195:3161 2.40993:4416 2.42395:4584 2.46183:5979 
789 1664 1298 480 1175 1770 1495 17 252 1819 1556 1139 1562 1531 1801 1772 1662 136 602 953 1893 1257 1081 901 592 485 1113 1050 553 944 112 1367 763 1063 975 1579 880 86 985 94 1107 600 1625 9 1652 1935 640 1121 735 792 1606 168 997 933 238 158 1584 1159 307 337 319 1975 266 1416 1659 1226 1053 1328 530 593 1095 1707 1797 1544 173 1745 1492 68 682 1333 635 1100 1413 1951 78 709 1438 537 143 211 1213 1771 1189 1196 647 970 1069 614 261 1938 1084 1464 764 958 1306 1627 1350 1296 1913 888 1120 508 437 1211 867 25 182 914 1726 705 909 1151 1978 1465 349 412 302 1944 1229 890 775 1370 303 799 1156 1316 912 450 388 1851 192 1826 385 1763 1952 470 1191 185 118 1513 1734 314 1192 908 176 1839 715 610 1623 492 1889 218 1494 154 708 572 1300 1059 212 1339 1574 1502 41 1454 1592 991 1351 1698 787 658 1788 90 276 1361 1485 1996 410 397 745 373 1097 1105 1275 1803 254 220 1783 170 1273 1032 198 48 1862 1425 1508 1848 767 625 723 355 126 1660 1970 1463 1784 821 291 59 808 1409 1401 916 1278 661 208 1285 1481 1067 1125 1359 100 818 585 873 1199 144 1070 525 1449 747 114 643 1369 1806 1141 1237 768 340 903 214 272 1487 1126 1263 1828 244 689 1823 513 1526 1796 1031 1966 1118 524 1193 1747 165 364 754 950 1971 1964 1992 189 1114 1082 805 1779 556 1386 860 1240 807 748 1017 60 604 1692 836 998 206 778 1182 322 1787 210 670 467 1910 374 532 964 829 520 1644 861 704 984 865 223 1203 1853 1200 976 1037 1214 84 732 535 428 1587 1163 1667 1043 1384 1665 1010 800 664 1356 1842 446 1766 24 675 1046 1190 73 835 312 1006 742 357 380 657 1448 483 1261 1790 1680 120 1235 1127 1831 318 1092 841 871 512 32 306 1256 962 716 1714 31 831 1965 1087 488 1461 1802 179 1212 1656 47 70 1024 1789 1073 522 1743 330 232 940 1297 1079 23 1142 781 1518 451 360 66 161 117 379 1484 666 115 1453 193 1961 737 979 1989 486 1347 1459 1251 654 830 1834 954 1814 939 233 1144 1825 107 1945 1809 1695 559 1647 1711 1663 1395 584 1597 968 1028 1974 756 1857 986 219 54 442 1600 714 234 498 1400 82 125 1506 1900 1432 1132 164 720 1505 749 93 251 667 1143 1186 1768 327 394 1360 814 1519 1810 1061 669 1882 505 1781 1479 913 774 642 1218 1845 459 89 1527 1244 1181 506 1611 1219 147 801 598 264 626 847 1902 457 1225 1033 1624 1854 1083 606 1173 943 961 1555 1499 384 1540 1888 172 1959 945 46 1462 123 1250 1138 760 
minDistance: 2.46183
cost: 246765
capacity: 298732
time: 5979
maxTime: 60000
LS1: 7164/8490
LS2: 785/1326
LS3: 0/0
shakeIters: 532
shakeLoops: 52
