2.23707:988 2.33463:2393 2.37195:3204 2.42382:6579 2.42395:6744 2.46183:9259 2.46457:26413 2.48091:27949 2.52906:28100 2.54955:29540 2.5663:42672 2.57208:51792 2.58082:54370 
1936 276 1084 167 903 1425 1962 1273 1278 1544 114 1350 991 1945 1095 312 1971 32 1848 592 1073 260 1771 48 1400 1212 600 112 801 699 1809 1828 252 1743 464 1233 1965 1562 1028 198 1652 492 1527 1502 1731 975 1702 1843 156 1644 1372 1842 1401 672 1145 800 756 1810 73 1100 266 1199 843 86 1695 1827 1533 1726 593 144 1519 1594 1298 1097 1067 642 1194 1487 1977 283 824 470 825 1745 861 319 1168 1942 1120 520 147 420 1935 161 1297 1879 1588 1370 1814 739 1191 1662 606 344 412 670 1803 120 172 1825 556 1037 1471 1880 1711 880 60 115 1665 954 1862 768 1484 1978 1952 1854 1010 123 872 961 1887 715 1894 100 1213 778 865 1734 219 698 467 1623 70 997 1127 1360 1802 559 792 165 1409 972 1384 647 355 764 46 394 585 1083 1163 285 1189 510 1492 49 129 1438 808 1851 983 1091 1261 44 480 303 451 1182 488 1659 261 815 888 1790 175 744 1970 400 657 933 818 1032 1913 1592 1826 760 244 1463 1347 330 901 873 109 118 1831 193 1386 206 19 184 614 1627 1031 1556 1966 419 1449 1485 1964 835 291 666 384 1316 1579 953 1779 868 93 908 1235 976 940 1453 716 306 1312 233 1411 15 643 1707 964 1151 1641 179 745 912 1698 1944 1156 1142 1868 185 117 762 1361 373 984 945 89 1789 635 1413 106 1784 434 754 1464 1902 853 218 1664 1847 572 232 871 508 1243 505 658 234 1823 1690 737 357 1459 985 1819 212 1114 1667 1606 483 630 535 322 757 310 958 148 775 350 428 25 136 1070 487 1006 916 1692 459 360 1839 1059 1740 944 223 1203 1625 176 1893 68 1680 238 23 1053 821 446 1796 1671 1939 1996 66 1033 1139 763 340 786 1959 749 1791 1181 675 1296 1805 1461 640 1799 1220 151 522 1143 254 970 437 1494 789 1427 724 1900 1950 164 1974 1783 220 664 1121 1369 805 720 1193 683 1797 1772 732 704 134 951 78 705 1275 1610 1118 314 1328 385 998 126 709 1186 1428 1092 1036 895 904 379 1138 208 950 1618 1834 1211 170 1256 251 1106 1845 90 1126 1499 1462 1657 1050 1656 1306 454 1882 742 1041 173 1074 1087 1222 1170 1192 1528 380 751 836 272 1432 1910 667 1214 457 1938 1975 1061 1144 82 214 530 1552 1418 1219 807 1513 1063 847 1940 101 31 598 195 422 94 506 158 632 1951 927 814 1240 1141 192 1857 708 1508 1017 830 300 748 781 442 579 1663 1250 1190 659 211 1479 1230 774 1081 669 1540 1125 1023 1526 17 1351 986 909 1506 1655 1999 1558 1801 1684 1225 1481 654 1105 1356 1043 1763 1200 1889 913 1295 
minDistance: 2.58082
cost: 246780
capacity: 298733
time: 54370
maxTime: 60000
LS1: 8265/9469
LS2: 677/1204
LS3: 0/0
shakeIters: 514
shakeLoops: 48
