2.23707:792 2.30416:2619 2.33463:3012 2.37195:3679 2.42395:4126 2.46183:4363 2.46457:19253 
1996 1233 1954 170 1181 1485 1965 1803 709 1481 1680 1432 1802 1845 172 1384 1731 1961 684 450 1660 299 1853 1219 666 1082 357 1120 1083 492 913 1114 1745 498 1449 1790 944 244 1964 508 1513 762 1418 1409 182 1191 748 847 1889 861 1278 667 218 522 530 1087 1400 1938 1144 672 1190 195 908 86 1028 945 446 1453 1945 340 114 1819 1084 596 1192 1519 412 322 1736 1913 165 1809 814 593 1951 835 214 1842 1036 572 1606 705 940 644 643 757 669 68 1854 1543 355 622 1893 1050 169 1200 1385 983 808 1380 1926 868 1459 90 1017 1240 1885 388 123 1347 1936 1851 1894 1186 1902 664 873 1734 1261 428 556 1828 711 1296 442 1656 413 1508 1533 1005 1448 1092 1623 1350 1067 1074 537 488 1862 1952 1672 1978 480 1145 1118 1989 1251 1834 642 1925 901 720 933 252 704 48 17 192 1857 545 41 384 904 760 260 1183 1540 1199 1006 265 682 164 912 1695 1526 585 1975 1256 1040 764 220 715 1438 567 1193 66 219 714 579 1598 31 175 318 1664 400 1214 1073 1 512 830 964 958 168 380 379 1789 1826 1024 117 872 396 1333 1652 1771 565 112 1959 1100 984 319 505 1037 756 179 276 627 914 1222 1461 178 670 1275 788 1502 976 1070 467 1053 1225 176 1801 510 93 1594 525 1974 1544 1966 154 1704 1471 1900 1839 1584 606 193 836 1463 961 161 890 1142 254 1372 1124 1494 1791 1198 536 647 486 129 310 223 212 520 1127 1465 1588 303 778 1796 136 1984 1370 1273 126 471 1413 1879 395 118 1783 698 1063 1230 506 1464 1770 1814 1991 1097 1763 1203 1079 732 1041 483 1799 1554 553 708 584 1143 986 1506 1462 1910 1659 1970 1884 1644 1411 1025 1159 1887 1121 635 1351 853 144 1882 801 1170 1091 1627 1401 1043 903 592 924 610 774 818 675 1811 422 1772 158 1211 1858 658 1880 1059 1823 60 1235 147 238 1361 865 1784 535 737 640 349 103 792 1935 330 1241 1010 1827 1779 470 1977 198 82 1369 1484 1105 614 1949 234 657 251 1238 1971 1798 970 608 462 747 1928 1492 1213 1126 434 1831 233 1298 1813 768 1033 1156 953 456 559 725 1663 1690 373 1527 156 385 302 1479 744 742 1743 626 15 1625 19 457 100 1306 997 954 1337 285 1125 73 1316 1263 1662 1003 245 493 699 880 109 659 991 1386 185 775 344 167 1766 1297 786 641 46 307 365 661 754 451 1551 1692 1579 1151 689 70 1425 751 337 600 107 800 283 1698 1163 874 1806 314 53 1870 1031 25 1797 32 1726 1955 660 821 1499 1356 871 1556 745 1714 916 1679 1339 789 763 1531 972 1157 232 206 312 1189 272 1810 363 1250 1139 581 1095 813 1562 23 943 459 
minDistance: 2.46457
cost: 246768
capacity: 298741
time: 19253
maxTime: 60000
LS1: 8582/9821
LS2: 691/1239
LS3: 0/0
shakeIters: 541
shakeLoops: 52
