4.33025:1225 4.49903:1643 4.49932:2248 4.51647:2928 4.58969:3966 4.59509:4991 4.59847:7216 4.64144:7392 4.65246:7649 4.70875:7778 4.75841:9870 4.75908:9934 4.76274:9992 4.76519:10814 4.77358:12812 4.78344:12938 4.80912:14366 4.81659:15289 4.81877:19957 4.82232:20212 4.8336:21716 4.84227:27295 4.84652:27559 4.8521:29534 4.85522:34641 4.85794:37225 4.8673:37285 4.87611:40056 4.87944:43330 4.89524:44600 4.8954:51325 
693 410 357 1216 509 1537 954 262 1773 652 1912 1573 1933 1033 53 1720 475 74 279 289 1239 1256 73 1801 985 303 944 212 1717 599 677 1804 1207 86 1674 1127 858 1994 1938 734 695 669 527 1199 1996 1050 1305 1645 1705 13 198 1092 470 1190 1124 1427 904 1983 250 1533 1461 185 82 1521 540 626 1729 771 254 875 222 395 1446 443 446 1436 1234 297 19 918 1149 1030 1726 1420 1815 1437 1143 1565 117 1380 1455 1407 775 478 1325 431 1191 668 1368 1855 1002 248 253 85 647 354 1370 459 627 847 1943 808 60 1517 931 1676 1683 1501 1328 1204 1782 137 1320 1277 983 1087 1356 1986 406 1917 481 1980 1606 1351 136 1071 317 425 84 172 1828 247 1335 375 1502 392 55 835 1653 828 1842 1659 33 109 842 1329 1410 1783 1589 1909 600 653 821 1972 715 1453 1073 1019 1031 959 642 94 1806 637 550 1495 1163 1371 300 358 667 1685 378 312 673 277 1164 1614 233 1221 1761 1856 709 68 57 1154 500 1142 795 1575 953 1759 1814 322 1524 46 1084 1836 1664 1416 126 1248 1833 1063 520 152 672 1819 1083 641 529 834 1454 519 896 1451 1584 1623 639 266 1048 976 926 141 1180 665 371 1594 1492 421 429 583 713 1820 1654 1413 1552 409 1120 441 1946 884 1051 229 568 1541 1727 88 
minDistance: 4.8954
cost: 246390
capacity: 199156
time: 51325
maxTime: 60000
LS1: 38419/39766
LS2: 464/1347
LS3: 0/0
shakeIters: 852
shakeLoops: 79
