4.49903:1546 4.59509:2116 4.63317:2298 4.64202:3292 4.65022:4152 4.70677:4719 4.75841:4789 4.76519:4858 4.80076:13545 4.81659:13788 4.81877:13960 4.8201:15654 4.82232:16323 4.84505:17030 4.84652:24989 4.85403:26326 4.85522:26399 4.86267:29004 4.87353:30246 4.87944:34580 4.88028:40648 4.89524:40706 4.9064:41334 4.91013:59263 
778 985 669 279 196 649 1997 615 1334 1938 33 1351 1791 1717 414 1835 459 253 1199 1040 1359 1940 1584 1041 1380 1461 55 947 695 1479 824 1221 250 1933 114 28 431 441 1727 546 410 1154 1283 737 1783 26 1230 681 642 375 94 1816 1007 1328 1682 1870 749 35 450 877 1048 440 1565 389 1915 504 383 1961 1782 1234 1575 665 1759 421 1762 630 1356 456 1203 902 1030 821 129 1277 543 437 963 126 1561 1761 1573 976 141 1454 1687 535 1092 500 841 160 1121 1368 1996 1087 1453 475 20 1917 175 283 83 1455 1250 563 520 1401 427 857 916 1407 1023 1833 1120 1752 684 1726 519 13 926 1924 1861 1857 1160 1436 1431 1371 68 354 953 1720 1542 530 1144 86 1552 1033 92 1463 1091 58 289 626 137 88 322 896 115 1019 532 616 1801 1745 70 838 527 1342 1979 768 529 485 1875 1814 395 1672 300 100 808 1367 1836 698 1954 1544 480 1972 1502 1182 1216 1034 858 643 1594 1142 1305 973 1934 1410 1653 944 1840 165 817 1842 406 1630 490 599 60 53 1799 829 1486 1683 198 1256 1438 534 828 1207 1909 1501 303 1426 600 254 577 1985 48 1002 1674 1190 918 812 920 727 277 1537 1164 1569 1051 1680 1943 984 470 1652 1084 873 1781 192 1043 1437 917 468 1623 425 960 
minDistance: 4.91013
cost: 242131
capacity: 199187
time: 59263
maxTime: 60000
LS1: 37833/39167
LS2: 422/1334
LS3: 0/0
shakeIters: 888
shakeLoops: 86
