4.29144:1117 4.33713:1410 4.4093:1609 4.4526:1791 4.45498:1966 4.48421:2094 4.49903:2383 4.52612:2518 4.5932:2869 4.59509:2993 4.6097:3106 4.64202:4108 4.66798:5539 4.71135:5816 4.71431:5977 4.7356:6659 4.73884:6929 4.7521:6993 4.80076:7358 4.80772:8164 4.80912:9155 4.81378:11598 4.8201:13111 4.82141:23092 4.83261:23739 4.85522:30558 4.87611:30716 4.88442:37729 4.8866:56829 
519 401 199 1565 984 19 1365 1130 1219 574 446 1720 509 478 33 1420 500 279 1357 1044 303 1683 1119 1761 953 504 671 1664 1352 55 359 904 82 429 1401 1662 1875 1261 964 985 60 1542 1743 1335 572 1594 1436 452 1653 1783 773 877 300 1407 470 987 849 198 1056 431 260 184 46 1089 289 772 1541 187 506 1368 1356 1772 686 771 421 726 1058 1360 419 857 459 1124 1031 794 1011 858 272 354 1521 1194 88 430 1560 1837 1979 847 1263 1466 1427 1672 1305 715 1495 1120 1936 298 1402 656 918 369 1461 57 1092 1817 234 972 621 1943 468 317 808 1835 1041 1106 510 1314 539 94 252 635 1655 720 502 137 829 906 1087 1610 1239 314 160 958 1256 1221 253 1214 1797 1674 1121 1523 709 1938 1328 48 1007 695 1359 251 304 1455 1125 1164 1879 1469 84 23 741 53 1002 115 1501 626 1652 1358 1032 1351 1888 204 973 1051 896 775 1676 78 490 1340 313 460 895 637 1243 72 1247 653 1584 168 165 579 1762 1980 1994 974 1689 1552 1479 729 1756 1306 976 1623 1590 179 1277 883 683 1376 1726 1954 1589 1438 133 1933 243 232 1030 1550 1782 441 1380 732 1833 136 528 1150 480 414 1176 1675 1803 1181 437 1264 1127 642 1274 947 1878 35 1972 1894 1262 652 47 520 807 1325 1736 1205 456 1084 522 1657 73 1645 1437 
minDistance: 4.8866
cost: 244353
capacity: 199281
time: 56829
maxTime: 60000
LS1: 38078/39416
LS2: 486/1338
LS3: 0/0
shakeIters: 823
shakeLoops: 78
