4.33025:1421 4.33185:1531 4.45498:1872 4.48421:2008 4.51647:2209 4.52821:2362 4.53373:2750 4.55328:2846 4.57912:3169 4.60282:4228 4.60922:4328 4.6261:4617 4.65503:4934 4.66452:5506 4.73904:7180 4.76244:7292 4.77358:7964 4.77452:19487 4.8162:22009 4.81659:33182 4.81818:42368 4.8201:43853 4.83261:47061 4.87353:49293 4.8866:56871 4.89524:57659 4.8954:59115 
973 1402 475 1594 1515 1325 137 1501 184 579 1119 918 1473 1455 456 300 1234 801 1954 103 1364 1692 873 985 253 397 58 1729 72 74 75 1191 172 1358 923 953 234 1256 1371 1367 446 1896 1705 1278 1815 574 520 1401 276 1023 192 295 1727 1007 1194 354 251 1759 414 1380 964 811 1048 421 1575 82 233 504 1454 254 1946 1720 1130 1019 212 1407 1623 695 1702 847 1687 1368 1803 1150 1475 1461 1816 1938 970 1643 1262 1120 88 1664 478 1446 1928 637 1297 60 1629 988 26 1917 642 1251 1437 152 1820 1772 1980 1894 1915 916 35 85 616 1783 1416 519 1190 1423 1058 621 1365 395 1328 450 1576 1566 322 500 1305 671 1939 1875 509 206 423 1541 1432 159 160 1073 739 1200 468 849 1972 1041 600 15 848 641 1351 1761 1717 485 375 837 204 630 470 1565 742 816 71 944 441 726 1089 757 1839 647 1589 1087 40 845 1495 141 723 431 1943 1274 1799 652 1674 1427 94 960 1521 1840 429 546 194 1030 1510 1662 1359 573 264 1994 1356 924 117 976 1180 672 900 729 185 1654 492 635 1050 1533 1596 1248 112 1216 266 1142 772 23 1092 543 1833 776 1676 1205 1207 1610 198 19 1398 1846 1409 1801 1263 715 762 1031 1817 1996 1107 1579 1372 1556 476 1376 480 1672 1335 627 289 589 247 1653 899 1221 1726 425 
minDistance: 4.8954
cost: 246660
capacity: 199163
time: 59115
maxTime: 60000
LS1: 37365/38670
LS2: 396/1305
LS3: 0/0
shakeIters: 882
shakeLoops: 83
