4.30718:1024 4.46139:1326 4.53373:2144 4.59847:2931 4.63173:3311 4.64488:3431 4.65246:3617 4.65911:3737 4.66452:4583 4.67696:6362 4.68809:6463 4.75116:6874 4.7521:7155 4.75433:7424 4.77198:7515 4.77358:7570 4.78228:9076 4.78344:10549 4.81659:13643 4.8201:16047 4.84716:18315 4.85522:20318 4.86267:26276 4.86975:30087 4.87944:30145 4.88028:31553 4.8954:32958 4.90491:34996 4.91128:35106 4.91877:50869 
1537 1114 1815 1454 1575 1030 312 1336 1729 16 1692 355 1938 1154 1004 1990 932 429 657 443 1494 410 1495 168 1044 964 333 1739 1620 303 1727 1590 55 1355 35 83 1835 868 1121 583 1407 1828 128 1630 66 1731 873 808 1371 1190 1320 963 1461 1783 1922 1589 1833 232 1142 252 1144 1007 371 1611 519 1759 1513 543 1263 1219 1909 1653 667 1119 1717 1309 984 1980 1526 1352 414 1473 103 1207 1183 1420 546 1455 459 1583 1073 1907 1087 68 15 114 838 1896 1664 500 1255 152 1437 354 993 1552 1996 446 1846 1541 574 1401 1816 1983 1726 88 283 1817 1357 1234 1768 1954 1328 1489 224 1194 247 290 1902 615 1356 485 835 1875 1335 1894 82 74 185 234 289 1415 630 1961 976 1130 990 1836 1294 1582 248 94 1501 635 520 1180 1791 953 1453 58 1364 1614 397 272 1576 1330 734 1229 1594 1486 1748 1325 421 1994 1839 1428 1191 19 300 918 1565 316 715 1988 1490 802 172 1761 926 1402 251 1120 626 1164 1842 652 1464 115 762 1221 1051 1687 110 1533 279 515 253 297 1031 369 1542 1436 988 1493 847 828 1674 1372 647 1163 1028 270 109 250 1380 1610 772 1681 1416 900 1431 509 1623 229 296 916 159 1535 425 867 73 1019 1089 1560 1351 776 1743 441 756 1683 1584 1710 450 758 1248 849 179 1645 1972 470 375 672 1840 1216 254 
minDistance: 4.91877
cost: 245485
capacity: 199176
time: 50869
maxTime: 60000
LS1: 39608/40942
LS2: 478/1334
LS3: 0/0
shakeIters: 826
shakeLoops: 78
