4.32389:1231 4.33185:1465 4.35241:1607 4.49903:1971 4.51037:2203 4.51647:2418 4.53373:2776 4.58969:3047 4.59509:3444 4.62327:3586 4.65503:3780 4.70677:9658 4.71718:10051 4.74862:10686 4.7521:10925 4.75651:11366 4.75841:13604 4.75908:13661 4.76244:13791 4.76519:13878 4.76991:40560 4.77227:47597 4.77358:56476 4.77697:57269 4.79412:57337 4.80258:57422 4.81659:59661 
782 454 466 180 1875 1524 1674 1985 1028 1783 698 676 48 1656 406 82 902 1056 1659 684 178 303 862 136 1328 974 1182 1654 1089 1720 1761 896 431 1390 456 1380 1584 884 563 1034 880 1814 1862 1030 847 1098 1325 15 55 253 272 1305 1501 1181 1681 1626 1457 247 1986 467 429 198 510 80 335 1114 35 1828 985 1623 742 1007 1743 1551 1369 488 1437 1885 1194 652 1646 1762 1410 129 802 642 1230 519 1357 331 1416 1556 470 947 100 73 425 808 1593 520 1095 1356 1008 234 501 1972 1589 503 926 1881 539 325 485 983 925 74 1541 160 683 1946 1219 1190 616 1479 1019 1552 1031 1351 1037 1087 713 1772 16 1464 1804 626 1191 86 1081 941 1675 1178 506 688 1453 1594 1250 745 814 1680 749 858 857 250 1486 475 715 1653 615 1124 1032 755 1015 410 1791 33 1330 375 527 94 1438 1092 1544 1554 1350 529 430 1151 931 1842 643 1855 304 1759 88 1277 1726 1922 1371 68 110 901 314 12 297 478 562 137 371 1938 1239 1263 1934 1455 1154 47 1614 1836 1234 1952 1815 1407 1203 537 500 1833 460 204 433 446 312 1954 78 1859 1262 1428 1780 1093 1436 1590 383 1429 459 2 170 756 502 695 28 1702 1033 1256 474 1163 1569 1865 1041 1939 1420 318 879 1228 1571 1283 1940 1495 1876 254 300 233 693 1177 1641 1164 645 252 1221 550 1275 414 
minDistance: 4.81659
cost: 240673
capacity: 199223
time: 59661
maxTime: 60000
LS1: 34528/35950
LS2: 682/1422
LS3: 0/0
shakeIters: 713
shakeLoops: 67
