4.45979:1887 4.49881:2148 4.49903:2275 4.51615:2417 4.51647:2714 4.53373:2833 4.54419:3094 4.5905:3507 4.59283:3575 4.64488:3693 4.65053:3777 4.65503:3942 4.72078:4384 4.72176:5719 4.7356:5829 4.7521:6172 4.75651:7218 4.75841:7558 4.76519:7745 4.77198:9339 4.77729:9542 4.79813:13573 4.80804:13629 4.81054:15175 4.81659:15232 4.8201:15392 4.82232:18047 4.83133:18615 4.8521:19422 4.85522:20645 4.87353:25099 4.87681:33746 4.88028:36990 
69 1084 1784 68 1486 13 460 204 1429 985 1446 1438 880 1589 875 517 459 584 1056 152 1015 824 1428 1810 532 901 1200 795 667 1255 1929 1686 1416 1675 371 1164 1090 973 1829 1575 821 1783 1797 414 1205 1359 1600 1223 1759 1727 1802 963 1778 1427 412 1988 1501 126 1250 1334 247 1051 1954 46 808 1875 1475 78 475 1513 1508 1199 1623 772 26 1972 265 33 801 1226 1815 1654 192 1181 264 88 74 1451 1048 1492 1073 1453 374 342 223 506 1335 100 86 695 441 615 1127 1401 1306 417 1582 600 1782 1151 1002 1150 1016 775 383 1653 773 1986 1994 525 1368 443 1155 1565 1455 1019 1817 1556 1256 902 1031 1614 904 185 1121 1454 141 900 1720 425 1985 1560 857 676 1311 1384 1296 858 1648 150 1371 82 1364 1541 253 1320 1207 1674 1356 1110 476 251 254 1120 1935 941 1172 1839 1683 1980 529 137 1464 926 300 550 20 1092 1204 976 1380 1294 726 19 227 1466 1936 478 1041 1840 493 303 626 647 1087 333 554 94 1216 1594 652 543 2 406 1184 1402 654 108 84 1762 802 621 2000 1342 806 1933 637 974 1191 233 1365 689 953 1803 1685 306 944 1130 727 829 1215 503 1552 1682 1437 849 395 1190 1705 470 992 534 1007 1436 1351 73 1420 807 23 510 1009 1865 468 579 884 527 1407 458 1761 1057 266 
minDistance: 4.88028
cost: 245073
capacity: 199155
time: 36990
maxTime: 60000
LS1: 38836/40188
LS2: 471/1352
LS3: 0/0
shakeIters: 848
shakeLoops: 79
