4.17837:1060 4.33185:1286 4.48815:1649 4.53373:1828 4.61185:1996 4.71538:2688 4.73343:2822 4.74976:3100 4.7627:3282 4.76519:3340 4.77358:5043 4.77452:11394 4.77697:11633 4.80177:12787 4.81378:13799 4.81659:13856 4.81818:24368 4.82474:25921 4.82505:26192 4.83476:26470 4.84227:27040 4.85522:27345 4.87944:28879 4.8866:29774 4.90517:29849 4.9064:37099 4.91013:37226 4.91252:39733 4.91877:40062 4.93417:40125 4.93845:45707 4.95015:56948 
204 1659 243 1816 406 511 858 921 1509 652 1031 873 1610 247 1371 1438 1429 1358 1590 1996 1801 1458 849 1912 491 1416 1726 1059 1759 1221 829 354 1215 704 16 1717 845 985 427 1876 1403 1836 198 193 1304 1846 421 414 1436 1814 881 100 726 1720 114 720 647 1190 630 1194 762 970 1972 1396 371 1256 1623 488 1791 1772 1683 1250 1499 128 303 1455 1380 1879 279 879 395 1106 543 1401 1935 616 450 1342 380 1365 1073 1410 340 563 1453 918 1038 1865 788 1162 1356 436 600 136 115 83 468 1739 459 137 1700 410 653 1155 727 1533 667 1121 1796 254 1105 626 84 1120 1922 1325 1653 1420 502 1098 1263 31 527 1620 931 375 300 1952 1278 1589 709 293 1127 1466 1556 33 1199 519 885 86 1817 1575 780 837 1495 1359 689 500 1835 1216 654 82 1357 1248 1943 916 1407 1306 1351 1828 964 828 1486 984 935 1219 865 808 1428 1748 1041 683 884 987 64 1207 441 185 68 632 960 253 806 211 429 546 863 1938 1130 1239 1875 1501 58 1727 637 1583 979 1654 439 1087 1437 1552 53 475 23 1007 94 1328 1980 152 1364 60 510 172 1842 192 539 1541 584 812 1674 1367 75 46 1783 698 1561 264 13 383 69 1594 126 1576 55 250 499 944 1432 1183 1142 1780 1954 684 325 764 252 
minDistance: 4.95015
cost: 245421
capacity: 199251
time: 56948
maxTime: 60000
LS1: 37207/38595
LS2: 527/1388
LS3: 0/0
shakeIters: 829
shakeLoops: 77
