4.30903:1131 4.46441:1647 4.55328:2180 4.67784:2715 4.75841:3673 4.76991:3806 4.77358:3913 4.77452:4298 4.78228:4725 4.78849:4791 4.79412:4889 4.80804:4981 4.81378:8534 4.8162:8731 4.81659:8820 4.8201:15701 4.83261:17242 4.84321:18145 4.84648:19643 4.85522:20034 4.85794:20804 4.87611:24077 4.87944:46997 
1819 211 953 1603 468 1180 1420 873 1950 1030 253 831 1772 987 1544 1782 1403 31 1090 272 1371 475 1702 563 16 546 1423 1954 82 960 1120 849 859 1594 1811 1535 1835 97 1114 1002 1623 519 771 459 262 1698 534 13 1570 81 1453 1943 1200 460 1127 531 1164 1580 57 1641 1407 858 1380 947 918 1261 1280 136 421 1356 1092 1552 556 1274 470 303 1828 1996 1680 1334 916 1073 1795 128 1140 1150 1938 86 1463 1034 94 172 808 20 653 447 1437 944 54 729 88 23 788 160 709 1861 1359 1270 1726 53 1190 1876 1565 70 764 480 451 243 1933 279 1561 75 1502 806 1972 1015 46 1379 1305 133 304 1731 1143 969 233 961 543 667 441 1041 540 300 1762 411 985 193 741 1019 1576 1357 187 425 89 179 772 1632 665 1367 1590 1521 1194 500 1683 983 1634 429 1479 254 964 1717 266 1875 1405 1610 383 248 204 671 1667 129 1008 165 1761 212 68 559 1464 527 627 756 232 1878 110 1584 317 1058 490 1151 1306 847 904 1248 1575 1328 535 689 406 250 1542 807 1537 1081 410 247 1613 842 457 1416 1836 579 1216 1195 1507 84 675 1985 642 1031 684 414 1922 1203 1221 885 1087 1986 1676 1541 1501 1840 1461 1493 1814 476 394 234 126 264 867 1834 1674 436 1769 1142 322 1455 185 1783 726 1681 970 309 433 1630 
minDistance: 4.87944
cost: 241824
capacity: 199244
time: 46997
maxTime: 60000
LS1: 36783/38115
LS2: 475/1332
LS3: 0/0
shakeIters: 834
shakeLoops: 79
