4.13092:836 4.26095:1048 4.33185:1185 4.4083:1397 4.43199:1581 4.44246:1703 4.44402:1870 4.4791:2131 4.47942:2191 4.57318:2607 4.59847:2719 4.65503:3545 4.71135:3767 4.75841:3959 4.76519:4169 4.79941:4505 4.80804:5321 4.81659:5457 4.8201:5812 4.82232:10783 4.83261:17332 4.8673:17387 4.87611:25492 4.87681:39491 4.87944:40190 
129 180 1030 1939 973 110 808 1043 1380 1087 1819 1437 529 1702 206 1542 1840 1385 1342 1092 214 1500 807 94 59 522 254 1456 1463 253 604 875 133 1614 1894 421 534 554 1883 1019 540 1759 1182 1664 1351 1084 1368 1407 1875 1575 441 1191 475 800 1356 1479 1814 652 729 772 1041 1757 1521 1501 300 1358 802 247 1089 80 1835 459 1710 1401 1726 1583 1720 653 1489 1901 1330 115 74 1051 654 838 677 546 1773 1320 1434 100 626 1216 160 1552 1648 627 1034 857 1416 89 1803 1371 1357 873 1761 279 322 1243 1230 1150 1102 439 601 33 72 1685 960 272 1164 1706 1654 1594 1142 35 1781 988 1804 1606 1565 1011 1239 1305 1335 412 1834 756 1717 1610 198 849 709 715 1584 550 574 468 1980 1833 20 847 1410 1163 1367 1772 1221 647 1032 1364 1359 1328 342 1626 1090 1263 1590 519 923 460 232 937 675 625 1369 48 1836 1630 1544 1769 1007 506 1509 1154 1098 1180 1073 1420 1656 1996 1743 1943 1972 1453 414 698 303 54 82 669 563 865 1207 907 1682 500 642 1194 1938 450 821 410 1114 15 1203 961 695 269 1674 1569 1783 837 1372 555 1801 1018 520 853 431 953 492 1729 689 1796 1576 1455 395 68 1177 1413 358 1589 164 1464 491 976 75 828 1213 1044 1652 963 927 1526 1325 1623 446 204 1791 1451 1815 749 
minDistance: 4.87944
cost: 241706
capacity: 199181
time: 40190
maxTime: 60000
LS1: 40336/41641
LS2: 385/1305
LS3: 0/0
shakeIters: 895
shakeLoops: 86
