4.24025:1028 4.45979:1551 4.51284:1934 4.53373:2187 4.59509:2800 4.62568:2881 4.63173:3091 4.65246:3176 4.654:3254 4.65503:3715 4.73066:3966 4.73343:5043 4.7521:5255 4.76641:8199 4.77452:8311 4.77477:8471 4.79412:8535 4.80076:9774 4.80804:10036 4.81165:10158 4.81659:10374 4.81877:12692 4.83261:13751 4.83476:13875 4.84227:14446 4.85522:16504 4.88442:16741 4.8866:31027 4.8954:33143 4.91013:34043 4.91123:37847 4.9146:42724 4.92293:48486 4.93417:49825 4.93845:57850 
1878 704 630 1144 86 1501 1461 115 985 1552 527 1502 48 1566 433 1180 1814 707 1124 1221 1250 695 626 1849 1537 1980 667 543 1019 1486 1863 519 354 1613 1429 23 1680 807 468 895 974 1801 881 1542 1994 172 546 84 698 1851 1098 1342 234 788 1356 1380 947 1439 492 837 1367 808 960 1032 1226 82 1972 1043 652 193 309 1371 414 1306 778 429 206 68 133 1957 266 126 1087 480 1796 1190 944 539 466 1089 1541 926 249 1876 490 250 300 1239 1314 92 689 1825 1454 459 1150 252 654 664 756 46 1583 341 1031 984 247 1985 136 276 1561 1420 953 1041 1359 1943 485 15 184 1875 1416 283 1791 1164 858 1427 1706 1002 1649 870 1455 782 1128 1368 1354 31 1653 94 829 653 1376 1153 110 1954 1163 89 1401 1565 792 1194 1683 1437 1632 1092 1407 1662 862 877 421 175 1936 705 289 253 383 1328 304 1922 160 916 109 426 964 272 764 460 439 828 502 1428 1357 1720 1034 1335 642 1692 53 1479 1761 33 1466 441 669 976 1996 726 470 520 1434 1762 1674 1933 1256 410 1576 1582 1251 1344 1120 563 1614 1051 685 1783 727 1681 264 632 1127 973 427 137 1302 1091 720 75 1835 1081 1589 873 1736 446 1305 279 1453 369 1828 506 243 1464 616 1244 164 1365 1623 1726 1463 826 457 1575 254 849 
minDistance: 4.93845
cost: 240219
capacity: 199334
time: 57850
maxTime: 60000
LS1: 38232/39544
LS2: 412/1312
LS3: 0/0
shakeIters: 865
shakeLoops: 80
