3.96275:616 4.49503:1482 4.49903:1670 4.52612:1828 4.5932:2132 4.65503:3512 4.7627:4205 4.76519:4281 4.76619:9185 4.81165:12033 4.81659:12706 4.81818:12775 4.8201:14177 4.82822:36877 4.83261:38409 4.87611:41388 4.88028:60001 
82 1778 1437 342 1604 110 1913 1652 995 687 1127 896 1705 1720 1556 1791 1203 78 1213 1355 762 641 689 476 772 201 842 522 1092 1407 1291 1364 198 475 234 318 1972 358 446 984 1762 1190 1816 136 1365 459 254 383 1988 1040 437 1994 354 1409 1674 808 1346 1653 1835 1833 1453 441 1031 212 1939 1686 1475 88 1980 316 392 406 57 698 837 33 1957 1371 960 1454 1397 1087 1575 1685 1882 209 1171 621 956 1849 1875 546 1359 1492 849 1200 322 1810 1662 1486 109 857 1193 164 128 470 443 1396 1030 831 1878 1041 1084 677 537 175 1051 846 1306 1590 616 1230 1250 1479 1996 1797 421 83 693 513 926 802 490 630 574 74 1368 794 42 860 1687 1870 756 414 1463 94 987 1180 916 520 1459 973 1783 1495 214 985 1130 1432 137 1914 1275 807 466 1569 359 500 300 823 1367 845 1943 1032 1182 1455 1247 1706 1756 250 35 529 58 480 1328 427 1851 1683 431 504 1565 1176 1682 1623 838 1894 712 506 337 1552 485 1307 206 397 771 918 1244 563 637 1761 1668 425 1866 456 847 1802 1729 1120 906 289 277 576 1801 1154 989 884 589 1073 917 1815 1380 1034 1584 247 1817 115 1537 1019 279 1401 1498 1464 1938 253 1902 150 519 1356 20 1579 1358 303 502 757 1846 1469 1840 1515 1089 1654 1501 1461 309 1772 1416 1911 654 1429 1164 460 1357 1949 
minDistance: 4.88028
cost: 243587
capacity: 199239
time: 60001
maxTime: 60000
LS1: 37412/38810
LS2: 572/1398
LS3: 0/0
shakeIters: 809
shakeLoops: 78
