4.53373:1691 4.59304:1880 4.59509:2109 4.60731:2215 4.61472:2277 4.64202:2369 4.67134:3749 4.71718:3952 4.7521:4221 4.75433:4661 4.75651:4793 4.75841:5218 4.75908:5275 4.76519:5450 4.76619:6714 4.76641:6780 4.76991:6986 4.77227:8887 4.78849:9877 4.80076:10351 4.81378:10410 4.8201:10713 4.82474:10878 4.85522:16291 4.86028:16406 4.86267:17194 4.86612:18021 4.8673:18374 4.87611:18519 4.88442:23925 4.89524:48385 4.8954:48491 4.90491:55347 
1783 1577 250 782 1623 872 1469 1356 89 422 86 1436 1972 1994 812 159 429 1720 212 1454 563 300 1407 1030 1680 1234 1305 530 476 1371 519 865 1427 1031 1056 1682 1575 657 26 947 838 1147 1943 543 1463 1051 176 554 487 953 1160 1205 1420 1127 85 13 1466 1106 450 831 1180 985 277 1793 964 443 322 1124 527 1878 1352 1359 900 1461 802 333 1674 1437 1692 1664 1936 693 724 1791 588 873 642 1151 656 508 616 1200 1455 506 198 1815 1044 1782 1996 1980 901 960 904 1542 1002 707 1501 283 653 1954 1552 1216 1486 1576 94 1335 637 1376 858 1007 918 254 1120 867 808 863 1727 431 179 1261 234 1215 317 309 1535 1090 671 665 16 1464 1536 1041 976 1637 1761 1835 509 137 1796 806 248 1662 303 842 253 1594 19 110 849 1985 1922 532 115 84 828 1875 1102 1092 88 1091 756 1164 1087 227 165 857 1706 709 1334 478 1401 421 987 475 468 1653 626 1493 441 720 1256 1008 1032 1810 1384 823 380 1565 1584 685 695 1121 71 1762 829 944 1870 192 1010 214 1365 1556 1573 359 1154 1351 1804 1367 1163 397 1144 46 470 342 988 989 279 807 1190 55 1689 1502 1016 1717 1362 1178 1416 23 304 1492 1063 520 1479 1833 1357 1230 1483 66 916 1426 1655 546 1176 525 1034 1073 414 1710 308 1840 621 184 500 
minDistance: 4.90491
cost: 241114
capacity: 199183
time: 55347
maxTime: 60000
LS1: 37381/38726
LS2: 461/1345
LS3: 0/0
shakeIters: 851
shakeLoops: 78
