4.30051:1126 4.48019:1677 4.51194:1870 4.53671:1971 4.61185:2325 4.64202:2490 4.7521:3143 4.75841:3255 4.76519:5190 4.77729:8158 4.78849:8226 4.80804:8438 4.81378:9509 4.81659:9647 4.81877:11841 4.8201:12996 4.82232:16523 4.82474:21344 4.85716:22065 4.86267:22125 4.8673:22867 4.87114:23667 4.87944:23826 4.88028:25440 4.88442:26827 4.90183:30050 4.90491:30278 4.91167:34837 4.9146:45367 4.91877:54618 4.92236:54845 4.92462:55422 4.93417:56887 4.93798:58066 
160 1325 430 1142 1731 1954 519 642 1552 1043 1495 1180 1371 1455 279 944 1938 543 46 88 68 1803 1429 500 704 1154 1868 446 1124 401 1365 20 35 600 1473 627 1453 1840 1215 137 857 782 976 559 828 667 1791 1092 2 511 1367 1283 858 1833 1071 1261 873 60 1407 973 1589 1680 460 1933 1784 1801 1996 698 669 1250 947 1073 1328 1251 527 684 322 1255 1376 380 212 953 1783 1620 300 1746 204 807 1420 1090 1356 1799 75 1682 115 1562 133 94 1972 19 1613 1662 1351 410 1219 359 192 1416 441 632 1994 211 1761 654 802 1626 458 421 184 1819 126 47 1437 298 86 709 520 842 653 794 1164 652 1213 1087 1985 1007 1648 1516 1692 1479 1385 1726 414 1357 1698 1507 1221 1305 1436 534 1143 1590 475 1120 1204 672 1623 1594 234 1835 1399 1368 1544 371 502 253 1230 1216 1502 982 1041 838 262 1816 1814 470 1114 1542 48 1566 1239 1163 459 1576 1720 1979 635 304 1523 82 583 1569 792 964 1121 1370 1912 136 1815 1836 1980 1729 333 1190 13 354 1183 1359 1461 849 1501 1706 683 1194 1876 961 1943 425 312 689 317 395 628 1917 1372 1084 715 837 1002 1565 1759 193 1683 206 481 1200 306 1031 1380 1256 1610 1583 834 1051 199 960 808 383 33 585 187 161 985 1654 
minDistance: 4.93798
cost: 237315
capacity: 199213
time: 58066
maxTime: 60000
LS1: 38136/39571
LS2: 522/1435
LS3: 0/0
shakeIters: 878
shakeLoops: 81
