4.45498:1281 4.49503:1469 4.53373:1622 4.59141:1852 4.5932:2228 4.61185:2639 4.62173:2714 4.69532:3219 4.6999:3316 4.71431:5099 4.75908:6630 4.7627:10719 4.76519:11135 4.76641:20135 4.76991:24350 4.77198:25188 4.78228:27161 4.80462:32941 4.82474:39767 4.83261:41929 4.84149:48848 4.84227:50308 4.8633:55595 4.87114:56835 
1683 974 300 637 744 53 1191 23 1996 862 1573 1177 1407 1370 1479 1501 1221 677 684 973 1544 1547 137 74 1464 1762 1806 522 253 248 532 429 1631 1216 1502 480 455 84 983 812 222 1250 1304 842 1420 653 1142 756 289 1403 82 808 1499 916 1761 1230 383 847 1654 519 1019 1875 502 88 1092 1087 85 68 1334 1306 1674 411 1278 354 1912 782 816 1330 1653 1561 16 1786 550 1685 126 630 1796 806 1033 1500 389 976 1646 1576 867 476 953 616 873 1120 1034 807 1429 1277 1542 1234 1980 1840 1058 673 1154 794 1356 1782 406 443 626 395 1454 1359 1855 828 1410 1463 749 1630 1870 485 1031 1014 1835 1849 849 944 1584 574 727 129 1305 960 1416 187 1656 1791 1073 988 94 554 1084 31 1720 1124 468 585 1371 1632 414 450 1178 1339 667 947 1689 985 309 1367 1344 1957 1401 204 54 1002 254 1256 1007 1552 110 665 1030 675 210 304 1641 1032 1509 175 1727 695 788 1936 1606 252 1098 115 1662 1816 1943 698 1114 1021 1127 1575 198 1194 500 1523 459 1759 1783 1455 159 1709 1354 421 858 1894 441 1610 1413 212 1702 1828 1768 857 460 164 42 1623 1437 1717 1150 1814 176 1016 1590 1680 642 1972 1143 1516 1752 1180 1706 1041 78 119 838 1089 1380 1442 1203 1190 410 303 584 1328 793 534 863 1357 1772 1255 
minDistance: 4.87114
cost: 246594
capacity: 199275
time: 56835
maxTime: 60000
LS1: 37671/39034
LS2: 557/1363
LS3: 0/0
shakeIters: 782
shakeLoops: 74
