4.17837:905 4.31804:1196 4.32389:1294 4.47409:1692 4.49881:2138 4.51647:2351 4.58647:4311 4.59509:4377 4.61185:4689 4.65022:5016 4.65053:5922 4.65246:5983 4.71431:6265 4.71538:6319 4.73343:6378 4.75433:6576 4.75841:6857 4.77227:7564 4.77729:9658 4.78344:11012 4.80804:11325 4.81378:11998 4.81818:12161 4.83138:14199 4.83261:14307 4.86267:15707 4.8673:19793 4.90183:19867 4.91065:22202 4.91128:34547 4.9215:39472 4.92462:46870 4.92468:47041 4.93417:50120 
251 446 782 1928 1505 1938 788 1706 1957 1371 15 137 543 441 42 172 976 1360 317 1453 517 953 1933 829 695 1997 1461 526 1413 1051 480 1610 884 1207 253 1493 1466 1680 1416 987 1573 322 1200 647 1994 683 88 812 916 470 1402 1407 1783 384 1791 1582 1606 593 873 1664 669 1091 1996 506 1623 1451 1674 527 667 1039 218 1682 1335 808 475 115 1702 145 306 1781 828 478 637 476 354 807 642 60 1244 902 727 1583 74 1762 1240 1835 1073 509 392 1516 1943 1142 1191 1399 414 114 500 838 1221 1880 1102 1092 460 300 1098 546 1857 1063 1692 254 53 944 1875 858 459 1985 1980 1367 849 33 1380 1645 1357 1019 75 474 1359 1870 869 1213 1084 248 1283 468 1536 737 359 1456 1499 1386 1659 1507 1437 935 1256 1190 1726 1759 1683 23 1216 1299 1772 86 1613 1946 1814 632 756 709 696 35 1912 82 152 559 1002 1654 1154 1143 276 411 94 654 1495 1305 1401 1032 133 1836 1194 1972 234 1576 1552 1314 1251 204 176 1356 46 964 1803 1436 1795 960 1502 621 1542 1364 1935 1720 539 1761 630 1796 616 918 826 1255 1653 519 821 863 192 1090 1438 1087 1801 1455 837 653 1164 1565 1030 985 689 1372 1015 933 1376 1575 136 443 1837 1328 108 397 243 1922 1863 1745 1320 792 68 771 1368 421 926 1365 
minDistance: 4.93417
cost: 239426
capacity: 199216
time: 50120
maxTime: 60000
LS1: 36238/37682
LS2: 589/1444
LS3: 0/0
shakeIters: 821
shakeLoops: 76
