4.30718:1339 4.30903:1421 4.39525:1803 4.6261:2363 4.64144:2565 4.6671:2886 4.67784:3004 4.73343:3322 4.7521:3479 4.75215:3677 4.75651:3743 4.76244:3935 4.7627:4277 4.76519:4599 4.77131:4903 4.77729:5210 4.80076:5391 4.80258:5627 4.80804:6049 4.81378:8408 4.81659:10183 4.83261:10820 4.8336:12315 4.84227:12538 4.85522:13408 4.85794:13491 4.86034:15073 4.86612:20273 4.87114:20331 4.87611:37018 
762 300 264 1263 1501 74 1092 1200 431 970 1762 1773 1875 1216 1192 1565 1972 443 1416 1461 470 1674 1492 652 1535 693 159 1933 1089 1305 466 478 1756 1833 227 1102 1380 831 1094 520 720 621 985 627 1016 1368 1475 519 1620 632 1819 209 232 193 375 234 480 989 312 599 901 1996 707 726 647 1164 1226 1589 342 1816 475 771 1594 1397 1180 1994 689 1034 1120 117 1761 1455 1652 1401 1680 421 1692 540 806 446 1413 698 1783 152 1420 953 1007 555 983 53 1041 1372 1626 1683 654 1073 459 1840 1106 1731 1743 1562 1118 172 1614 1836 1383 899 206 303 961 1739 642 1980 626 82 984 1031 529 1463 500 412 72 1575 1569 895 1728 19 1307 1051 1275 776 1922 1828 858 73 279 1248 1606 1335 881 1318 1835 460 867 826 1985 20 847 918 128 1541 476 1384 1130 1356 1256 492 1030 924 46 1429 383 1782 896 83 849 798 455 1689 121 1791 290 1466 772 86 1686 317 253 583 1365 527 88 233 1720 1250 441 1759 1407 1542 709 579 297 1255 1623 1437 1796 1328 247 1668 1207 1781 1178 272 1654 1033 1182 1943 1521 358 68 81 829 633 865 504 1190 1357 1371 1172 212 748 184 1019 1810 1656 94 1815 1087 78 57 817 982 1351 250 873 322 277 276 1151 916 1454 164 1493 661 89 1590 1935 1247 1002 964 
minDistance: 4.87611
cost: 242158
capacity: 199167
time: 37018
maxTime: 60000
LS1: 39432/40725
LS2: 367/1293
LS3: 0/0
shakeIters: 896
shakeLoops: 84
