4.39003:1201 4.57912:1547 4.59509:1690 4.59847:1891 4.60836:1962 4.64202:2071 4.64488:2635 4.67423:2872 4.6999:2950 4.7521:3014 4.75893:3314 4.76519:3798 4.76991:6544 4.77358:6652 4.80912:8206 4.81659:9303 4.81818:42802 4.82232:43723 4.82474:47654 4.8521:47859 
1509 475 478 193 1135 1664 117 527 883 1594 1842 621 429 379 519 1891 1178 987 1151 1263 1042 1154 152 450 1922 1007 1247 82 1014 1376 1041 1796 88 433 1537 989 309 1031 828 122 653 667 1544 318 1257 1437 881 858 1836 899 441 944 94 1471 896 1552 272 1810 1056 229 1015 1476 26 1271 227 1365 1432 346 1620 1354 446 772 693 838 1199 974 862 312 354 1947 1492 1407 1090 1019 1107 71 1501 454 983 1851 1604 1307 794 286 211 1590 684 1542 1681 1230 683 1689 1862 1598 1030 1092 375 68 1840 86 681 916 906 953 1239 1380 1048 1498 1761 976 1359 1023 900 1127 1283 421 801 1087 1902 1797 419 303 252 55 1654 1106 1985 1971 1600 626 1783 371 16 1972 1833 233 1143 1680 695 1212 1427 1043 198 756 961 1565 1988 1686 431 1573 1674 1401 1964 842 35 1084 47 204 1029 46 1910 232 639 837 1589 1835 1909 406 28 339 1490 234 13 279 1033 546 137 1846 1569 196 33 963 985 509 1803 374 632 1878 1384 289 1994 1034 635 1184 1662 1213 1914 1949 1058 520 1180 304 84 1875 1097 947 1234 423 247 1081 1521 972 1410 392 704 1219 1124 187 1163 1815 1623 451 254 863 1371 1274 1685 1762 253 1130 1367 1997 4 19 1351 1980 1072 675 485 141 1729 960 185 1513 1119 835 857 1120 1966 1114 300 60 1423 973 1915 816 1533 808 443 847 
minDistance: 4.8521
cost: 241196
capacity: 199161
time: 47859
maxTime: 60000
LS1: 37440/38828
LS2: 605/1388
LS3: 0/0
shakeIters: 763
shakeLoops: 73
