4.35862:1243 4.49903:1868 4.52821:2044 4.6261:2391 4.63709:2636 4.64144:2834 4.65503:3072 4.67696:3332 4.72078:3517 4.73066:3591 4.7521:3652 4.75433:3726 4.76519:3839 4.76641:5186 4.77198:5530 4.77358:7047 4.81659:16253 4.81818:22422 4.8201:23348 4.82474:23404 4.87611:24744 4.87944:25699 4.88028:26588 4.91013:26756 4.91065:27591 4.91877:48563 
232 84 234 901 1761 68 46 546 1030 1219 457 1947 1500 1213 1485 741 1084 33 1019 1464 1401 953 727 251 202 136 821 1305 1507 1455 589 300 1009 1855 254 782 1795 1655 248 1614 1997 1246 475 1073 204 212 1051 1839 115 1632 1731 1801 317 1334 272 1352 1221 1427 520 1762 956 1365 1717 1130 1351 904 630 35 642 510 973 1561 656 757 1700 1576 450 94 243 397 1835 1590 1981 1922 82 175 1263 1371 425 639 1782 1697 1446 160 1479 1191 947 1971 684 1972 250 1438 1402 583 707 532 1833 695 847 928 1523 964 437 1939 1566 637 1985 828 720 1653 1552 1980 916 86 198 652 126 1654 1109 75 918 406 253 1127 266 1954 1042 1573 621 1560 1250 1565 974 683 506 264 1791 88 456 504 164 429 849 441 559 1466 367 1996 431 1828 1556 1108 48 1589 1461 500 808 944 1569 470 421 1878 1917 694 1216 1817 667 74 1255 1328 252 1685 1513 1745 16 1583 1087 1120 858 1380 247 865 414 304 1200 1431 1376 689 1527 1002 1367 53 1251 1495 1542 314 649 751 985 1934 1164 1861 960 1476 312 1437 857 1548 1928 829 807 1674 1429 110 1357 1147 1537 1041 1194 1623 519 1453 1119 698 1162 1092 1840 47 1359 1501 935 137 1486 283 1610 1478 292 1416 383 1681 1283 1407 371 20 873 1613 1634 1320 1720 1058 1124 459 1788 
minDistance: 4.91877
cost: 245108
capacity: 199188
time: 48563
maxTime: 60000
LS1: 37114/38434
LS2: 446/1320
LS3: 0/0
shakeIters: 848
shakeLoops: 81
