4.49903:1593 4.59304:1849 4.60282:1985 4.60922:2237 4.65246:2349 4.65503:2403 4.71431:2507 4.73904:2675 4.75651:3027 4.75841:4143 4.76244:4706 4.76519:5025 4.77358:5817 4.79813:6689 4.80076:7418 4.80804:7537 4.81378:8844 4.8162:11874 4.81659:13703 4.81877:13755 4.8201:15114 4.82141:16825 4.82822:18087 4.83261:24633 4.84652:25029 4.85522:25757 4.88442:27115 4.8866:28425 4.91013:38332 4.91065:39085 4.91128:48254 4.91877:50828 
672 1759 724 1953 1176 425 1729 1359 960 84 627 632 669 1501 723 88 964 756 1814 1943 309 1155 1335 1954 1972 1120 1084 689 250 1239 15 772 918 1620 860 160 1541 1516 1565 1416 1634 47 683 695 23 1659 340 295 421 1031 1717 1833 179 1934 429 114 289 849 481 306 1994 1407 1645 1875 983 100 1140 837 973 1576 600 441 773 1727 303 984 202 395 1623 1034 1334 251 1938 308 1365 1455 1371 172 1492 1632 665 379 1002 520 947 1351 35 504 653 1912 1007 1376 322 60 55 1922 1495 1356 771 232 1437 1150 1672 266 821 383 414 1221 133 1946 1761 916 1453 1935 459 1476 1041 1410 539 276 873 1582 480 838 253 1816 468 1219 879 687 901 152 492 1357 270 944 1154 300 782 500 985 1508 1250 1401 1051 94 654 858 1019 1674 1482 1164 1783 1594 808 1300 1985 1791 1058 86 1087 1815 1384 74 1933 1144 279 54 46 75 1980 1110 184 254 490 807 136 1114 1124 1143 1367 802 1469 1121 1610 811 1370 727 1328 698 652 475 1542 316 1205 1614 82 1502 1429 502 1500 1836 1579 1692 159 532 1996 1091 176 485 333 1720 1835 1680 1653 1207 847 243 1032 877 1436 1706 1180 1550 647 1380 1552 621 513 1216 976 1127 1589 192 115 1296 1683 1030 953 1368 801 470 1151 1865 630 1190 277 823 
minDistance: 4.91877
cost: 241159
capacity: 199196
time: 50828
maxTime: 60000
LS1: 40629/41927
LS2: 333/1298
LS3: 0/0
shakeIters: 933
shakeLoops: 87
