4.33185:1162 4.38388:1375 4.4477:1655 4.48345:1872 4.51647:2860 4.59509:3426 4.60836:3975 4.64202:4184 4.64488:4398 4.65246:4488 4.79412:9699 4.81378:9802 4.81451:10922 4.81659:11059 4.8201:25375 4.83261:58464 4.8521:58914 
1994 141 1429 251 254 1575 756 431 276 481 1335 1565 1954 1364 559 643 1336 316 511 782 172 739 515 165 1034 859 91 1623 1552 1150 1959 1328 713 1325 754 1219 1102 1645 1019 816 860 1782 641 78 550 1507 1943 1980 1031 960 152 1371 1217 1263 1221 973 429 1584 1073 847 1404 1048 443 506 501 1011 1416 1654 1180 1030 1680 1501 1865 1262 1291 1988 916 510 716 741 1972 1772 806 395 345 458 1130 478 689 1855 1653 322 577 849 303 1002 1710 1451 1683 904 758 1496 556 300 1379 1582 635 371 1933 421 1256 698 808 86 1762 1702 304 993 1141 383 627 1367 459 1427 1751 1590 375 393 1437 1814 57 1092 1684 1350 342 1594 1761 693 1537 308 500 675 1016 1934 677 234 1598 768 1833 236 520 81 1250 1674 1613 703 468 673 82 204 55 1542 1686 470 1453 1924 900 427 926 827 1940 1840 46 1736 1004 858 771 460 1216 253 1938 527 1752 862 1801 1773 1420 1706 1486 899 1365 1032 585 75 1087 410 1717 15 1946 1155 128 1516 1239 776 1783 19 212 1464 354 16 1454 519 1576 425 546 159 1283 109 873 749 53 1163 279 1875 1909 1828 1359 1541 616 1041 1720 1246 1759 1729 1455 1676 838 944 397 1194 1799 1351 1380 1726 1983 1300 823 1410 1643 628 1495 715 1985 475 1356 976 446 483 1820 1844 1556 1912 1436 1107 20 233 572 94 13 88 600 1360 1836 137 
minDistance: 4.8521
cost: 245891
capacity: 199184
time: 58914
maxTime: 60000
LS1: 31125/32635
LS2: 881/1510
LS3: 0/0
shakeIters: 612
shakeLoops: 56
