4.30903:1026 4.39525:1361 4.45979:1699 4.51647:1827 4.53373:2019 4.61185:2170 4.62568:2236 4.63173:2362 4.64202:2470 4.64679:2543 4.65022:2606 4.6671:2954 4.73343:3113 4.7521:3263 4.75215:3675 4.76519:5270 4.77729:7476 4.79412:7537 4.80076:9123 4.80445:10522 4.81378:10612 4.81451:13071 4.81659:13125 4.81877:28865 4.8201:32582 4.84227:34642 4.85522:35534 4.88442:48176 4.91013:48251 
960 1089 429 1462 729 380 254 378 441 1479 1008 543 920 985 1548 819 384 75 1590 1367 1368 1933 137 1149 1836 1761 641 916 46 762 1029 1784 1682 1862 1374 669 821 705 895 1914 1463 1816 1565 626 1092 1031 1107 1302 519 1876 389 23 1328 1541 440 667 1583 1917 1030 1342 1980 1499 1745 1437 808 1552 283 1120 653 431 1683 953 534 1833 961 277 1924 1305 1371 234 1996 1915 206 1556 849 94 1782 664 826 1516 577 1376 904 816 1759 1041 1150 944 1420 1979 475 1002 68 828 1413 1685 1842 504 1994 1536 1071 439 310 642 1407 1815 1356 1576 198 289 57 406 1180 1442 1598 80 1505 1486 506 1084 1772 71 1416 266 1058 1589 539 84 459 1427 1496 1659 988 973 1097 425 456 1221 1261 303 487 848 1835 1783 410 187 1720 1680 527 1399 1127 19 427 842 1702 1087 847 858 1154 1501 126 192 161 300 834 1256 480 1726 48 304 1412 53 1274 468 1791 1339 546 15 1575 1234 253 1306 446 873 1623 1065 341 1144 857 509 92 1409 1454 1573 375 447 35 1544 1216 421 1857 184 1674 414 1056 655 1160 1939 593 976 1351 1090 86 1972 1762 74 1801 1934 1023 279 782 1584 1729 1461 917 563 1594 354 1664 817 671 1357 1142 60 600 684 652 1446 1314 1799 778 1492 1943 1380 160 520 1436 989 1359 470 115 1542 33 1401 117 322 
minDistance: 4.91013
cost: 240121
capacity: 199159
time: 48251
maxTime: 60000
LS1: 35925/37262
LS2: 550/1337
LS3: 0/0
shakeIters: 758
shakeLoops: 73
