4.39525:1283 4.40197:1364 4.50205:1622 4.51284:1710 4.51647:2413 4.52414:2588 4.55328:2702 4.61976:3599 4.62568:3715 4.6261:3866 4.63173:4281 4.65911:6076 4.7521:6523 4.75433:7197 4.75651:7369 4.76519:7530 4.77358:9619 4.79412:9679 4.81659:13845 4.8201:35933 4.83476:39878 4.85522:40653 4.85794:58251 
1727 475 86 1825 429 1556 1318 1791 1985 1761 988 1996 1015 375 1566 1782 1954 247 425 1502 74 470 1575 1014 1980 279 450 1194 626 1643 555 932 1573 1710 476 935 1689 1463 1810 964 123 950 1862 88 709 1583 501 421 172 1712 1410 1972 1513 198 585 1933 1759 1199 379 1938 406 653 502 1842 862 1368 1683 1680 808 806 210 684 1442 1438 254 1798 1056 456 665 1451 500 1686 828 872 392 1576 1090 272 464 28 1427 865 829 23 875 266 529 1401 527 1565 82 68 1371 944 1223 414 108 976 285 1376 252 411 546 1836 867 1190 1875 46 1656 212 637 649 1191 204 1003 1804 723 847 775 69 1542 488 1455 737 1717 1952 308 689 1647 53 128 1106 460 1352 312 1328 1357 1356 1256 117 436 904 1598 1501 1306 1495 1828 1988 458 1102 1271 1653 84 1342 443 1204 1416 1840 1380 1835 234 838 1154 1454 1007 1374 969 1143 593 1087 1654 506 953 1464 78 314 782 1127 304 296 1437 354 1780 309 1092 1359 1457 772 788 522 1521 1584 1590 1019 137 616 1571 960 1552 1142 1367 1466 642 115 441 1250 459 858 1815 1783 1209 720 519 604 184 1192 974 603 1994 110 383 1772 1726 196 1041 1762 1594 826 480 33 360 446 1436 1407 342 1002 1702 1681 94 989 1251 1541 253 1034 1674 1262 189 1613 1623 1008 1490 300 1645 816 
minDistance: 4.85794
cost: 242771
capacity: 199165
time: 58251
maxTime: 60000
LS1: 40178/41466
LS2: 393/1288
LS3: 0/0
shakeIters: 872
shakeLoops: 83
