4.18206:919 4.35862:1394 4.48421:1990 4.49932:2110 4.51615:2219 4.51647:2365 4.55969:2719 4.57318:2824 4.59141:2986 4.61185:4097 4.64202:4307 4.64488:4568 4.65246:5268 4.66163:5386 4.69138:5520 4.6999:5593 4.75651:5738 4.75841:5797 4.76519:6620 4.77198:8555 4.77358:9136 4.8162:10775 4.81659:12857 4.83138:29762 4.85403:30052 4.85522:31438 4.86612:41596 4.87491:45994 4.87611:53573 
212 653 788 84 309 1939 808 1759 1413 443 1342 884 1200 1752 1783 395 1437 1367 1985 429 354 1016 446 1926 1043 1144 1565 1507 1994 1263 1645 1875 1674 749 522 23 867 644 988 1365 1933 192 865 585 1106 83 807 1261 1042 480 1357 251 1972 86 137 1092 1438 126 1194 1842 254 1182 159 947 1416 1306 973 817 78 1791 858 944 1782 616 1078 1731 1019 1980 68 1429 82 1221 873 336 1414 114 206 243 1513 304 16 75 410 1120 1425 1917 1584 1583 74 1073 1544 1403 546 1835 115 468 1401 668 15 1420 1030 460 689 1566 960 727 1109 53 1255 164 1855 1817 1912 1990 652 1996 1464 737 1664 475 300 1552 1351 1576 1147 529 1251 1379 709 13 414 1336 1928 849 1966 642 1398 961 1658 589 654 1154 421 627 874 441 176 1896 519 1613 1446 639 136 1659 527 1961 1164 584 1814 953 58 111 253 509 976 1007 1461 1594 649 1727 658 1453 1623 1938 459 88 1818 1495 985 283 1541 1044 252 1761 1203 1142 1385 1399 1056 450 1729 1091 1762 1191 1371 1407 1589 500 826 694 1454 1662 1102 1256 1087 94 1171 1825 1335 1575 1455 1243 1305 776 110 1130 838 1935 1002 1328 695 198 857 1380 117 904 1801 1501 1816 1717 1614 234 427 1486 1114 1521 218 1359 1356 847 481 1229 1127 46 1248 1726 1051 180 1946 1803 1556 1542 1402 1415 
minDistance: 4.87611
cost: 243485
capacity: 199360
time: 53573
maxTime: 60000
LS1: 38002/39273
LS2: 384/1271
LS3: 0/0
shakeIters: 858
shakeLoops: 80
