4.33185:1244 4.40197:1541 4.44246:2023 4.45979:2183 4.49932:2523 4.51037:2617 4.53373:2772 4.55328:3271 4.55793:3352 4.62327:3921 4.65246:3984 4.655:4062 4.65503:4132 4.66163:4404 4.6688:5569 4.70677:5920 4.71135:5977 4.71431:6050 4.73904:6343 4.7521:7301 4.75433:7891 4.76991:8796 4.77358:9098 4.774:10384 4.78228:10438 4.79813:11230 4.81378:11345 4.81659:15730 4.81877:16478 4.8201:21075 4.83243:22570 4.84227:22722 4.8521:24062 4.85522:30837 
1882 1372 43 983 1357 756 88 1401 988 1328 1370 1040 478 1154 1972 1835 1131 1613 1454 1990 204 1407 369 358 109 1717 1935 500 1501 1320 234 1305 1763 253 932 1380 585 672 1221 1495 1089 1306 628 1623 1575 1251 60 1466 1840 1687 1453 1255 1664 128 1396 73 71 715 1994 1007 642 378 684 1351 1541 1875 19 1438 1648 1191 1686 916 885 1846 1803 867 392 1142 520 1654 665 1034 1124 728 314 1420 1423 768 1674 1552 1620 1702 1739 1190 300 446 1825 1833 1019 985 126 1894 1594 1330 459 984 252 55 211 600 1804 1324 1630 574 1437 1761 1356 441 1143 1178 1092 1856 178 1371 1996 1463 456 1815 1782 947 1819 935 1772 1720 248 1922 976 1791 1230 1177 1560 1523 1194 987 475 150 1590 78 1311 806 1705 1566 1031 490 849 1429 1862 1526 1217 192 519 450 1428 1339 1030 1150 1368 895 1783 1297 1565 1861 1431 371 1980 1457 1738 254 808 929 1041 829 973 772 633 626 1768 1379 1051 243 667 68 115 1726 219 879 425 1502 995 1164 1087 33 112 1629 1455 1976 23 172 1416 476 990 974 845 468 1513 873 1084 1473 82 1556 406 487 75 1415 529 616 1576 1205 1413 443 969 1234 926 114 1836 83 992 821 1248 1352 539 1283 247 485 782 1325 460 286 847 198 1256 421 1583 470 720 872 1163 1816 136 1298 964 290 1938 410 1942 1759 807 
minDistance: 4.85522
cost: 241280
capacity: 199219
time: 30837
maxTime: 60000
LS1: 36937/38262
LS2: 469/1325
LS3: 0/0
shakeIters: 822
shakeLoops: 77
