3.72546:312 4.22919:1267 4.33713:1575 4.44213:2033 4.49517:2344 4.5119:2511 4.51709:2909 4.51936:3048 4.53373:3327 4.53671:3749 4.55031:3959 4.59304:4784 4.61185:5048 4.65973:5203 4.66496:5442 4.67784:6496 4.68613:6730 4.73884:6872 4.73904:7072 4.76519:7211 4.77227:8026 4.77358:8606 4.81378:8781 4.81659:8840 4.83138:19172 4.85794:21717 4.8673:27403 4.87611:28191 4.87751:28324 4.87944:29093 4.88028:29784 4.91013:36251 4.91065:43598 
1221 904 1318 300 1840 117 1334 1106 20 819 1988 51 1664 1385 1229 57 33 985 1108 677 1922 712 1856 500 635 397 1114 1943 519 656 647 684 504 229 1376 695 941 233 1002 1620 1446 632 1485 1745 1692 1654 615 1207 532 987 1762 1127 94 1147 1896 816 849 1763 1217 13 1030 683 251 172 527 771 1759 1058 48 303 1042 214 1613 460 1120 1357 1980 447 254 1580 543 73 1939 46 480 1368 964 1219 152 1865 279 1248 423 1416 729 1486 1262 88 1274 1938 1710 721 867 1234 1427 1533 858 947 665 394 1502 1438 410 184 1662 369 1191 1194 1986 808 1328 596 973 266 1836 1329 1645 1656 709 1256 1423 652 1791 475 1233 1833 425 82 559 1370 1783 1582 583 534 234 1190 75 918 1124 1610 1401 1623 1107 1552 880 1155 68 1761 295 1876 782 1356 916 1972 1857 1080 1476 212 47 441 1542 1933 860 1213 1407 1835 1087 1912 1977 992 60 1886 380 1994 1729 95 204 1109 1720 137 1569 1537 649 253 976 1862 1601 737 86 953 1630 1453 1814 1402 1556 984 240 272 970 563 1917 1380 1371 1590 1216 1420 806 1959 639 470 801 1192 568 944 828 1437 1565 481 71 53 1653 896 897 1573 206 1413 15 1598 1985 1815 1501 1801 847 1726 247 1589 685 1828 322 873 160 627 354 1007 74 726 1681 1409 84 375 1674 616 667 1351 1507 
minDistance: 4.91065
cost: 244314
capacity: 199464
time: 43598
maxTime: 60000
LS1: 35072/36434
LS2: 535/1362
LS3: 0/0
shakeIters: 794
shakeLoops: 73
