4.30718:1071 4.45236:1289 4.45498:1596 4.45979:1750 4.50426:1999 4.51037:2094 4.51284:2629 4.52821:2852 4.53373:2970 4.56955:3229 4.59509:3313 4.6223:3447 4.65911:3741 4.68036:3908 4.72078:3985 4.75841:4127 4.76519:4834 4.77358:5507 4.80076:6063 4.80804:6361 4.81378:7073 4.8162:7243 4.81659:7297 4.81877:10398 4.8201:34510 4.832:36520 4.84227:36724 4.87944:42873 4.88442:44062 4.90491:49132 4.91065:50906 4.91167:51602 4.9146:57133 4.91877:57818 
1216 1856 1565 15 838 1759 574 300 1357 46 626 1356 1584 279 1727 1335 642 1598 1561 993 1793 1019 250 1255 1437 206 1194 849 1846 1828 987 1835 944 75 1726 583 1817 858 677 1922 1007 1508 1191 764 1645 475 1031 185 441 646 947 212 877 1091 941 53 1489 985 84 1058 1090 1380 1376 616 1479 1141 1147 459 1876 322 70 1554 175 1180 816 20 1087 82 695 865 1875 808 1124 672 137 1886 1583 1842 901 1221 1427 253 470 1475 1589 1377 254 247 1163 172 1648 68 196 904 801 395 1402 60 309 1334 615 1371 916 1833 1084 1229 117 1283 1702 1761 1836 862 1720 1582 1994 1359 371 1034 656 884 1705 1190 899 1178 1575 652 550 1980 160 1710 964 867 694 1654 953 1030 425 772 1130 450 1552 1801 456 1056 1149 1219 1495 502 1783 1576 534 1250 201 1544 1119 1358 431 1894 1089 1641 689 1127 727 1560 397 276 1623 794 1909 1537 1423 1429 627 100 532 94 1781 1938 773 1092 520 500 863 1917 1154 1453 1610 1043 73 873 988 1416 1407 1634 35 1114 251 654 88 204 1420 121 1040 1368 1207 1033 897 1143 1782 1802 211 698 1401 976 1717 673 383 709 119 1954 1972 388 973 880 1692 1839 1674 847 375 1675 1110 961 1778 1501 1410 312 900 1772 1983 1791 303 410 1107 683 335 1957 308 600 1305 314 159 753 1328 
minDistance: 4.91877
cost: 244673
capacity: 199174
time: 57818
maxTime: 60000
LS1: 39966/41294
LS2: 403/1328
LS3: 0/0
shakeIters: 891
shakeLoops: 84
