4.45979:1295 4.49903:1798 4.55328:2583 4.59509:2729 4.61185:2874 4.63173:2993 4.65022:3075 4.65246:3137 4.65266:4133 4.70532:5344 4.72884:6523 4.73904:7828 4.75433:7891 4.75908:9491 4.77358:11402 4.78228:18907 4.81165:22219 4.81451:22298 4.81659:22350 4.82474:33196 4.82822:33266 
450 1544 1746 817 653 807 1729 1306 1031 279 1606 1988 1019 1814 1972 1230 1643 1692 172 78 1219 94 1501 635 170 126 1461 488 508 1762 778 1590 1674 74 802 838 1190 1401 1213 289 304 1648 585 480 1799 1030 470 589 614 128 1902 1583 478 250 1689 1682 1875 1427 1791 1283 298 1130 1402 1929 15 1356 884 133 1451 447 788 277 35 60 1664 1367 95 1961 23 55 1073 1420 432 1438 1994 460 755 1359 1507 421 1398 1160 1380 492 1702 1573 187 756 322 446 1163 1256 379 1720 1796 1683 1706 826 525 1313 1263 441 599 394 1943 546 1565 808 1493 97 1423 1837 1705 1143 543 1262 1807 1882 684 1934 1759 1691 68 1191 1857 1570 1745 414 1154 1192 1496 1653 33 621 849 346 178 483 869 392 169 395 982 655 944 1840 20 1855 251 1058 539 1946 689 1072 1041 1092 236 1656 1009 1783 1205 152 1376 1239 644 1492 983 616 475 1835 1110 1933 828 1455 1151 19 1087 88 1351 641 457 1002 1127 1959 1437 1357 867 1454 863 509 84 1015 1815 303 671 1552 443 667 393 1761 1810 1274 176 1990 1365 1150 1164 300 1662 1985 115 253 917 180 847 185 904 985 1717 741 676 227 1387 1623 412 1594 1506 46 500 559 1667 1407 527 1183 520 1119 1535 184 554 1144 1923 100 600 1033 1368 192 1178 468 86 1278 1954 423 964 1575 875 1371 960 1782 1410 627 1977 1817 
minDistance: 4.82822
cost: 243120
capacity: 199157
time: 33266
maxTime: 60000
LS1: 36831/38296
LS2: 705/1465
LS3: 0/0
shakeIters: 739
shakeLoops: 70
