4.45979:1511 4.50489:1782 4.56721:2150 4.5932:2572 4.59509:2659 4.60836:3829 4.6144:4675 4.64202:4754 4.65246:6796 4.71431:7971 4.72078:8318 4.74862:9791 4.75841:10278 4.75908:14041 4.81877:14436 4.82195:16549 4.82232:17217 4.82822:21320 4.84227:24552 4.85794:38896 4.86267:38957 4.87353:39071 4.87611:45482 4.87944:48877 4.9064:51779 
964 184 642 1017 1576 1994 849 1191 1182 1200 525 1594 1680 1334 59 443 976 1894 359 94 88 1579 1463 1541 1164 1302 254 503 253 1190 1825 441 1542 309 1376 371 794 984 515 1007 297 1689 1610 1092 694 1569 192 436 1743 459 1041 808 1495 583 1352 1801 1019 698 1051 873 1972 1416 923 689 1215 1016 234 677 159 476 1140 1429 762 1646 645 727 1262 1351 807 74 1461 395 1098 1121 248 990 1399 867 502 756 1606 333 1933 15 1936 520 1662 1835 1057 956 757 712 1028 695 408 1043 456 250 806 1364 1675 243 1127 1980 917 709 317 290 276 1870 574 342 1455 598 1305 1562 1810 383 872 600 1623 519 532 475 1178 1427 1943 1180 1030 498 983 206 1645 1582 60 77 1552 1401 460 341 1163 1454 374 653 1089 1565 800 1878 1084 1102 771 304 1486 1446 1509 772 1746 720 1492 1501 82 1357 1799 1683 1413 1626 782 1875 829 1666 1250 1561 723 378 53 1154 1575 1692 194 529 1706 126 251 1006 1031 247 1356 1479 1056 1564 277 828 1436 227 1761 1674 1659 1371 1833 1380 1816 1407 1261 322 916 19 1370 1880 1120 1087 1374 1002 172 133 421 665 1125 741 1466 627 1682 1844 232 115 1856 1502 1402 961 506 1583 73 1584 1966 734 1762 1184 314 847 973 1720 940 1727 963 1654 1073 58 429 354 1368 431 204 300 563 303 1335 
minDistance: 4.9064
cost: 242832
capacity: 199272
time: 51779
maxTime: 60000
LS1: 36522/37867
LS2: 517/1345
LS3: 0/0
shakeIters: 803
shakeLoops: 76
