4.22919:1032 4.24025:1108 4.30903:1308 4.33713:1434 4.44271:1828 4.53373:2104 4.53671:2195 4.64144:3622 4.65503:3714 4.66163:3912 4.68613:4552 4.70875:5032 4.72884:5124 4.74862:5397 4.7521:5996 4.75841:6057 4.78849:7094 4.81165:9682 4.81378:10364 4.81877:12193 4.82232:12638 4.83261:14268 4.83476:21279 4.85522:21444 4.86612:30076 4.8673:33305 4.87353:33409 4.87611:33533 4.87944:33722 4.88442:43961 4.8866:49401 4.88979:52428 4.89524:53093 4.8954:53264 4.90491:59506 
380 988 842 1370 1681 504 266 168 1706 253 1961 642 35 709 74 1501 371 160 1917 446 867 1589 727 1668 1213 254 1142 873 1972 1087 1626 1032 397 1772 802 374 604 698 654 252 184 652 1359 1368 1761 234 1216 185 1221 342 616 172 1420 1416 214 858 1383 19 1454 1423 1427 206 247 450 1040 1985 159 421 626 410 1560 1305 491 198 1685 1399 378 1653 1143 1657 1815 712 1720 1875 1801 953 1124 1552 1759 1836 1835 1729 1542 1229 985 1495 653 1356 459 1385 279 1063 944 92 1702 1781 899 1102 519 1461 233 272 375 441 470 1453 137 1492 1398 1682 1335 94 109 13 1935 1782 314 1959 1544 1994 1106 68 1092 987 1839 901 1475 847 1119 1455 904 46 1683 1031 1726 1584 1351 262 1496 1407 527 667 534 1796 778 1680 1058 1367 86 808 1091 960 158 1277 1002 963 1328 1594 1728 1325 1710 1199 849 82 989 973 1149 503 585 383 1437 1556 84 1648 1030 88 812 1980 641 1214 984 310 1255 1007 1933 794 300 1783 715 1623 1731 1256 1034 1144 303 1409 1278 665 1576 1154 1748 1376 1451 1051 926 976 1219 128 877 1915 1164 1803 1428 1084 916 152 773 1954 1662 1600 406 1852 1190 1380 1127 1565 248 317 1023 1922 1357 389 1180 583 964 1717 20 1876 1178 1516 1273 1575 788 1943 633 
minDistance: 4.90491
cost: 239659
capacity: 199165
time: 59506
maxTime: 60000
LS1: 37097/38428
LS2: 405/1331
LS3: 0/0
shakeIters: 891
shakeLoops: 83
