4.20073:984 4.3082:1431 4.31733:1557 4.42615:2004 4.45241:2451 4.61152:2638 4.62002:2855 4.65779:4509 4.71453:4785 4.73435:5355 4.75424:5573 4.7651:6156 4.78432:6606 4.78447:6688 4.7971:8302 4.79952:8370 4.82568:8747 4.8461:15143 4.85234:15411 4.85631:17787 4.86155:28338 
1799 1881 1985 41 1446 303 1508 1192 1359 1850 574 1801 1732 468 1217 1588 1933 1250 209 1003 1479 1833 1737 1909 1634 1044 1540 821 643 261 514 1147 685 1662 1302 664 1788 1073 931 1176 1043 126 1314 1256 824 1059 1223 69 1448 778 1019 202 672 226 1130 1011 1908 1244 1398 375 801 668 1010 1761 1179 1876 1856 673 596 1385 619 1596 1996 693 478 455 1357 1659 123 1191 1623 907 1318 1738 1828 396 389 1541 1040 1391 1582 737 117 1371 130 254 1936 1626 453 1698 358 1226 1293 170 104 1367 705 458 576 1042 1486 665 1780 1071 982 614 1569 1468 1657 1786 482 1372 1864 873 16 1655 1825 1749 1598 1791 212 137 895 1912 1078 340 1334 558 1461 1570 322 1566 1779 715 499 1455 1728 1783 790 1834 441 694 1544 1335 828 1051 616 1012 1380 1507 874 803 1645 795 74 1002 1023 527 384 491 920 1892 210 1806 1576 1410 1968 1735 1716 1106 174 1903 1943 1827 95 908 223 23 247 1390 1450 1814 1575 1860 1414 1233 1990 218 1835 502 556 211 1978 1027 936 437 913 421 1955 259 285 900 1131 1742 470 562 844 1703 889 531 483 639 1351 270 411 1342 1121 620 782 1216 1157 31 114 1710 684 1535 626 1629 916 1980 1171 924 1397 829 1247 637 1567 513 734 1190 845 1796 1053 529 1463 586 897 842 1242 445 1200 1668 1917 1739 1374 464 771 498 
minDistance: 4.86155
cost: 243304
capacity: 199230
time: 28338
maxTime: 60000
LS1: 37204/38519
LS2: 509/1315
LS3: 0/0
shakeIters: 785
shakeLoops: 73
