3.7906:378 4.23925:1075 4.29171:1317 4.37175:1651 4.4888:2145 4.59623:2464 4.61152:2726 4.62129:2873 4.64796:3458 4.66557:5907 4.69499:5996 4.72332:7031 4.73435:7105 4.7651:10897 4.7656:11470 4.77104:11538 4.80307:13024 4.80553:13752 4.80892:14229 4.8173:14461 4.82024:14745 4.82568:14798 4.84208:15694 4.84798:17523 4.86155:18557 4.87567:24564 4.87922:25021 4.88108:25849 4.88988:26209 4.89714:26395 4.90426:27468 4.92046:32777 4.9326:33643 4.93363:33818 
1815 1565 574 1644 36 518 1801 807 1059 690 1448 619 1014 1397 1267 1365 31 875 321 1988 1335 1467 81 961 1544 689 218 1773 1933 665 1247 1029 1798 1009 1629 114 468 527 1151 844 902 1971 715 838 561 65 360 435 1147 572 322 374 1258 886 234 441 778 1380 379 677 62 1121 445 1040 1043 1710 1034 1680 2000 1010 879 573 1144 1545 784 1464 212 284 1739 1073 1263 1505 1057 68 73 1673 28 1814 115 1455 1655 1645 1854 673 672 1559 126 829 262 1216 1056 1304 908 1090 964 176 83 1334 1737 1833 1011 1521 247 1990 1872 223 1703 1834 252 1985 1309 1344 1846 1131 1182 1211 880 1657 693 596 300 1761 1983 1037 292 1839 1407 724 1560 331 1012 1351 1143 782 1055 646 1661 211 1541 1538 1825 1003 58 1371 1582 1598 458 897 1087 1566 421 123 1556 304 1611 626 1342 1019 1917 1791 1438 1996 643 1356 1190 1928 298 1300 1975 790 1653 303 863 1291 702 535 1223 1200 556 335 1271 1226 1716 1391 100 1659 69 358 411 1542 1485 1828 586 1856 281 851 1909 209 936 1626 1274 1250 110 1575 1385 1756 54 1479 720 440 1881 491 992 734 204 842 1943 935 1779 1024 236 1654 576 903 1510 266 737 1666 133 503 1446 1387 1652 128 1297 845 121 727 1803 1067 1314 108 122 483 1569 821 1173 1980 704 137 1256 684 450 1955 
minDistance: 4.93363
cost: 242423
capacity: 199399
time: 33818
maxTime: 60000
LS1: 35396/36746
LS2: 528/1350
LS3: 0/0
shakeIters: 788
shakeLoops: 72
