4.14239:926 4.44372:1523 4.46836:1643 4.59:2150 4.59623:2993 4.61152:5032 4.62002:5318 4.6392:5693 4.67177:5892 4.71639:6621 4.71893:6694 4.75812:7161 4.78432:7229 4.78447:7393 4.79242:8063 4.7971:8179 4.79767:9017 4.80307:9538 4.81207:9597 4.81617:9658 4.82568:9712 4.85631:10490 4.86155:15910 4.86655:21026 4.87567:21733 4.90426:22442 4.92046:22523 4.93641:23297 4.94204:25921 4.95282:29978 4.97019:30048 4.9912:32556 5.01617:34437 5.01905:37085 5.02302:50756 
1507 223 837 1796 672 1994 1233 1732 1535 1200 646 133 1662 1773 389 1840 1368 1737 1538 1385 1059 292 204 1582 112 1221 561 1876 1011 261 1380 380 1027 1454 576 441 875 1211 421 68 1446 1541 527 689 456 1645 574 304 1521 766 619 80 1226 1034 800 491 879 234 844 1829 1116 1666 1410 185 1267 300 228 794 573 645 1191 1833 309 272 1314 1379 1917 1391 142 82 374 152 137 1142 1438 1575 586 2000 476 1367 1464 1369 1928 1834 1330 626 1230 468 503 1315 897 1125 652 1078 1071 1255 1598 1988 450 1655 1783 1556 1565 1727 401 726 1358 1710 253 1955 236 1002 193 572 1130 1909 936 211 1943 1455 845 1344 1058 488 209 1351 778 929 749 1263 535 1878 1250 1190 119 643 281 1397 1334 784 1983 1169 122 1825 1728 115 128 724 58 1407 1698 1387 1971 647 1972 987 808 117 284 1121 65 295 1559 518 782 406 704 1739 31 1353 1544 1996 829 790 1471 880 870 990 1003 1493 767 1127 81 1594 1761 986 1881 499 596 69 1814 720 1985 1275 1801 1856 1356 1980 176 1057 1350 1012 1803 114 178 1569 1700 238 247 1143 1087 108 1335 1816 938 434 155 1030 1653 1090 1875 1426 904 1056 1828 1657 1304 1933 371 73 1560 1573 1501 1678 83 775 664 873 1300 1144 795 1342 715 
minDistance: 5.02302
cost: 246639
capacity: 199184
time: 50756
maxTime: 60000
LS1: 36210/37550
LS2: 393/1340
LS3: 0/0
shakeIters: 912
shakeLoops: 86
