4.02648:760 4.3441:1168 4.49074:1676 4.53445:1876 4.55235:2154 4.57218:2217 4.57284:2280 4.59594:2642 4.6392:3558 4.674:5443 4.72638:5646 4.72775:7588 4.73435:10432 4.75812:10487 4.75871:11327 4.7619:11396 4.78447:12283 4.79242:13108 4.79674:14588 4.80039:14765 4.80307:15614 4.80892:17301 4.81617:17381 4.82568:18962 4.8456:19517 4.8461:19574 4.84742:26209 4.85525:26427 4.85631:28820 
1191 1553 1094 563 1154 193 1130 519 1335 1393 1943 1121 693 718 421 104 1385 109 904 198 1407 1935 267 1730 74 1858 1383 1192 1975 825 778 1250 1187 340 1054 903 572 1365 715 1310 1273 1739 1875 1320 498 1114 1806 1816 1003 1493 1217 811 247 1761 1670 573 1559 1814 584 130 1194 285 385 886 680 1106 1011 704 705 663 1834 88 1058 1167 1828 845 495 1059 1367 1305 628 1771 1067 1706 659 834 737 766 1147 1598 1710 556 222 1302 226 152 1657 689 829 238 1535 1872 1803 450 1032 54 172 1839 1817 1456 1508 1380 1773 1709 1972 908 1556 1071 1804 1579 1461 72 262 1662 468 897 122 935 652 1544 771 304 626 1376 1371 1351 480 873 710 916 1623 1486 488 1127 1355 1248 1314 1917 1903 435 69 1233 254 1876 933 961 851 1856 646 379 1432 875 1569 75 1688 1605 1397 1645 561 1448 808 576 1955 1169 619 1214 219 384 175 445 389 1791 234 900 1686 210 303 1673 73 1666 1507 837 456 1726 1053 1125 1868 1334 1842 596 643 1142 499 586 531 137 279 1582 672 82 1274 112 1760 1087 1833 1570 401 1646 1720 1471 1990 1342 1391 165 673 1647 1359 209 1627 321 383 756 993 867 574 1801 1737 535 503 1358 1749 423 907 1230 272 114 1542 866 982 236 491 189 529 431 309 83 1446 950 1019 1628 1590 1827 1010 1919 1537 1567 801 1796 1143 1996 
minDistance: 4.85631
cost: 239725
capacity: 199260
time: 28820
maxTime: 60000
LS1: 35344/36627
LS2: 460/1283
LS3: 0/0
shakeIters: 794
shakeLoops: 74
