4.40884:1399 4.43288:1579 4.49431:1839 4.56441:2144 4.59912:2288 4.59916:2399 4.62002:2599 4.64939:2880 4.66702:3016 4.67473:3074 4.73435:3229 4.73967:4014 4.76297:4074 4.79242:4211 4.79589:4962 4.79674:5020 4.79952:5949 4.808:7429 4.80892:8260 4.8173:8313 4.82568:10045 4.83686:20302 4.8461:22972 4.84798:33126 4.87567:35735 4.885:35842 4.90426:38321 4.90477:38400 4.91169:38502 4.91235:40643 4.9352:58274 4.93641:58379 4.94254:58485 
519 475 737 1347 306 1391 1324 831 112 561 646 1881 1788 1044 133 886 1655 838 1108 814 659 1216 303 198 1359 1438 1835 1575 930 1263 1814 242 987 1912 1590 1828 1626 138 973 1672 1255 1716 1230 104 1365 931 1034 1012 727 1753 468 1737 425 1761 1537 95 122 485 1270 1562 1790 1645 292 535 615 879 335 261 1463 1273 1980 231 1541 203 1385 1829 1304 360 574 639 556 1582 1344 152 1244 689 445 1073 1390 1374 82 1990 1283 340 715 1849 1610 1854 1815 1839 778 137 1267 1380 115 1576 456 1183 1468 1801 1852 1565 1544 1720 1238 1667 1501 870 807 1833 1917 1455 1092 903 289 897 502 1369 1803 1387 616 1897 1147 726 518 1453 1179 236 1875 1509 829 304 204 179 860 281 483 1250 266 89 175 1754 1629 845 933 1334 1357 709 1666 1003 619 904 724 1190 1783 80 1356 1461 576 1376 1335 1397 1087 1479 1314 835 729 1011 1454 1143 498 1019 1200 936 1144 1928 431 1058 383 1040 834 1971 775 684 604 435 36 123 693 1367 297 1233 119 58 1702 1131 54 842 60 573 211 185 1121 238 1933 69 450 1728 626 1002 1623 1909 1191 1739 411 457 219 285 586 1223 1446 1443 1017 202 673 1297 1704 1464 1773 708 585 1823 1221 1846 825 1246 243 572 1414 672 1657 1996 247 982 1486 
minDistance: 4.94254
cost: 246326
capacity: 199232
time: 58485
maxTime: 60000
LS1: 37546/38859
LS2: 391/1313
LS3: 0/0
shakeIters: 889
shakeLoops: 85
