4.45903:1264 4.56481:1636 4.58269:2035 4.66315:2460 4.66644:2591 4.69017:2801 4.69275:2995 4.71873:3151 4.73435:3250 4.74229:3320 4.74757:3538 4.75812:4896 4.77436:6604 4.7768:6795 4.77862:6903 4.78447:7352 4.80039:7457 4.80307:7921 4.80892:9689 4.82013:9747 4.82255:13097 4.82568:13879 4.84798:19856 4.88381:20584 4.89369:21288 4.90804:22444 4.92046:26202 4.9326:53646 4.93363:54318 
1190 1833 1271 304 1996 1179 831 1573 1334 1461 81 1067 880 771 794 317 807 1933 879 1834 65 250 100 850 445 572 499 1409 1559 900 1144 541 1803 643 1400 1629 784 534 619 1342 1915 203 1407 1071 586 1661 1314 1058 457 441 1886 211 653 1698 936 776 1095 698 421 186 1909 1486 1380 1578 1121 1657 383 1513 1598 262 687 1059 923 806 380 1828 1959 1912 795 963 173 1424 1917 845 1200 309 1983 1829 126 782 1372 108 1131 749 1217 1391 1606 705 73 684 1791 596 450 778 1479 1980 1779 870 672 1226 202 1682 1010 247 122 60 1501 1856 152 303 297 1737 953 708 321 1057 1056 281 1538 1443 1365 1626 468 835 1767 665 873 1300 1012 1505 949 1250 1761 1154 829 1977 1367 938 1545 1078 1815 820 1739 1191 897 1304 1034 204 1385 1309 1814 1100 1143 119 1756 458 1783 121 339 80 1073 1223 1556 908 509 209 473 1003 1541 792 675 236 433 693 503 423 1666 801 1467 1053 1507 1773 175 411 1542 1988 715 500 1255 234 1585 476 573 1745 1854 1553 159 1014 1801 1183 1002 1397 616 1569 1985 266 112 1788 1582 1645 1351 535 1614 621 1414 821 1364 1446 1464 1399 1839 842 561 161 1333 322 205 1858 1680 1011 1579 517 1277 1230 88 1438 27 663 1667 690 1039 1544 114 514 69 1881 1654 1955 633 475 931 790 1861 1510 
minDistance: 4.93363
cost: 243883
capacity: 199170
time: 54318
maxTime: 60000
LS1: 36889/38203
LS2: 419/1314
LS3: 0/0
shakeIters: 866
shakeLoops: 80
