4.34943:971 4.50601:1463 4.51132:1568 4.51647:1668 4.52684:1738 4.55843:1863 4.5707:2123 4.61795:2316 4.64796:2607 4.66092:2722 4.66817:2829 4.67473:3288 4.70052:4387 4.71873:5087 4.73391:5165 4.74274:5245 4.74757:6038 4.7619:7024 4.7656:8481 4.79767:8926 4.80307:9636 4.81207:9807 4.8173:9999 4.82568:10065 4.86155:10181 4.86522:14092 4.87567:14253 4.91508:15446 4.92969:21373 4.93363:21449 4.9352:22851 4.96572:23168 4.97477:24442 4.98615:29509 4.9863:35844 4.99047:39192 4.99345:39829 5.01617:41168 
1342 1454 146 389 1990 108 1306 1432 17 112 1728 689 647 211 708 1852 1464 253 1761 303 152 1779 1073 175 193 561 504 1645 1726 784 1119 304 114 1059 1856 1833 1226 247 705 1526 1834 456 503 100 1796 794 535 1397 1391 1662 457 933 379 52 1584 1372 94 1917 1237 1996 54 1267 464 842 1915 931 383 30 1575 1502 586 1063 1108 1467 439 601 1304 411 1250 1230 1631 1816 497 1032 1688 873 468 1367 1739 204 1092 1803 1704 1560 297 250 483 1735 1365 1978 1659 923 450 1314 1151 1190 491 1810 936 1154 1579 825 1507 1123 1356 1387 69 1376 693 684 1940 1801 668 506 1468 1972 1455 865 659 1706 573 889 80 1437 1273 1596 489 1643 1034 1666 1438 1368 68 1114 1057 1143 1225 1056 1486 198 626 58 1121 1629 1909 1155 1912 1861 1003 1217 165 82 1839 281 1933 1703 596 431 65 1233 834 1493 963 375 778 1815 1429 1943 222 1875 1351 993 1790 616 1446 1221 749 814 1385 46 499 1191 126 576 219 879 435 1883 897 1334 509 1937 632 226 1130 1682 646 209 900 1058 1773 572 556 724 119 498 1010 1828 1749 1443 502 1255 1521 1469 604 1071 1023 664 1417 117 574 1380 845 1344 238 1846 1556 1756 1657 1829 123 1544 1667 203 1110 1720 234 1561 1147 800 1965 1907 1501 1570 529 1242 
minDistance: 5.01617
cost: 245750
capacity: 199170
time: 41168
maxTime: 60000
LS1: 37683/39044
LS2: 428/1361
LS3: 0/0
shakeIters: 895
shakeLoops: 84
