4.22056:1102 4.38299:1430 4.44372:1622 4.4832:1847 4.49913:2028 4.58027:2283 4.58268:2473 4.58871:2995 4.59594:3809 4.59623:3898 4.61982:5459 4.62002:5628 4.66467:5749 4.67177:5861 4.701:6120 4.74274:6879 4.77028:6975 4.77307:7054 4.79242:7230 4.79589:7702 4.80892:7760 4.81032:7819 4.81617:9894 4.82568:9949 4.8458:10870 4.84617:14198 4.87567:15507 4.88381:15816 4.885:17154 4.90426:34117 4.93363:37864 4.93641:38496 
1667 900 431 1127 211 1380 1003 1369 546 16 777 684 1318 821 1521 440 1147 1507 117 1912 1342 933 1002 437 708 1955 596 1562 226 1739 583 227 1037 502 505 483 1273 1335 528 1710 292 1030 439 1801 1230 1764 1917 614 1985 395 795 1455 1130 1645 1244 850 778 1034 285 264 304 284 1933 1334 709 1988 303 1654 441 1803 616 1229 683 1464 1391 929 1682 572 829 1834 339 1385 923 1217 109 212 561 1057 1371 1367 81 1542 36 1359 1983 972 782 1702 897 457 28 574 1242 384 445 1071 1174 421 104 1468 1397 877 1680 1928 491 1666 1277 464 58 1372 1221 468 425 673 1509 1183 1828 1570 931 794 525 1398 807 1190 775 817 1012 458 904 1479 715 675 1151 601 1839 938 1090 737 586 1571 704 659 336 1814 1154 1073 1582 1351 1320 1472 114 724 1796 219 115 123 252 396 1784 1443 1300 842 1271 82 499 1833 1829 1255 647 1131 1023 558 1106 1011 1779 1344 1816 865 1179 1773 845 1250 1788 1291 932 556 1629 1737 68 1407 1541 936 321 1121 645 80 185 379 866 944 619 298 1575 519 411 1881 1226 1476 690 1058 1594 626 309 985 1173 1685 248 281 1191 1579 475 383 1238 1569 1761 689 236 884 535 198 987 974 888 693 643 480 1297 1056 1972 573 705 1544 389 1014 1270 1087 766 1314 880 738 
minDistance: 4.93641
cost: 245031
capacity: 199155
time: 38496
maxTime: 60000
LS1: 37741/39047
LS2: 353/1306
LS3: 0/0
shakeIters: 921
shakeLoops: 88
