4.19522:1144 4.3441:1512 4.40425:2091 4.40956:2177 4.44804:2464 4.48792:2610 4.51132:3002 4.57218:3336 4.57226:3547 4.64306:4684 4.64796:5257 4.66722:5322 4.69275:5461 4.69499:7189 4.69858:10516 4.7066:11335 4.71168:11455 4.72638:11573 4.73489:11630 4.77862:13207 4.80307:18983 4.81207:22429 4.81617:26928 4.82255:28851 4.82568:30789 4.87567:33867 4.87755:38338 4.90353:39393 4.90804:43871 4.92046:51384 4.93363:54987 
1985 1446 481 897 1065 1034 1657 963 1661 938 119 231 1801 446 1829 202 553 1095 491 932 775 1393 1611 1541 1032 1464 584 931 870 1598 176 616 50 1814 1379 485 111 504 1391 1834 303 796 715 23 1785 219 488 443 46 1493 1059 778 1909 1182 292 1940 1561 1971 558 1365 69 936 285 1019 621 117 1767 304 1359 440 576 1344 626 573 1283 1191 502 1273 838 684 1003 1073 1710 954 1242 1291 1267 1933 456 203 483 222 784 1544 1579 445 434 88 1666 1121 80 1990 198 1275 1996 1304 333 1761 266 1131 535 660 165 1626 500 1221 310 1988 1342 1057 724 1645 755 643 556 309 1803 1271 175 807 1490 100 1010 389 1706 114 115 1335 1247 1878 1351 112 204 647 234 596 1432 1582 1542 572 1745 1575 1485 1125 619 829 1423 1680 1397 904 1737 374 450 1367 837 1732 875 1739 1897 272 81 646 808 517 1380 152 1255 1426 1569 1173 67 1749 1667 1816 726 1114 879 865 295 75 1147 1556 1058 1387 475 1427 1475 1143 1090 1230 1980 1797 68 880 1002 1459 1856 1650 383 421 604 749 1756 519 1875 1596 261 1407 529 627 1183 412 104 1400 1560 1461 1917 782 1860 780 1730 690 36 1012 1192 1779 1479 1056 252 1438 982 675 1334 1130 1014 1110 1922 168 990 1226 1468 693 1314 1078 503 1828 1501 1027 1565 371 964 
minDistance: 4.93363
cost: 242433
capacity: 199187
time: 54987
maxTime: 60000
LS1: 34404/35703
LS2: 485/1299
LS3: 0/0
shakeIters: 783
shakeLoops: 71
