4.12259:936 4.26305:1263 4.40956:1720 4.41333:2364 4.48098:2630 4.48662:2863 4.48792:2930 4.52139:3196 4.58871:3334 4.63544:3595 4.63736:3740 4.66092:4211 4.66315:4322 4.66557:4897 4.66722:7172 4.69275:8564 4.7619:9218 4.78432:9459 4.81131:10465 4.81207:14181 4.81617:15543 4.82568:17232 4.84596:20342 4.8461:20397 4.86155:20513 4.92046:21494 4.92918:24432 4.93363:32373 4.93934:33375 4.94581:33664 4.964:34385 4.9696:40745 4.98148:44131 4.98502:46077 4.98615:46133 4.99047:46788 4.9954:49222 
1881 161 1501 1773 1521 693 729 987 1545 1544 933 1114 886 1754 879 647 1174 1652 1368 1223 931 1353 1192 304 68 1486 266 502 214 1369 1190 1182 1803 81 1032 961 1645 604 1971 1053 561 261 137 1465 1014 1314 1017 1367 36 123 1244 972 227 1263 1801 431 478 1380 619 1856 782 58 1625 73 445 1786 776 1933 596 1058 1570 1084 175 65 1424 1815 1059 586 1943 936 1598 794 877 1917 1560 1579 69 458 1739 1355 1011 1626 990 944 749 1924 845 938 1839 1909 842 1779 483 1226 1710 114 932 1391 115 1158 653 1467 1407 1003 834 315 1749 1810 389 727 226 1356 829 897 1230 1333 1799 529 450 1200 112 1151 573 16 584 484 1010 574 1541 1461 95 1238 1454 1339 122 1737 1437 672 1761 1833 1743 1267 252 684 1657 685 126 1874 838 1553 383 509 963 322 1067 82 88 1834 1680 534 1912 1828 1090 1438 1127 1664 1365 204 1816 1446 539 1654 1858 222 1439 821 1946 1507 716 1565 807 1471 572 880 1328 253 1012 1179 1479 976 1980 1683 1559 1791 1121 1334 1056 209 1996 690 1108 778 423 1147 1131 300 213 1448 1575 1155 1459 238 715 1631 1666 1556 1002 1825 1293 374 421 411 247 1271 491 556 1397 1443 704 726 321 1376 1191 1148 1057 535 954 306 1464 1270 1073 1629 1513 1764 152 1426 1841 1990 
minDistance: 4.9954
cost: 245099
capacity: 199218
time: 49222
maxTime: 60000
LS1: 35145/36508
LS2: 463/1363
LS3: 0/0
shakeIters: 863
shakeLoops: 80
