4.14171:841 4.37867:1229 4.49431:1525 4.55235:1673 4.59163:2067 4.59258:2141 4.59594:2487 4.66557:2690 4.69017:3269 4.69275:6268 4.69499:6992 4.73435:7228 4.75424:7346 4.75812:7404 4.77104:10142 4.77244:11224 4.77307:11343 4.79242:12250 4.79499:13227 4.79674:13575 4.79767:15130 4.80553:15910 4.81131:23078 4.82013:23315 4.82024:23602 4.82221:30467 4.83155:32082 4.8461:33463 4.84798:33563 4.85525:35512 4.91508:36289 4.9199:36376 4.92046:40596 4.92738:44321 4.92933:49837 
115 454 1277 1955 1655 96 1097 321 1507 886 904 1051 1147 1090 1486 437 68 1652 212 60 1953 82 262 1125 1394 1380 929 1356 775 1479 1071 675 1342 509 1876 1002 1416 1666 514 310 606 227 1493 1314 238 468 1465 1856 684 1801 1521 1756 737 175 866 211 990 1940 1397 272 1933 900 879 778 475 1582 708 137 1680 247 1385 1788 1443 1371 689 1365 1743 1192 1854 986 1143 1121 596 1216 1300 1790 579 931 653 1773 36 1267 1448 1368 983 1528 897 1943 525 1526 491 517 218 903 1657 1796 1542 1834 1710 1078 358 450 1739 1176 1464 1975 1772 311 1335 206 1579 961 83 664 1034 807 234 309 705 1370 492 531 303 1626 1391 1980 1544 1191 1358 1344 1194 441 1226 936 673 794 724 1667 1598 1875 1823 1217 1559 1917 715 122 1214 1250 69 58 1067 1541 1310 1569 203 1753 997 421 1909 1761 707 1513 1244 114 1846 295 104 1833 483 204 933 1455 1106 1334 464 29 1057 1012 1996 470 1575 837 1482 1735 1737 568 1003 1351 1815 1828 1144 672 1661 285 1350 1512 1131 236 1130 646 1010 261 1556 1283 1623 586 1839 152 519 119 487 1359 873 1446 1912 539 795 1073 1426 445 1315 920 561 845 1367 304 1565 619 1732 1407 1387 573 1645 556 1783 499 590 1059 209 503 1223 383 658 1704 1092 1468 95 1011 1454 1928 292 1816 297 
minDistance: 4.92933
cost: 242730
capacity: 199245
time: 49837
maxTime: 60000
LS1: 35921/37250
LS2: 460/1329
LS3: 0/0
shakeIters: 834
shakeLoops: 77
