4.36227:1248 4.41333:1412 4.50601:1768 4.61982:2087 4.62002:2369 4.65285:3162 4.65322:3275 4.66989:3345 4.701:3653 4.70833:7736 4.71077:7820 4.73489:7885 4.74894:8979 4.75424:9726 4.75812:14816 4.7971:14972 4.80553:15056 4.82568:16310 4.87248:19756 4.87567:19837 4.88474:20540 4.90145:21375 4.90426:22007 4.92046:23148 4.9228:30272 4.93363:33526 4.93641:46286 4.94003:49935 4.95431:57617 4.968:59197 
535 1183 851 1664 1426 933 1108 1417 1878 1255 82 1359 1192 1840 1579 1883 659 1330 73 203 69 1358 155 1019 1190 1829 873 488 1803 821 117 339 1369 1250 1127 1544 304 122 509 1456 742 1542 1053 1211 295 1437 643 673 185 1084 875 498 1003 715 1509 1385 1645 491 584 209 1263 1121 350 1909 689 1244 1023 1291 1130 1087 1980 1446 1940 586 1983 165 1629 690 1461 1688 1073 1935 1567 1371 1078 1267 435 1647 1476 972 1380 1556 1314 1507 440 1042 1917 80 218 81 1773 1538 100 1598 1398 766 403 1816 152 1351 316 173 1334 1761 1594 199 825 1560 279 475 1200 1273 1737 114 1570 309 1886 634 596 1302 366 445 198 1427 1237 243 1271 1221 936 321 1191 222 1342 175 1333 907 619 226 212 1834 1455 1739 1335 626 1397 1738 1032 880 1147 903 1344 737 1223 771 1801 383 458 687 790 726 248 234 1481 1391 1355 1702 1090 1014 389 1680 845 1056 1502 1996 262 247 1034 358 411 895 204 879 1860 775 54 684 1226 904 614 1454 89 931 1666 1029 1720 778 1521 897 1897 709 68 1154 421 189 176 704 1796 1585 423 65 519 1169 991 1839 539 990 123 1825 1057 929 1828 219 807 1858 1667 1657 1955 58 456 695 829 468 574 1143 1367 572 1972 842 1407 503 1971 1985 1487 1443 923 499 108 
minDistance: 4.968
cost: 242387
capacity: 199294
time: 59197
maxTime: 60000
LS1: 35818/37141
LS2: 469/1323
LS3: 0/0
shakeIters: 824
shakeLoops: 78
