4.3441:1167 4.34943:1267 4.40956:1578 4.48792:1921 4.50165:2128 4.50601:2357 4.55843:2682 4.56893:2930 4.57114:3048 4.63736:3911 4.66557:4049 4.66817:6899 4.674:7459 4.72638:7828 4.72775:8495 4.74894:10117 4.7619:10220 4.77862:11201 4.7971:12110 4.79952:17052 4.8461:17223 4.84617:18728 4.86155:24744 4.86655:36003 4.87426:36162 4.87567:36213 4.90426:36901 4.91508:42202 
304 104 1761 470 596 198 1461 204 340 259 1541 1267 561 300 1590 1019 684 873 1358 1086 176 689 705 738 1059 115 1883 1710 1446 1803 499 1369 1816 1376 1273 907 1645 1056 1901 933 1255 1709 309 137 1839 1650 1333 1737 1854 1501 908 1852 440 1735 1779 172 1356 675 1244 729 1179 904 652 1886 67 1108 1391 1359 1367 484 374 1562 491 272 1194 1814 1310 1575 1176 1008 1438 1144 1454 1334 58 558 1351 556 897 619 1448 1544 793 80 845 445 708 1972 154 1078 1990 519 211 264 1823 639 1063 285 250 1437 1909 626 1828 1955 168 1223 573 396 1666 1342 358 835 514 1953 1011 319 503 1452 1917 1878 1749 1856 1971 28 88 1978 529 450 1147 1182 727 1357 77 114 663 910 69 1217 1330 247 953 1109 1314 1542 52 1875 243 502 1151 647 715 1364 1801 1629 458 574 284 1010 1072 879 456 1250 1479 1858 790 1191 1275 693 152 1053 1579 1791 112 238 1143 1788 1034 1834 143 1610 383 425 823 1817 795 782 1464 1804 1082 1032 1833 1073 1092 435 1773 1912 1863 468 219 1933 1835 202 1468 1655 1796 1192 1121 1003 369 1397 1407 1002 616 842 1263 117 579 1233 572 109 1996 421 100 1242 778 704 1980 641 483 1283 722 1672 231 1380 1594 1739 1825 485 234 1130 1983 954 1535 1390 1556 498 82 
minDistance: 4.91508
cost: 246098
capacity: 199190
time: 42202
maxTime: 60000
LS1: 35876/37230
LS2: 461/1354
LS3: 0/0
shakeIters: 865
shakeLoops: 81
