4.3441:1403 4.34943:1583 4.38245:1877 4.3889:1973 4.45621:2171 4.48895:2280 4.52629:2540 4.55843:2820 4.56481:3631 4.57183:5703 4.59623:5883 4.62002:6174 4.63544:6355 4.63555:6439 4.64306:6784 4.65139:6881 4.66092:7122 4.66989:7182 4.674:7339 4.74229:7594 4.74274:7712 4.77172:7786 4.79952:7907 4.80307:10433 4.80489:17016 4.82255:21833 4.82568:25460 4.82676:28602 4.8461:29165 4.84798:35280 4.85135:37475 4.87922:38729 4.885:45837 
1655 1509 44 1267 175 1127 1250 1371 1056 1846 1342 784 1875 74 1815 604 1073 916 1940 1427 1356 1479 1570 1347 73 1334 690 1244 1130 1121 808 421 1154 1773 1886 252 616 1438 67 314 122 672 1464 572 69 68 281 1372 1909 1777 468 1682 1803 576 1034 1084 226 137 838 875 298 825 1335 117 502 1365 900 445 1556 1350 709 1359 617 1273 664 1801 1216 1996 639 1211 1726 771 54 238 284 1463 1720 152 1541 412 1605 677 1565 561 202 1486 1576 556 954 1255 198 713 498 1657 1922 450 519 435 1662 1560 483 464 596 834 1933 1650 114 1839 1670 673 794 1672 737 1110 637 1469 1397 1881 866 729 1191 1645 652 1779 1625 778 478 1678 627 629 1686 1316 1654 193 1791 584 1575 1752 619 1078 253 1598 1448 1446 1761 457 1358 965 1876 1737 964 174 88 423 383 1254 1226 1195 1367 1213 1304 1461 286 1003 1277 1569 110 1233 358 272 1629 1728 1380 1087 657 704 1217 340 1544 1143 1703 1369 36 793 775 659 1653 321 842 1816 1314 1044 100 1739 80 865 369 212 219 689 384 1834 1053 1374 845 1852 1666 1404 630 936 491 1667 904 1002 389 1310 935 1928 880 1012 104 1828 933 266 1182 14 1351 304 1804 829 218 705 374 1582 1114 1330 626 684 766 573 1391 115 1507 574 1710 1626 1535 178 285 1529 1376 1856 897 475 470 
minDistance: 4.885
cost: 245431
capacity: 199195
time: 45837
maxTime: 60000
LS1: 36047/37384
LS2: 502/1337
LS3: 0/0
shakeIters: 802
shakeLoops: 75
