3.848:576 4.3082:1368 4.37184:1666 4.38396:1734 4.48792:2167 4.55843:2839 4.56481:2925 4.62002:3077 4.66575:3315 4.66702:3510 4.78447:5149 4.79242:6378 4.79541:6453 4.82255:6678 4.82974:7298 4.90426:7552 4.91123:7730 4.91235:9730 4.93641:12803 4.94254:14071 4.968:14125 4.99345:17213 4.9954:21250 5.01617:28918 5.01905:36110 5.04321:49576 
499 1556 211 1779 488 165 904 123 303 69 1087 790 1728 1666 1353 715 1544 117 304 1011 672 1273 450 574 1856 1242 1179 1437 1710 198 509 1397 1626 586 1333 705 1344 1244 82 503 309 1858 204 1790 423 1039 456 206 295 646 1237 1682 222 1479 1935 1359 1580 1360 1903 1767 596 1143 1277 1579 441 961 817 1598 1078 897 1680 483 1471 987 829 1387 1226 389 1909 1773 1230 66 1983 1250 938 115 1454 801 1304 1071 1057 652 794 2000 687 297 684 563 1469 1829 1014 468 1761 253 880 778 932 285 379 1486 807 1200 994 1391 1727 689 383 870 572 901 1827 1940 1917 1121 1834 1422 247 1742 458 1424 1147 604 1283 1131 1334 1476 1996 1521 321 673 1629 1801 335 821 1833 795 1737 708 619 1191 1130 1607 756 519 529 234 1446 1803 1545 1100 1673 119 1796 231 1371 900 614 576 737 1749 1538 1694 1385 1012 1192 1059 490 643 1815 1912 262 1090 1839 1788 80 1034 1247 1271 421 879 411 936 1928 1933 212 1783 782 83 175 1154 1559 81 58 908 1596 842 433 1335 1380 1291 931 1455 1356 491 923 1756 114 185 1814 1342 1358 845 1739 209 690 1464 1400 219 1042 1314 1988 1468 1351 1657 1645 1217 1883 1816 1032 1056 535 1828 1698 152 1581 693 626 1305 675 1661 1003 1541 873 1053 475 
minDistance: 5.04321
cost: 245546
capacity: 199299
time: 49576
maxTime: 60000
LS1: 37944/39256
LS2: 364/1312
LS3: 0/0
shakeIters: 922
shakeLoops: 87
