4.40956:1408 4.48098:1643 4.54813:1871 4.55235:1992 4.55843:2055 4.60877:2256 4.62471:2665 4.65723:2912 4.66575:3357 4.66702:3436 4.69017:3511 4.70036:3597 4.74894:3767 4.75871:4075 4.7619:5226 4.78432:5518 4.79152:5644 4.80039:5859 4.80553:5918 4.81032:6013 4.86155:7584 4.90426:17414 4.91123:20573 4.91169:25975 4.91235:26299 4.92046:27040 4.93363:28032 4.9352:39762 4.94204:39833 4.96572:44960 5.01617:50392 5.01669:52166 5.01905:54833 
1058 1787 807 1358 1151 1059 1131 1082 1002 261 1928 1194 561 1014 626 267 1912 1834 1042 503 1914 1710 1980 1057 253 1034 1582 1333 1791 1443 117 782 1071 1732 954 775 112 1310 1761 1359 1180 1192 1510 1682 1803 82 401 1380 31 1485 1569 873 1917 44 1833 114 69 1344 820 672 879 1501 1886 1856 468 1191 475 574 1376 83 203 1056 586 1464 766 1507 845 1657 1304 821 659 115 161 1092 1334 596 795 1125 1988 784 1596 411 742 209 445 961 431 108 619 464 1073 1579 1661 936 1730 58 339 1416 1365 1839 262 1226 1271 1438 931 1468 1815 1940 380 897 749 1983 708 1230 123 1342 499 1314 1335 1277 904 900 1407 1786 211 1351 1144 119 1667 360 643 1645 1372 1689 1003 1542 693 1801 65 1426 1909 1788 1448 456 776 1090 1147 1955 1996 421 371 715 771 1680 122 185 88 81 1011 247 389 68 1994 1127 1391 379 996 724 525 1749 1816 1647 236 1828 432 80 137 1878 1010 204 518 1796 1545 176 1719 1012 992 234 1598 739 519 1756 866 1673 778 1814 837 1267 1397 202 1666 1356 1456 1541 576 709 1698 1143 1739 1130 987 476 1446 690 1179 1703 198 535 458 72 1943 540 938 446 100 509 152 1513 1556 923 1870 1250 491 1773 1570 383 1743 304 1368 1626 1121 450 529 175 441 1186 835 303 
minDistance: 5.01905
cost: 246341
capacity: 199314
time: 54833
maxTime: 60000
LS1: 33126/34517
LS2: 601/1391
LS3: 0/0
shakeIters: 757
shakeLoops: 72
