4.3441:1225 4.34943:1475 4.38396:1741 4.40956:2041 4.47431:2207 4.48662:2272 4.49074:2345 4.56481:2650 4.57284:3374 4.59337:3761 4.61152:3846 4.63736:3945 4.66315:4725 4.70036:5858 4.74757:9762 4.77307:12923 4.77862:13728 4.78432:15101 4.80307:29123 4.8173:31789 4.82197:32574 4.82568:32733 4.8461:34289 4.85631:43717 4.88639:44516 4.90078:52899 4.90477:53202 4.92046:53947 4.92933:54207 
202 1739 114 825 1834 576 1909 159 319 1994 1653 1034 1191 228 1544 1238 1217 1881 1053 261 1655 1971 621 720 929 771 1657 664 704 1067 639 1334 734 1529 1186 1058 1288 321 619 1127 1623 1468 1003 904 616 834 614 1634 1865 1801 1650 1250 672 1840 742 665 715 1856 1479 203 1703 1720 1788 406 87 1439 1667 1357 1426 1566 115 1391 1943 281 456 1464 1002 708 1344 1666 806 1223 1069 1645 1928 1461 514 778 1996 908 784 673 227 1535 1827 1050 814 374 1398 1815 1358 1267 380 1700 1314 1833 1453 137 459 653 304 1073 1355 475 647 1559 1796 1351 41 95 303 1486 574 295 1413 837 1365 1356 1823 954 1698 1912 122 411 798 339 1786 293 897 1828 1342 659 458 1929 1990 1226 1027 1029 1542 1367 695 1506 297 1985 1730 1626 756 1407 93 272 1706 1106 1304 1032 1343 1179 1084 800 1092 1319 1011 1507 1012 1816 1589 1154 829 88 705 1335 509 572 89 1211 133 1397 646 1305 886 468 464 112 1125 561 870 1541 211 1200 457 992 677 1803 1761 1797 80 838 1387 690 1417 1300 198 821 879 1876 31 1019 1078 69 1773 1988 1861 247 1783 1556 643 389 1442 1010 1585 1576 1662 68 1446 1190 1501 824 749 1108 1735 82 938 1270 1513 1176 1380 1933 1230 161 1540 204 1059 253 470 65 1221 379 178 1437 1143 128 1955 1598 1368 1324 
minDistance: 4.92933
cost: 239451
capacity: 199180
time: 54207
maxTime: 60000
LS1: 36233/37582
LS2: 518/1349
LS3: 0/0
shakeIters: 802
shakeLoops: 75
