4.41333:1337 4.43204:1428 4.51647:1823 4.58871:2037 4.59163:2316 4.6064:2831 4.6392:2911 4.64399:3127 4.66092:3623 4.66132:3885 4.75812:4304 4.7619:4397 4.79674:6055 4.80039:6212 4.80553:6390 4.80892:8245 4.82568:13420 4.82974:17936 4.84596:18059 4.8461:19409 4.84617:22916 4.85631:23016 4.86155:24516 4.87567:28872 4.88108:58894 
1097 284 247 993 165 1032 936 1380 203 1071 933 322 1233 576 423 1059 1130 503 1975 1030 67 458 175 1169 1933 1335 1737 218 1940 1374 493 1698 1623 1645 44 115 1801 1504 626 1686 897 775 1012 672 227 104 234 1657 1385 1102 771 1461 1814 406 1359 1472 1578 963 468 1092 1471 475 1250 1594 491 923 1125 262 137 807 715 193 1221 1673 1913 529 1464 870 470 285 558 1446 693 1816 709 1544 1761 1121 726 440 703 383 1736 1242 1367 519 445 261 1057 1753 202 281 795 1678 1384 1398 1791 801 806 749 961 1523 1397 900 1943 983 54 517 931 1465 1479 1843 58 1652 1703 204 1334 782 1730 1955 920 794 1027 1443 1825 556 777 1310 924 904 878 73 1827 1078 1728 1598 1735 1682 1200 1625 1575 1541 176 1442 1773 675 875 1529 1368 689 114 1314 753 1010 335 1779 1358 1972 1582 1073 211 1344 643 1423 1579 69 1432 1144 1003 412 1293 1501 1777 1416 1558 303 1590 1271 1351 321 1277 586 350 453 358 1162 1666 1191 1980 1391 1315 1756 304 1247 879 499 596 1749 646 389 873 673 1407 1611 236 1304 1876 778 206 1034 292 903 1508 821 1694 1739 219 845 119 1556 434 1878 949 1143 1360 1667 1267 1659 1585 561 1565 1996 938 1881 1754 1387 1204 1909 814 88 1828 112 834 68 1051 1935 645 1834 1796 421 837 619 1342 1409 1106 411 1427 
minDistance: 4.88108
cost: 245102
capacity: 199226
time: 58894
maxTime: 60000
LS1: 36372/37642
LS2: 443/1270
LS3: 0/0
shakeIters: 802
shakeLoops: 76
