4.12259:1002 4.13136:1079 4.45328:1836 4.48662:1956 4.48792:2270 4.59594:2641 4.59623:2705 4.62129:2840 4.66315:3346 4.66722:4870 4.66817:5036 4.74757:5307 4.74894:5375 4.80307:5771 4.80553:6891 4.80892:7018 4.81131:7337 4.82568:8878 4.8461:8988 4.84617:11423 4.84831:12932 4.87567:17340 4.88639:18433 4.89714:18576 4.90351:20688 4.90426:24039 4.92046:24105 4.92933:24170 4.94003:29369 4.95431:31348 4.96407:31507 4.96572:32223 
1335 1655 339 1659 821 1191 1230 1429 1131 1596 176 626 1502 247 1380 303 445 1540 1742 1815 209 1915 262 456 1680 1854 470 1342 1027 734 89 491 1827 446 178 123 1464 1130 1988 152 198 1513 266 81 1154 13 842 1990 794 503 1407 954 708 248 1011 1852 870 931 1372 1590 1391 499 1060 1645 806 1657 659 185 1387 88 304 1106 122 1912 433 1561 596 1200 1078 687 1985 119 1371 616 1359 1221 695 397 807 1828 1143 756 423 211 1917 1874 834 104 673 646 73 1521 1351 1761 825 1300 938 450 1801 1739 1397 479 1271 1935 1507 1667 1955 1788 705 1933 1569 1803 873 1250 74 68 1814 1087 583 253 1972 633 879 1767 1685 1629 336 1073 778 1305 1056 1442 421 1471 285 1833 689 1454 1400 995 936 1334 693 1727 1092 1217 586 1179 1897 829 1682 973 900 574 684 54 1834 715 159 483 1192 1012 1476 416 236 1014 1100 1034 411 1703 1737 1356 1582 1190 845 80 1304 897 1598 1625 1510 1909 1773 1369 963 1720 1374 1090 1509 203 1393 1534 1232 749 619 321 1702 234 1952 379 1479 1358 1943 440 724 529 675 1367 1147 223 1936 117 1121 987 1559 1544 1344 1223 1940 562 1686 509 904 572 1830 475 1541 1461 204 1779 1314 1666 519 82 601 1003 801 1996 1980 1749 112 1058 639 114 292 
minDistance: 4.96572
cost: 245663
capacity: 199233
time: 32223
maxTime: 60000
LS1: 37988/39341
LS2: 436/1353
LS3: 0/0
shakeIters: 885
shakeLoops: 84
