4.35046:1292 4.57218:2010 4.60628:2668 4.61152:5129 4.62129:5456 4.63544:6358 4.64796:6676 4.674:7838 4.67473:11851 4.70641:13655 4.71873:15124 4.77668:16012 4.79952:18838 4.80307:18892 4.82406:20460 4.865:27141 4.86655:27451 4.88108:34859 4.89369:35560 4.90426:38921 4.93458:39759 4.94003:52526 4.94254:52833 4.96001:58160 5.01487:58534 5.01617:58583 
450 775 800 1980 1703 1739 1223 904 1894 83 1057 1127 1928 961 1535 1784 821 993 1828 1886 114 1996 1990 1756 574 1351 1876 693 1598 1666 339 1536 1943 829 1162 1368 897 865 1233 1542 1058 619 1545 709 262 584 1878 1662 1191 675 1590 626 1742 1192 1856 1448 1010 115 535 445 561 468 119 879 1773 845 1012 664 80 1147 446 1446 823 488 1310 122 1130 117 1230 835 734 412 1834 1059 1544 110 1933 1786 1710 1144 715 1073 1917 458 572 1344 222 724 331 1839 1814 1719 198 1244 1541 1237 483 1737 176 1034 303 795 1946 556 1566 875 202 193 1966 1457 1437 801 65 1056 1442 1883 766 247 1250 464 1673 870 1032 266 1827 69 316 284 1024 1397 292 782 866 253 1365 123 1629 814 1217 1358 128 73 1003 1427 456 1089 227 1408 421 673 1647 108 1835 778 1565 954 1749 1694 1019 1143 1469 1645 1501 58 1356 996 737 596 1050 499 178 842 586 1438 185 425 933 96 808 576 784 973 1391 742 431 1626 476 1815 1266 100 441 1154 705 1803 665 672 1380 873 1604 88 112 295 1971 684 1852 228 1596 1461 1121 1909 434 1653 1314 992 1342 1761 503 1417 720 1464 776 917 1002 1304 485 1816 374 938 947 563 1831 335 880 1985 304 1465 491 137 1861 1334 1801 234 204 1335 936 
minDistance: 5.01617
cost: 245295
capacity: 199181
time: 58583
maxTime: 60000
LS1: 36849/38158
LS2: 429/1309
LS3: 0/0
shakeIters: 854
shakeLoops: 79
