4.46836:1354 4.48098:1585 4.48792:1651 4.50601:1747 4.55843:1962 4.59912:2253 4.60629:2553 4.61152:2805 4.62002:2865 4.6392:2934 4.64796:3594 4.66092:3801 4.66132:5539 4.66817:5618 4.67473:6834 4.70036:8751 4.70054:9054 4.71639:9125 4.74894:9446 4.75812:9631 4.77104:10553 4.77172:15993 4.79589:16247 4.7971:16630 4.79767:18737 4.80892:20292 4.81617:23048 4.82013:29090 4.82024:35539 4.82197:43534 
708 1407 747 1933 484 1971 218 81 88 285 1788 1521 392 238 78 468 1996 1226 234 1815 972 1453 755 463 1829 1053 411 814 152 626 441 821 1645 1742 790 1673 506 1732 253 1783 1359 829 420 458 1650 1125 68 1190 172 1191 1801 371 1011 1165 1582 1814 1318 504 1915 1834 1078 705 1702 1605 214 702 1600 556 58 304 573 1513 508 1314 138 236 1210 1988 1739 1954 1495 1581 1666 1509 990 1024 189 1351 1985 863 491 916 1737 1206 1200 1019 1334 1881 1107 203 1305 30 475 1355 1387 770 1857 358 69 1397 423 226 1544 1922 1489 1816 1454 684 936 933 1147 265 1698 1417 483 1839 1369 95 539 1797 561 1391 440 80 1143 503 71 1032 1034 1221 1176 499 1689 782 627 1664 643 1610 1833 646 954 1542 1003 261 1690 480 1796 1761 846 572 60 1273 1244 1501 1342 114 1121 421 1803 938 73 839 1917 1255 1569 1579 1935 775 272 880 41 1365 1090 76 82 77 1623 434 695 1957 1535 1773 751 176 450 1333 1360 389 44 1037 1368 1012 204 913 395 1741 1202 663 1972 433 1804 574 1955 104 1710 1726 357 193 886 1479 1380 1657 1876 309 1148 519 771 1990 446 879 1570 119 1828 1602 584 198 1654 1183 470 727 1928 1659 715 185 583 689 873 720 987 1106 1508 281 680 122 904 742 837 1446 303 817 619 209 897 1335 262 596 1483 778 
minDistance: 4.82197
cost: 240086
capacity: 199189
time: 43534
maxTime: 60000
LS1: 35972/37281
LS2: 466/1309
LS3: 0/0
shakeIters: 813
shakeLoops: 77
