4.3471:1346 4.35046:1413 4.41333:1672 4.48662:1920 4.57284:2127 4.6392:2411 4.63957:2700 4.69017:2911 4.69275:3051 4.72638:3156 4.73435:3216 4.74757:3282 4.75812:3341 4.77862:3601 4.80489:3731 4.80892:3907 4.82444:4119 4.8461:4617 4.85631:4896 4.87567:7102 4.88381:17807 4.91123:19102 4.92046:20464 4.92539:26844 4.93116:42008 4.93363:43272 
963 1087 672 1796 446 464 389 1169 1359 137 1367 1019 1933 529 589 1565 1742 1575 1535 1380 1502 309 1750 1881 435 964 865 1446 1255 1985 1320 1990 586 823 1569 1154 659 1266 626 790 1737 880 1059 1244 115 1773 873 1791 1971 795 647 879 1829 1078 1365 303 1190 535 1358 468 234 1334 734 1833 1816 1582 1566 499 304 574 1010 223 1192 1912 1438 423 584 1058 264 1335 544 689 685 1626 203 177 1761 1223 1598 1083 1686 1138 1479 456 1217 272 31 1814 897 1875 1529 561 1121 1273 1342 1876 705 108 1027 1155 453 554 1351 1147 1886 1917 829 782 1461 604 1455 1405 1980 488 1834 1828 1556 1162 1943 1815 1662 1797 1469 1544 73 778 1994 1856 1666 1922 766 491 814 1056 421 1667 279 1356 100 204 232 1397 1996 1191 1250 923 1801 267 1561 202 619 502 1739 1673 292 1745 1344 1803 1655 1645 122 109 1852 80 837 1417 450 709 1391 340 1347 1032 906 1486 1012 1501 1541 311 58 771 670 1073 475 572 1314 411 627 1034 1368 1756 1542 54 784 68 938 870 112 990 445 193 693 69 724 498 749 261 1003 573 665 219 1221 1230 185 1182 142 1579 1233 1226 519 1596 993 1127 1710 1464 1143 742 440 503 1125 198 904 596 1909 375 720 316 284 703 1114 834 117 1130 253 114 1426 1747 321 1749 
minDistance: 4.93363
cost: 243052
capacity: 199211
time: 43272
maxTime: 60000
LS1: 36945/38290
LS2: 399/1345
LS3: 0/0
shakeIters: 920
shakeLoops: 89
