4.29881:1393 4.3441:1477 4.38396:1631 4.3854:2225 4.40956:2371 4.4832:2632 4.50165:2722 4.53045:3026 4.55843:3275 4.57183:3438 4.57226:3606 4.60261:3853 4.60629:4722 4.60877:4786 4.62002:4889 4.63544:5080 4.66557:6937 4.66623:10976 4.66989:11788 4.6718:11914 4.71077:12114 4.71168:13335 4.71639:15043 4.72775:16781 4.73435:20065 4.78562:21150 4.7971:21272 4.80039:22178 4.83155:23102 4.8456:23166 4.84596:24400 4.87567:25368 4.88381:28946 4.885:29010 4.90078:29273 4.91281:31302 4.92046:40572 4.93711:45837 4.96789:51247 5.01617:51992 5.01893:58759 
431 1012 1176 1073 1842 1788 519 1983 111 27 1659 115 729 464 1275 1801 114 1365 1737 1839 904 1672 33 1874 509 1562 385 272 715 1773 1680 1416 1090 1439 1816 1342 1380 1657 1351 189 1666 1501 1217 938 778 1614 1399 389 112 837 1438 1344 1194 1980 1856 1169 1652 1383 491 1108 222 1287 1051 1973 379 226 457 879 986 923 604 1125 1753 954 596 690 1796 75 936 1575 1314 524 1739 1082 1996 502 1924 1787 1182 238 1271 1397 1359 775 1990 1147 281 863 1391 673 174 1387 652 1029 1486 1710 1092 498 624 1179 1446 460 1975 1761 1226 1010 383 1749 20 410 1912 1244 709 65 689 784 68 1502 1019 1829 657 916 1556 1121 724 1180 693 119 1827 58 1909 930 1255 1003 1468 1791 1688 795 992 1437 1814 1191 558 801 204 845 1461 1143 483 556 1059 1151 1834 873 685 165 1933 1703 1328 1825 1221 211 1334 1463 1356 1579 626 69 963 445 561 1833 1875 1242 933 247 782 684 1919 1367 874 154 441 1376 1057 1267 646 117 1248 29 749 1493 450 1972 435 529 81 219 574 209 1570 137 1131 931 807 254 1144 897 88 1034 867 573 1058 1828 835 1142 214 175 976 1576 1304 838 535 576 704 563 1233 1799 1238 1943 1032 411 1273 1368 1230 82 1223 1097 705 1407 1355 619 1011 672 152 304 987 
minDistance: 5.01893
cost: 242232
capacity: 199171
time: 58759
maxTime: 60000
LS1: 34350/35698
LS2: 512/1348
LS3: 0/0
shakeIters: 795
shakeLoops: 74
