4.3082:1158 4.41333:1626 4.44804:1716 4.46836:2036 4.51647:2185 4.58269:2498 4.59623:2621 4.61795:3364 4.62002:3423 4.66315:3761 4.71168:5012 4.71508:5149 4.73435:5315 4.73489:5557 4.7619:5863 4.78432:6523 4.80892:7429 4.81131:7545 4.82974:9667 4.8456:13283 4.8461:17556 4.85631:17807 4.86155:17859 4.86208:55943 4.87426:59173 4.87567:59222 4.88263:60001 
1829 1360 1483 1050 749 535 1567 479 574 1666 1590 1983 28 689 335 152 1527 491 664 112 1545 1397 704 1876 1605 1645 1011 441 782 284 842 226 1952 122 1255 1342 646 1314 52 411 165 1391 1131 1095 1806 1302 987 556 1247 1788 489 1351 886 1053 734 69 172 1116 616 309 1739 1929 1513 1535 1164 877 794 1716 1912 1541 1200 1143 1501 70 1453 775 1814 1955 234 873 484 175 475 639 1446 1108 204 1464 114 457 930 1980 1114 1623 73 1106 65 1542 1510 1261 1791 1598 1380 586 502 1508 1773 1469 1698 82 963 253 519 1988 1059 866 133 464 801 1761 499 74 1432 931 1183 1073 1486 1437 340 1864 1318 1575 572 789 568 1010 68 1737 1919 1479 1834 123 1839 463 684 1662 1359 863 1030 1749 1629 227 1710 1442 663 673 450 647 247 1067 385 1538 209 1828 1358 938 203 1947 879 503 321 109 1003 1230 778 1233 1801 1335 1217 1544 1320 1058 897 1334 1657 821 1250 792 973 1881 81 828 458 1078 771 314 57 1097 44 1489 1996 86 1634 468 1536 795 1385 920 1604 374 814 1455 1833 584 1803 1909 248 36 1034 1917 1092 266 460 445 1972 784 845 375 1816 1678 904 1176 41 476 933 521 198 1121 1985 1933 1191 715 575 657 1151 1579 264 619 1840 1434 1315 281 303 829 626 1012 1570 596 936 529 1856 1190 1461 
minDistance: 4.88263
cost: 245176
capacity: 199168
time: 60001
maxTime: 60000
LS1: 38006/39313
LS2: 389/1307
LS3: 0/0
shakeIters: 891
shakeLoops: 84
