4.29171:1324 4.3471:1463 4.53045:2277 4.57226:2650 4.6064:5652 4.61982:5884 4.72332:6309 4.74894:7613 4.75871:8470 4.77144:10959 4.77307:12897 4.78562:14339 4.79499:14866 4.80553:15819 4.81617:51278 4.8173:53180 4.8456:53641 4.85631:53895 4.86155:54552 4.88381:59546 
806 801 228 1391 535 1876 1143 1598 178 784 1387 1369 450 86 1662 411 1698 137 389 1365 1397 65 1242 1749 152 1582 464 80 1799 685 1147 281 1990 1878 873 1024 1056 704 814 1368 1051 1828 1996 1309 643 491 1917 534 897 499 1304 796 250 1737 586 1569 1545 1057 1816 261 445 573 1372 1590 1267 954 569 972 684 1761 795 246 672 782 412 626 1010 673 561 778 1814 306 619 295 1233 1624 1688 794 1856 1535 1230 226 961 1416 114 1032 1825 119 434 148 737 709 68 720 204 165 421 715 1344 845 1645 695 1130 693 234 1183 304 576 1909 1310 1493 705 232 1376 1454 212 606 227 1988 766 1191 1355 1507 1502 1881 1940 1600 431 837 69 509 614 1121 1217 903 236 1090 1058 1087 1263 1653 1668 1738 835 185 1127 483 385 556 844 262 1875 58 1011 1834 1468 357 933 503 1654 689 1012 1223 423 1305 1053 986 441 1446 23 83 1513 54 1448 1461 1657 1423 1154 879 1378 170 211 1017 1839 81 1238 1314 1801 88 1003 1029 115 1510 1570 485 1300 433 785 1673 1556 1542 734 1787 1894 128 203 189 865 514 1116 1646 457 1250 1125 1739 1479 1544 1371 193 1059 1833 1253 1407 1380 1334 558 1788 1275 100 574 238 1626 1952 1073 1842 1933 468 1730 117 41 1955 1796 596 1537 1561 936 1171 1374 924 1508 123 1682 1034 1980 
minDistance: 4.88381
cost: 233833
capacity: 199185
time: 59546
maxTime: 60000
LS1: 34902/36204
LS2: 507/1302
LS3: 0/0
shakeIters: 775
shakeLoops: 72
