4.23925:1194 4.26707:1333 4.48792:1874 4.50165:2037 4.61152:2723 4.62129:2845 4.65779:4033 4.66132:4111 4.69017:4224 4.73435:4667 4.74229:4780 4.74757:5645 4.78432:5860 4.78447:6389 4.79242:8109 4.79767:12667 4.80307:12729 4.80553:12841 4.80892:13070 4.8461:15434 4.84798:26063 4.85631:28267 4.86155:44530 4.86655:50572 4.87567:52855 4.88108:58714 
873 619 572 886 821 1605 1368 778 1059 434 875 1024 1535 1237 202 880 114 115 845 503 556 1442 1434 675 1106 1266 1788 234 1012 1127 1750 358 879 1342 309 1544 262 574 1988 720 72 1143 1244 865 284 1610 938 1996 1673 1745 1854 835 1803 961 1488 1008 1489 739 1798 1100 303 923 596 987 1985 1935 491 1710 1448 1972 1508 304 54 1834 1933 1629 1437 1147 488 1657 1816 1344 128 897 500 1541 1623 504 1501 1779 423 1397 247 1087 218 1980 112 715 555 673 266 122 1975 466 1011 1108 1505 947 1369 990 755 321 829 1114 1625 934 1310 808 97 1247 445 1801 272 490 68 584 1191 1446 1050 1579 1683 1318 590 1833 223 300 1601 1154 1874 1827 1417 1380 1335 1860 904 794 973 499 1479 1666 1645 479 1032 586 844 88 933 1309 84 1439 1917 782 198 639 1512 204 575 1168 1856 1358 1304 729 775 74 1334 693 1971 226 795 335 421 476 834 446 1598 281 1909 928 60 1405 1163 1858 1391 1084 1401 1182 1121 749 684 1267 185 1686 1761 1398 1407 1030 1593 576 1263 138 1250 1053 626 253 1010 1668 1739 1223 1273 2000 583 1575 1453 1286 1169 842 209 135 1320 790 734 771 1073 1314 1078 1065 1506 65 193 1116 1570 456 464 1171 1806 83 1876 1468 1655 80 1003 1426 851 69 1590 440 1390 1566 963 483 1737 1233 1464 412 1221 219 
minDistance: 4.88108
cost: 246078
capacity: 199302
time: 58714
maxTime: 60000
LS1: 34302/35706
LS2: 617/1404
LS3: 0/0
shakeIters: 761
shakeLoops: 73
