4.26305:1178 4.41472:1684 4.48792:1948 4.50601:2412 4.52082:2496 4.55843:2764 4.55986:3220 4.56481:3469 4.57284:4286 4.59594:4431 4.60629:4507 4.61152:4805 4.62002:4862 4.63736:4933 4.66315:5047 4.66722:5224 4.69499:5567 4.74229:5837 4.7768:6990 4.79242:7279 4.80307:7394 4.83081:12228 4.83155:13384 4.8415:13811 4.8461:14681 4.85631:18334 4.86155:18398 4.86208:22645 4.88639:25044 4.89369:31945 4.89714:32060 4.90477:36167 4.91346:45708 4.94003:45822 
535 1657 619 1468 1720 1314 695 1417 1778 742 1803 1988 175 1576 115 1814 1223 1629 88 1801 573 576 1698 456 1310 974 1647 1865 111 1094 529 1448 585 1446 1058 1544 722 1856 734 1034 1429 1643 931 1372 693 204 1356 749 572 446 1368 904 686 1703 1168 445 1121 219 1154 1073 1335 1334 1461 1347 1039 1943 938 646 556 1996 202 68 1541 1002 650 1566 814 825 412 808 1385 148 865 389 992 284 1032 193 1010 198 684 1383 174 996 1978 835 1187 1562 963 1304 1387 1662 1933 1876 834 1542 1761 1852 828 933 485 1686 374 1059 1397 345 211 574 499 1351 232 1779 476 1917 689 1191 65 371 1003 82 1344 1749 626 1590 1579 1645 1556 1127 1796 1573 1611 1788 1142 1434 259 1438 739 1164 468 475 58 1666 831 1147 1753 1342 1834 1250 1815 724 1985 1875 897 1463 586 1230 1623 1130 1092 1359 1784 829 1726 340 1138 114 1060 930 1427 1827 122 1012 425 1464 1358 464 1256 1980 1507 1380 1365 52 790 575 69 879 450 1972 1069 1569 1369 1320 1828 119 875 1644 1710 873 1975 1110 97 637 842 1391 1706 1773 1221 1596 900 1914 639 784 1078 223 778 961 1143 1739 281 303 1878 261 253 1872 519 1737 1086 1273 993 870 1535 1582 1816 776 72 1881 1791 292 123 1839 1501 889 483 117 1682 1407 112 502 1955 1909 
minDistance: 4.94003
cost: 245123
capacity: 199221
time: 45822
maxTime: 60000
LS1: 36620/37960
LS2: 498/1340
LS3: 0/0
shakeIters: 808
shakeLoops: 74
