4.36015:1313 4.49291:1722 4.53204:1915 4.59594:2086 4.61152:2319 4.62129:2582 4.6392:3266 4.66989:6776 4.70536:7610 4.72775:7721 4.73489:8627 4.74757:9508 4.7651:10746 4.77307:12232 4.77862:12941 4.78432:13211 4.80553:14159 4.81174:18622 4.81723:19423 4.8173:19599 4.8456:25095 4.8461:27148 4.86155:29176 4.87567:32282 4.87755:34924 4.885:35090 4.91123:39170 4.91169:39290 4.91235:40636 4.92046:40744 4.92539:46337 4.92738:46446 4.93641:46807 4.94003:48838 4.97751:56288 4.98615:58528 
845 775 1739 1277 1728 1894 1211 1839 450 1897 1575 1773 829 464 1242 1073 1443 1310 1655 1816 119 1155 65 1058 1975 1814 1056 1368 1815 1238 211 1779 556 1147 742 1703 1680 929 698 411 1536 1917 498 1011 1972 1801 431 1130 1034 1556 586 693 1796 1541 1239 1022 1735 1059 468 1971 292 1200 509 1928 987 1143 1506 128 152 1476 161 261 1788 1351 724 708 69 58 1461 904 535 23 1507 68 1347 1390 1501 1179 1255 1468 573 1131 1573 1803 1057 1192 488 1127 236 1003 1828 479 626 1391 176 1521 502 1580 806 1810 1481 715 1019 800 80 1598 1878 897 1909 1710 1875 321 938 782 155 1154 539 1226 572 203 441 1385 1645 1169 880 1756 689 389 1830 1010 933 596 81 456 755 1342 1270 117 1502 1667 1943 870 879 1448 1356 1464 1694 414 1629 421 807 1996 1833 795 1244 1364 1653 1544 990 70 304 726 1324 1935 1191 423 1761 918 574 1014 866 684 1121 1446 1271 1842 1561 440 445 778 491 1106 694 412 1263 1881 974 1344 88 1545 1374 1024 1666 1886 1090 115 1955 114 1856 1142 1454 558 704 895 1529 1334 1144 375 204 1985 1250 1588 1463 1657 1223 250 1456 1314 838 1230 483 842 1176 756 178 1380 1267 322 1382 1422 1834 619 1397 1737 1791 1661 749 303 110 720 112 561 1437 1553 1825 1426 219 1912 
minDistance: 4.98615
cost: 243788
capacity: 199164
time: 58528
maxTime: 60000
LS1: 36003/37330
LS2: 467/1327
LS3: 0/0
shakeIters: 824
shakeLoops: 77
