4.3441:1053 4.44372:1401 4.45241:1490 4.50165:1732 4.64213:2290 4.64493:2411 4.64796:2651 4.66315:2951 4.66644:3115 4.69017:3282 4.69275:3734 4.71077:3949 4.73489:4023 4.73832:4079 4.74229:4274 4.74757:4552 4.75812:8744 4.7619:8951 4.7768:9765 4.77862:9863 4.78432:12496 4.80307:12636 4.80892:14433 4.81207:36941 4.81617:37614 4.82197:46784 4.82568:56389 4.8456:58308 4.8461:59621 
288 389 1737 1825 715 705 112 1917 1579 1996 115 1233 1391 561 776 284 693 1523 204 1645 1629 234 81 574 1626 198 1443 1815 596 503 74 534 1232 1501 724 668 677 350 1448 1296 558 1535 218 1011 292 1003 1912 1365 904 1666 1114 250 902 285 1277 944 709 69 938 1208 1565 623 900 879 1479 1334 1217 1844 935 1545 456 720 1831 586 1580 425 1544 1761 1739 68 17 933 1856 1106 1342 513 1465 193 1012 184 262 1605 104 23 303 211 870 729 457 1407 626 934 838 963 1842 1955 137 379 749 1314 339 801 222 450 1834 1223 842 1084 1397 58 512 281 1379 1756 572 1841 1344 1683 619 814 680 1006 1242 1749 1950 675 1464 1914 1610 535 1172 704 1803 1297 295 117 1975 1194 1833 1024 1796 556 742 1801 1310 1380 1933 168 1032 236 1401 908 831 1210 62 672 301 627 358 1560 1267 203 1561 304 1149 73 411 873 844 114 128 1980 845 897 1924 1710 576 1537 1163 261 1486 1623 1940 1304 1922 1454 829 445 1130 1726 88 821 1985 1541 1356 1657 878 540 421 1779 1185 851 1881 210 1042 1354 1799 214 792 1874 782 1598 82 903 495 1612 1717 1575 800 1590 778 1773 1513 1872 80 563 83 1387 488 689 1889 1510 1182 1682 1256 202 1287 16 1816 1839 1894 1909 1474 1108 1943 1508 96 2000 1121 1368 1446 1055 684 485 936 529 152 
minDistance: 4.8461
cost: 242325
capacity: 199250
time: 59621
maxTime: 60000
LS1: 37126/38411
LS2: 384/1285
LS3: 0/0
shakeIters: 872
shakeLoops: 83
