4.47081:1654 4.48792:1753 4.53045:1885 4.64796:2197 4.66132:2473 4.66315:2600 4.72775:2823 4.74229:3825 4.74757:14393 4.7768:18178 4.78432:19808 4.79242:19865 4.80307:20631 4.81131:21326 4.81174:22114 4.85631:22205 4.86155:24544 4.90426:24716 4.91123:24995 4.93363:25705 4.93641:27923 4.96572:33310 
1833 185 58 1358 1997 879 1897 1814 1582 1305 1143 1988 1100 778 1011 897 1509 726 440 1749 690 1226 1652 1761 445 535 1310 1263 1569 1823 1058 193 908 1356 724 1455 1544 1173 36 500 226 253 1334 421 1645 1657 940 1666 1246 1244 1073 1935 303 1192 1815 1525 1191 626 483 1333 1596 646 1560 1594 1344 104 1342 272 112 1562 1928 1183 491 1662 596 1200 1717 517 475 206 1754 1448 1127 1214 1438 1545 1233 1320 1739 1980 152 766 1541 285 1996 986 117 1121 115 1390 825 321 546 931 295 423 1513 1391 1737 1247 1700 1860 586 821 881 69 1486 1655 1849 539 1975 1535 1071 619 412 350 1147 499 1057 114 834 1250 100 252 1919 983 137 1087 1661 1816 1803 1955 1116 1463 987 936 458 335 685 806 1397 383 1756 73 509 247 845 1274 617 1693 456 1972 614 1056 1456 1314 81 1130 203 1728 1501 1726 1909 1575 672 83 1042 659 1831 250 204 1629 1180 1971 468 1870 261 1581 1822 1368 234 579 1003 1446 693 1454 211 529 1912 1012 1720 737 727 446 1387 1843 938 1122 175 1242 1230 1046 1579 1801 68 842 431 54 1284 660 1019 119 108 1380 1881 1834 1668 304 209 450 519 556 949 895 961 1417 1471 1092 572 1917 1034 1706 643 1277 379 1854 684 1464 709 1385 1090 923 385 1839 904 1267 1032 933 1686 1580 1443 673 1158 1570 1796 
minDistance: 4.96572
cost: 246681
capacity: 199160
time: 33310
maxTime: 60000
LS1: 36060/37463
LS2: 552/1403
LS3: 0/0
shakeIters: 829
shakeLoops: 79
