4.46741:1278 4.53997:2218 4.55819:2310 4.5773:3226 4.6059:3445 4.62048:5106 4.62509:6291 4.66186:9220 4.70897:9673 4.7158:9799 4.72246:10509 4.72634:10619 4.74345:10734 4.74376:10786 4.74469:14544 4.7869:15400 4.78811:16214 4.78842:23102 4.79403:23187 4.80831:24074 4.83746:24562 4.84684:28570 4.86092:28826 4.8831:32150 4.89781:34040 4.90176:41160 4.908:41217 4.90997:41280 4.91288:42106 4.91677:43427 4.92968:43549 4.93189:45632 4.94532:46339 
1872 456 1561 101 1912 425 1226 693 527 543 1459 755 1367 1798 1634 689 1653 279 1011 954 1205 1244 1894 100 1655 1299 410 572 1501 1071 647 970 1892 1156 198 653 380 798 875 1384 765 1507 1233 1328 1035 1667 1105 1602 1785 1012 474 1466 1479 1134 935 1427 1495 1206 247 1623 1365 1654 1451 867 1932 788 499 865 1419 1512 1816 1645 1106 310 1658 1914 1657 1120 130 33 1801 379 137 1469 1478 669 1502 1140 1131 626 233 508 1376 178 1863 1579 429 695 209 801 1274 825 1428 1110 1315 1439 1216 667 1739 917 342 708 821 297 1437 907 1180 177 1087 193 1283 1014 476 446 433 863 939 897 406 461 1594 1195 727 1358 1190 1983 248 879 42 1118 1913 378 1111 675 807 1407 724 973 709 1783 1019 108 467 627 1094 309 340 1090 520 97 509 534 1201 126 1324 312 1229 1033 1463 764 535 1702 715 617 1681 498 778 426 835 254 80 1908 1796 304 224 1119 63 1356 1959 1886 1891 1938 1649 165 604 55 184 1605 1810 632 1513 1862 1320 1846 1176 1493 1406 1675 459 1385 777 460 1369 1975 58 82 1852 1964 859 1254 1883 1151 1552 1828 1776 1261 216 1797 1342 73 358 1474 243 1576 1915 889 902 782 23 74 642 1248 1683 1293 1601 41 1924 702 1573 1888 192 1171 1359 1107 1273 194 1084 166 1091 579 1756 1163 1494 652 154 
minDistance: 4.94532
cost: 244102
capacity: 199251
time: 46339
maxTime: 60000
LS1: 35384/36766
LS2: 534/1382
LS3: 0/0
shakeIters: 815
shakeLoops: 77
