4.21385:1131 4.29594:1395 4.46741:1902 4.5052:2174 4.54449:2424 4.54496:2658 4.55655:2875 4.63332:3286 4.63451:3401 4.64752:4346 4.70366:5032 4.7251:5138 4.72634:5203 4.75426:6116 4.77342:6232 4.7778:6319 4.7839:6470 4.78842:7081 4.82231:7521 4.84347:7723 4.8436:9030 4.84684:9349 4.84875:9468 4.85611:9671 4.86092:9754 4.87085:9867 4.8831:10546 4.89126:12577 4.89781:13432 4.90316:13758 4.90452:14491 4.90997:14542 4.94019:15287 4.94532:15948 4.94705:17322 4.96002:17424 4.9657:18748 4.96589:19453 4.98752:19509 4.9907:23348 5.00546:26236 5.02732:30485 
1781 1990 73 704 1120 125 1863 460 1059 233 527 1419 433 100 498 1577 953 577 1649 1658 456 493 1033 1702 1293 1384 97 1654 1507 1090 304 785 645 819 1681 798 1032 829 184 1632 734 1273 85 1810 1814 1391 480 973 459 1031 82 1610 776 1134 1283 1274 1727 617 1842 1089 1667 918 1094 467 1539 1369 1248 1495 1063 777 879 1909 1594 1466 1091 1306 574 509 1737 31 598 1002 1659 1512 165 1007 1461 530 1118 406 499 1030 726 807 254 1620 1437 688 1844 1330 1464 1044 88 1576 1739 1427 354 702 1481 907 1351 1107 1164 1335 724 1816 1261 313 410 279 178 1720 782 177 764 1856 606 1244 1267 209 1436 1356 243 379 1211 316 667 325 1888 505 1655 1695 1119 1299 23 1114 1631 917 219 708 1626 342 1342 821 693 439 1213 572 1448 568 112 1728 1776 247 1797 534 730 5 1788 1601 28 74 502 709 114 835 1954 1430 1975 426 482 1203 343 748 1886 297 1320 58 556 875 1216 1892 1221 838 1609 1385 630 1072 1735 159 80 1605 982 901 1328 627 1451 1544 1383 1756 689 1582 466 1190 506 1891 936 669 800 623 291 1428 1575 727 136 1535 778 653 1486 817 222 977 421 825 1485 161 858 1675 1719 1573 476 1828 991 897 450 1102 1463 312 849 1717 1113 765 1579 614 1501 295 1205 716 33 
minDistance: 5.02732
cost: 247052
capacity: 199237
time: 30485
maxTime: 60000
LS1: 37472/38748
LS2: 339/1276
LS3: 0/0
shakeIters: 895
shakeLoops: 82
