4.42808:1439 4.45837:1763 4.46741:1932 4.6059:2193 4.62509:2805 4.68968:3025 4.69092:3082 4.74376:3932 4.75426:4880 4.76803:5066 4.78811:5357 4.78842:6830 4.80831:9095 4.82964:9489 4.83479:10472 4.83746:11891 4.86092:21263 4.86194:24351 4.86362:29353 4.86534:37468 4.89117:37551 4.89666:37622 4.90316:41060 4.90452:44905 4.91288:45725 4.92572:46590 4.92729:50128 4.93189:50916 4.93744:50969 4.95419:53884 4.96589:53954 4.98956:57870 
1009 1190 101 209 1659 1485 693 726 1756 474 114 1072 379 829 1727 1502 506 792 1521 1356 1113 92 1120 535 1464 1655 456 1305 480 73 530 1495 1582 1796 1131 1609 567 825 543 1398 577 1737 817 429 1367 1915 395 1248 336 704 1344 322 1110 1612 1031 119 1943 15 1781 89 576 604 192 1216 520 1839 375 262 304 798 1733 1283 907 383 1892 1273 1134 1210 1448 248 1735 1439 953 346 709 435 1090 695 1990 1385 1788 1658 643 1205 1640 801 991 601 748 1786 467 286 1695 1654 600 1683 782 97 1342 842 1842 499 509 1229 1456 1923 178 653 1717 975 687 82 616 1143 710 1368 1486 264 426 1443 897 859 1963 935 1891 1267 1015 1883 1034 1244 973 869 233 165 808 879 1482 696 1535 1601 122 1797 1089 1798 5 1501 1019 384 1886 223 88 906 247 1916 1043 1407 1293 482 1817 1461 1032 1909 296 1468 460 1751 1810 1912 1702 1247 58 254 1275 821 1645 470 243 933 23 929 279 280 1302 702 835 1938 189 1700 1387 177 807 55 1463 1213 1814 623 1466 806 357 1306 1506 100 1063 1094 219 1513 1274 1819 378 917 1371 1002 1681 617 534 828 1913 406 1579 1762 1614 1507 556 1419 1475 421 459 1180 851 727 628 848 194 80 161 433 291 193 297 1847 184 1427 380 1872 1406 1328 1181 1320 642 1610 1844 1158 1383 764 1369 1107 
minDistance: 4.98956
cost: 248091
capacity: 199188
time: 57870
maxTime: 60000
LS1: 36021/37271
LS2: 410/1250
LS3: 0/0
shakeIters: 808
shakeLoops: 75
