4.45837:1389 4.46741:1761 4.47875:1844 4.48314:1927 4.49386:2058 4.53624:2308 4.54077:2461 4.60474:3359 4.60489:3442 4.62336:3707 4.62509:4084 4.69092:4241 4.7251:6169 4.79403:6334 4.80506:6531 4.80831:6847 4.82227:7186 4.82964:7298 4.84684:8115 4.85105:8376 4.86534:8479 4.8831:8586 4.89644:10264 4.89781:15914 4.90158:18133 4.90488:18983 4.92729:20278 4.93448:22298 4.94019:24727 4.94976:25027 4.96589:28535 4.97206:29229 4.9853:31873 4.99111:32027 5.00813:41694 5.01153:45687 5.02673:49395 5.02867:52041 5.03127:52406 
280 1407 1576 1466 322 1872 623 62 1609 1342 379 834 476 371 1007 1577 1205 1594 108 1391 1573 1797 342 1828 499 115 1764 354 1256 1111 572 1114 685 1439 1814 209 5 798 865 689 1888 1192 1739 829 1580 1248 1183 1163 166 534 999 1463 272 114 265 482 1863 1601 1579 1629 1681 1369 239 426 842 1328 577 1891 938 1344 1909 1048 715 1481 1356 1810 693 1720 730 1404 1119 1626 1385 1799 1846 111 1035 1654 1631 1560 304 1556 1616 1419 924 807 1160 1736 1090 934 1479 1692 902 1210 562 1796 1836 1990 1229 184 47 1495 1582 73 709 474 433 1915 859 1094 1727 1063 100 953 1486 1443 579 1874 513 1943 626 357 437 727 1221 80 1131 1735 461 778 1501 1254 253 1283 1089 975 764 1383 1894 897 782 1658 165 1180 1320 1118 918 129 222 1273 1110 406 1738 316 1448 490 495 1819 270 219 297 879 724 1121 1244 112 1446 1428 1975 178 667 1216 1640 85 1107 825 254 907 1507 1142 1468 441 233 817 1030 936 990 695 1333 460 1902 1791 1655 1451 2 346 1942 1134 1078 1842 247 1430 1031 388 1839 1015 1072 803 1719 340 1190 168 498 519 101 875 627 1019 122 1017 821 604 630 82 848 58 708 1213 704 203 1040 737 1181 1071 901 973 1512 1315 1274 767 467 33 556 1097 554 358 1972 1105 1756 835 
minDistance: 5.03127
cost: 247271
capacity: 199179
time: 52406
maxTime: 60000
LS1: 36197/37447
LS2: 362/1250
LS3: 0/0
shakeIters: 849
shakeLoops: 80
