4.21385:1179 4.38334:1739 4.48101:1986 4.48793:2118 4.52371:2315 4.62417:2676 4.63451:2749 4.69092:2859 4.71895:4187 4.72739:4425 4.74376:4487 4.78745:6321 4.79513:6391 4.79619:6700 4.80798:6934 4.84347:8106 4.84721:8209 4.88462:8284 4.90316:8386 4.90488:8498 4.908:11415 4.90997:13591 4.91677:14680 4.93744:14903 4.94164:15118 4.94532:20265 4.9497:20507 4.96002:22365 4.96589:23889 4.9907:51048 
534 379 1655 1620 1160 1030 180 708 1535 1385 1781 531 572 412 1469 209 975 879 1846 1658 1756 829 628 1754 357 765 688 647 254 421 33 1274 226 31 137 613 973 1386 825 527 313 508 1933 1084 1801 695 693 685 51 1863 194 1141 897 1196 1461 1111 1616 1675 798 459 587 1110 859 1283 614 1891 303 291 669 1856 645 1299 480 1743 304 297 667 687 1842 272 1153 513 1495 838 1626 889 1090 1466 1739 1437 340 1261 1183 1625 82 999 1118 1107 782 764 807 467 704 696 92 1749 749 1556 984 115 1681 617 1990 1273 1193 1315 1404 488 1033 1507 2 1764 166 1810 1120 476 1116 1719 80 314 230 1797 987 1078 961 15 406 5 1094 346 1872 1645 1157 11 358 1788 906 623 1401 938 1406 1735 66 1430 1609 1605 247 1377 554 474 1589 1216 1486 642 1579 1455 785 1883 1894 1031 835 777 177 626 1063 757 1515 1356 1213 1659 1512 126 616 1582 953 862 991 505 535 1244 574 1369 1654 1328 1172 1007 1190 112 509 1915 573 85 482 285 101 1087 1320 1407 1454 1878 530 1428 1439 73 567 433 1412 819 1002 100 1254 917 686 1844 1134 629 1180 74 1463 1012 439 875 716 1573 1913 1601 869 902 1205 821 1248 778 1367 831 165 178 184 426 1924 918 1456 1247 1019 499 730 58 1875 653 1072 1335 253 817 1391 689 129 491 88 380 
minDistance: 4.9907
cost: 247621
capacity: 199252
time: 51048
maxTime: 60000
LS1: 37474/38773
LS2: 430/1299
LS3: 0/0
shakeIters: 839
shakeLoops: 81
