4.35499:1231 4.42099:1469 4.46294:1735 4.46741:1873 4.52553:2177 4.72246:2771 4.78811:3827 4.82283:4560 4.83479:4642 4.85105:4841 4.85312:6266 4.88367:7162 4.89781:8857 4.90316:8993 4.90479:9043 4.90488:13414 4.90997:14142 4.93189:14775 4.95419:14867 4.96589:14941 4.97206:15002 4.9907:23053 4.99325:27227 4.9954:31350 4.9991:33186 5.00522:34980 5.00546:35761 5.00813:35927 5.01279:36511 5.01949:57905 
1110 727 134 879 342 1342 993 498 1412 1583 266 638 1626 480 1446 1019 42 961 115 829 77 1659 1383 534 1053 1451 785 1305 520 297 1160 1719 222 1335 807 1463 1892 1404 562 209 137 1797 1439 379 1229 499 1356 825 1594 1570 865 58 1801 1933 1369 1565 136 584 645 212 73 1376 177 1541 1291 907 1883 253 509 1929 897 20 482 120 119 1384 265 262 889 1828 1756 801 1089 1891 1655 724 627 1649 129 1183 704 1266 1084 406 1681 1180 572 953 1359 1438 122 1466 474 765 1437 450 1875 782 794 431 1248 970 1092 80 1192 1717 1391 1118 1143 1299 1283 712 1226 1199 1275 1913 1810 1544 1078 467 628 1090 1888 647 1328 693 1774 1486 667 279 1915 689 1634 312 130 835 525 1507 313 646 1372 817 1007 184 764 427 1798 1194 1031 378 1105 395 165 1796 1213 1320 1844 1002 1941 1134 708 1852 426 433 435 1512 653 684 227 88 304 1573 1030 1839 1872 567 248 556 380 1582 1863 254 1120 1142 1814 1739 459 1261 1493 100 901 1569 1631 461 838 1632 270 460 1351 247 976 527 1141 1781 1315 358 1385 1205 1727 1371 1540 1490 200 1794 626 1056 917 441 777 1032 1163 1963 82 1990 535 1033 1894 1658 1577 488 55 1788 1654 1216 1063 673 1093 1306 730 642 696 1479 755 1107 178 1975 821 
minDistance: 5.01949
cost: 245623
capacity: 199255
time: 57905
maxTime: 60000
LS1: 37989/39311
LS2: 386/1322
LS3: 0/0
shakeIters: 906
shakeLoops: 86
