4.41296:1344 4.4804:1975 4.49519:2439 4.52496:2542 4.54449:3105 4.55146:3224 4.55819:3341 4.62048:3905 4.62336:4771 4.63332:5376 4.68282:5516 4.7251:5886 4.72634:7629 4.7839:8591 4.86092:8906 4.89126:9792 4.89781:9877 4.90997:9938 4.92538:12745 4.93189:12799 4.93307:13452 4.93473:14109 4.94976:14181 4.96589:14251 4.97206:30647 4.97861:31787 4.98465:34907 4.99141:36216 4.99325:36903 5.00133:38232 5.00813:39482 
1063 247 1213 1700 1221 727 1267 983 33 984 1797 782 829 1359 354 88 1756 66 506 1304 825 161 343 776 639 835 1105 1209 1033 1048 1002 1875 952 1344 1142 785 907 879 1464 764 1786 73 1305 313 1090 1420 1947 520 1609 233 610 1681 704 101 1512 379 459 1007 509 869 1810 1634 82 807 695 1990 1892 406 467 80 418 617 1580 2 802 598 917 421 687 1739 100 975 1544 1507 1309 1601 645 567 897 378 1645 74 1521 491 1495 993 709 270 1914 1019 1798 111 1842 689 821 1315 1451 1391 525 1273 853 227 777 1863 1446 1053 460 1796 214 1205 1594 1041 1356 1614 1649 482 1463 696 1702 1481 1448 1654 1565 1513 461 1569 1089 1501 480 203 1735 265 1263 865 1788 1828 1244 1369 970 1275 642 556 1320 904 686 279 851 193 663 1975 1486 254 375 1727 1118 628 848 456 1659 1179 653 1817 1573 1883 534 395 693 297 1631 178 1717 859 673 1658 1579 1954 1192 280 1970 1437 1383 798 1626 184 498 1306 1191 1123 1582 1672 58 1274 1229 1030 1302 1479 1909 627 1107 1248 1720 55 1575 1789 128 1913 466 433 499 831 450 1092 1844 1590 875 991 1466 1781 1190 309 219 1216 1428 1839 1516 742 1031 1183 708 425 1655 1160 1695 209 177 248 973 817 1749 568 1354 1872 1404 1891 1110 371 
minDistance: 5.00813
cost: 253029
capacity: 199167
time: 39482
maxTime: 60000
LS1: 36929/38239
LS2: 376/1310
LS3: 0/0
shakeIters: 903
shakeLoops: 85
