4.47269:1583 4.55819:1849 4.7162:2339 4.72246:2422 4.7251:2566 4.72634:3325 4.74345:3435 4.74376:4211 4.77342:5748 4.78811:6701 4.84875:7491 4.86092:7613 4.86534:14628 4.8831:15307 4.90488:15624 4.91677:16526 4.92797:19096 4.93096:21757 4.93307:24554 4.93448:27219 4.95145:35143 4.95419:35295 4.96002:44798 4.96204:44891 4.9657:49016 4.96957:51683 4.97206:59566 4.98752:59838 
1151 1344 88 482 1356 1376 1142 1328 1439 554 1111 1377 1180 1365 1033 1909 1783 1791 932 74 1140 313 1067 1031 1110 297 556 1891 410 1087 1248 1788 203 920 727 499 1254 371 1283 318 1384 961 1579 550 1888 1902 265 1612 1448 498 379 480 1512 166 474 435 380 1649 1190 476 58 991 509 254 807 101 989 165 1320 903 1482 1063 1886 1181 406 1654 1856 778 1735 614 304 1594 1743 340 808 1764 1601 1983 1117 695 835 467 689 1507 1002 1631 1655 638 1071 1573 463 1892 1630 1090 777 708 1226 272 1577 192 675 959 1324 1118 1623 798 80 439 628 1239 1582 782 1134 425 1799 429 865 1078 504 841 433 450 1501 1385 1391 875 869 863 1733 1107 1620 1865 936 177 630 669 233 1451 1596 1306 1789 1009 577 1797 1872 1105 595 1183 821 446 765 1019 1697 704 534 1717 1160 1938 1739 1703 1205 973 224 55 1273 756 1874 1521 227 598 1213 1267 1556 802 1844 1842 825 1098 1302 2 897 1469 879 178 579 626 1700 11 322 253 668 1143 1479 1828 1883 1810 627 907 194 1261 817 641 1057 819 1094 1915 613 1383 1371 1089 1493 780 1191 1423 1015 734 1776 1495 1509 184 456 652 859 358 70 112 211 1702 1034 573 1315 502 970 645 617 902 1935 1894 1463 1681 938 1913 1274 527 982 198 1640 1878 73 1709 426 
minDistance: 4.98752
cost: 245954
capacity: 199209
time: 59838
maxTime: 60000
LS1: 36653/37952
LS2: 418/1299
LS3: 0/0
shakeIters: 853
shakeLoops: 81
