4.55655:1675 4.62048:2348 4.62417:4062 4.62509:4140 4.7162:4404 4.72246:4460 4.72634:5441 4.74345:5586 4.7839:5719 4.80302:5779 4.82249:5904 4.83479:6036 4.83746:6116 4.84684:6252 4.86092:7409 4.86958:18471 4.89644:18557 4.89781:22625 4.90316:32321 4.90479:39234 4.90997:46161 4.91288:48751 4.91548:52021 4.9288:57661 4.94532:59093 
835 384 1507 378 1640 1180 1540 1479 627 1569 1229 1335 1798 693 1839 1192 262 1463 55 1140 1110 532 1493 807 97 357 686 1205 1756 1502 848 1082 1844 379 1842 1365 1675 1797 322 509 1088 1293 534 764 1114 796 450 1017 421 460 1658 1021 1118 1248 1419 82 317 1275 1601 1105 480 1008 334 1397 1451 1391 672 295 277 865 506 604 1174 1655 1191 1416 1468 616 1151 33 1244 825 1306 1695 101 433 1216 1964 1107 1328 1134 1739 1935 406 520 1040 279 1913 863 198 304 410 973 1610 1030 1466 121 708 88 954 1702 194 248 383 1589 1264 1801 254 1605 667 165 1495 788 1782 74 108 831 1131 970 1058 1093 1776 1486 652 178 1799 702 1330 782 1892 765 303 1299 1949 297 1683 1681 784 938 1254 1692 1737 535 467 499 1384 153 1910 801 1688 1956 137 1494 803 1261 100 1274 1649 264 1320 817 879 629 897 1283 1838 243 1385 247 342 1053 184 715 126 645 209 647 1966 1929 1059 1453 1090 1796 1412 1909 842 643 129 1226 1580 1087 709 935 58 1115 572 1201 834 1456 1983 696 1288 1912 1358 314 1437 1990 713 380 493 642 63 1481 1369 89 1367 1006 1190 1915 1943 456 1436 426 159 193 1513 1063 1643 1439 1356 798 73 1828 1012 1891 479 1031 1267 1089 1810 1120 491 265 800 1657 1213 23 838 646 1475 727 1582 737 1446 20 
minDistance: 4.94532
cost: 240802
capacity: 199163
time: 59093
maxTime: 60000
LS1: 36986/38294
LS2: 453/1308
LS3: 0/0
shakeIters: 830
shakeLoops: 80
