3.9407:626 4.21439:1250 4.43878:1728 4.60489:2204 4.63486:2915 4.64459:3302 4.65013:3365 4.6778:3541 4.68968:3734 4.72246:4172 4.74169:4345 4.76988:5231 4.7912:5686 4.80831:5874 4.83479:6087 4.86534:6968 4.88986:9455 4.89126:15271 4.89781:15327 4.9288:15451 4.93189:15638 4.93744:16528 4.96589:26721 
1839 936 519 591 1354 164 1351 1210 33 1596 1328 1273 5 1902 165 101 1120 1929 1654 1579 1248 1847 829 317 1886 1709 1874 1722 953 1776 1963 1645 1657 1350 446 184 467 1229 1356 667 841 1376 458 796 233 1791 975 1176 798 1365 166 689 737 821 781 1953 626 291 1680 938 179 1788 406 427 806 696 687 645 1019 600 708 1358 1655 1160 73 1463 44 976 529 1430 1089 724 1111 1565 1407 808 693 88 1002 1283 1582 130 209 358 48 1030 1315 520 1094 907 47 865 1192 1909 897 1844 1914 262 858 534 1344 1098 704 1912 777 715 1815 1717 572 1681 82 378 1486 115 628 1164 1507 192 1171 322 1302 727 1526 623 917 776 1739 1894 1063 1420 1467 426 1153 1306 1573 1143 1754 1223 1594 254 414 1611 1181 1883 310 1863 869 1377 1087 1658 1409 279 1320 97 1954 1501 499 1631 1601 1544 1035 297 1590 1216 1888 476 1361 1990 178 1951 1244 1267 863 782 1964 1068 433 1461 202 421 647 42 488 111 627 1428 410 194 247 1012 1649 973 1614 1140 177 1620 859 778 581 825 482 58 1495 1190 331 245 379 384 159 817 1385 431 1131 1274 459 1448 1892 80 577 280 1142 1653 265 1626 1872 1919 55 849 1700 616 819 1205 100 227 1535 74 1756 1828 1810 1763 1107 1090 346 435 1913 759 535 1968 1836 1342 685 1735 270 248 1369 730 1801 1933 
minDistance: 4.96589
cost: 249768
capacity: 199209
time: 26721
maxTime: 60000
LS1: 35507/36778
LS2: 455/1271
LS3: 0/0
shakeIters: 793
shakeLoops: 76
