4.21385:1014 4.29081:1234 4.45837:1868 4.46421:2806 4.56226:3161 4.57565:3354 4.63228:3893 4.65013:4104 4.65818:4184 4.6778:4379 4.71983:4571 4.72315:4736 4.7251:5714 4.72634:5792 4.75426:6098 4.7872:6192 4.80831:6254 4.82139:6316 4.85611:6996 4.86092:7127 4.86193:25402 4.8831:29399 4.90176:29511 4.90288:30282 4.90479:30572 4.908:51796 4.91677:51962 4.93744:53197 
727 5 460 1938 1797 222 708 1134 1105 128 550 1385 1143 1416 1909 1796 429 253 1682 1565 1761 384 1419 358 1364 1274 1190 230 1879 1019 917 1267 166 606 615 1914 247 1320 310 433 203 734 506 709 579 1213 1872 262 742 502 1391 918 1160 1517 1507 74 178 1883 340 626 1058 1659 1814 60 480 1011 572 792 961 379 1579 1810 954 179 1535 30 1508 443 745 1078 834 645 1975 1739 534 224 965 835 1306 291 1584 1113 165 1354 1114 1912 441 1717 1794 1264 1573 1283 724 1953 322 1092 969 1302 1997 1384 1728 729 435 577 1356 1383 395 82 80 297 1466 1700 498 1030 964 1675 456 1205 1575 1357 1229 953 1474 653 801 654 295 1244 1566 1795 88 1922 1655 556 938 1163 666 1417 1255 1119 450 1412 1486 184 748 1804 1451 33 985 85 595 1910 531 1033 84 1501 227 482 1856 279 1221 1223 695 897 410 844 773 1610 11 439 1735 1183 913 829 100 777 1469 863 1495 509 1515 667 1150 978 1601 304 209 1954 817 1913 254 1448 1764 1042 730 406 1626 1844 808 108 309 1043 567 1956 693 1248 1815 737 1455 177 1032 819 798 427 535 1342 973 1751 1328 1216 610 623 1756 657 932 1485 1420 313 778 1681 1465 1273 192 1493 1404 1040 47 58 825 1580 73 1430 194 901 1727 1968 1915 1658 1892 1924 1299 1094 1120 426 1530 821 412 1933 
minDistance: 4.93744
cost: 249755
capacity: 199260
time: 53197
maxTime: 60000
LS1: 35506/36778
LS2: 439/1272
LS3: 0/0
shakeIters: 805
shakeLoops: 77
