4.1565:930 4.28157:1279 4.42099:1577 4.51708:2159 4.53997:2465 4.55655:2657 4.60193:3010 4.60489:3101 4.64752:4245 4.69896:5533 4.72246:5723 4.7251:5799 4.72634:7542 4.75373:7726 4.75426:8230 4.76803:8519 4.7869:8619 4.80302:9521 4.80798:11653 4.82563:15549 4.83746:15820 4.84066:15873 4.84875:15928 4.86373:16611 4.86534:18046 4.88462:18994 4.90176:19279 4.90997:19963 4.91271:21251 4.92729:23340 4.92797:24571 4.93744:24677 4.94532:30626 
1397 450 279 1513 705 574 1248 1680 1089 798 1886 1781 1412 397 726 1261 1437 1019 179 1694 1302 616 1902 1342 1402 467 1246 1244 835 1953 1090 534 1655 1180 254 1205 198 406 938 821 243 1814 1610 1796 1892 247 493 1798 509 1702 126 709 987 772 748 72 69 1190 1108 5 89 639 1078 991 1756 1894 1943 1474 499 1382 480 33 82 657 1364 1017 1720 765 664 204 1727 848 1891 653 1028 708 907 527 654 1666 189 1142 613 1579 104 935 1254 456 1380 1912 378 669 1120 1495 1476 358 318 902 1416 1681 1888 695 1645 1401 1810 693 1849 849 453 1324 1874 825 262 1160 1247 1883 1589 1209 727 778 906 815 1230 432 543 80 520 1494 58 632 1703 1107 66 1466 1030 1306 773 614 1335 838 460 426 346 1782 253 1485 1659 1788 396 1210 1816 1134 749 1033 704 1229 863 686 1320 1468 932 1739 687 192 1216 807 474 879 1463 973 1274 251 1938 1675 859 1012 953 23 1658 1087 223 897 88 1455 627 782 689 886 178 1063 379 482 1456 165 1735 961 1419 663 184 734 1654 1385 579 1878 1328 1915 1273 1072 1501 1913 1293 128 1700 1493 1797 459 572 1762 617 1842 209 535 1299 177 476 1267 1512 601 357 137 1990 1737 1683 1631 412 293 112 508 1944 808 917 1031 1844 297 869 1632 446 304 1002 764 
minDistance: 4.94532
cost: 246093
capacity: 199202
time: 30626
maxTime: 60000
LS1: 36936/38227
LS2: 397/1291
LS3: 0/0
shakeIters: 861
shakeLoops: 80
