4.08054:746 4.1761:975 4.45837:1533 4.49386:1895 4.62509:2618 4.65722:2758 4.68516:2911 4.69092:4378 4.72634:4647 4.75426:9247 4.84684:9969 4.84875:10511 4.85312:11265 4.87487:11342 4.8831:11528 4.88579:11968 4.89117:12028 4.89644:12730 4.90176:12910 4.90279:16731 4.90316:16832 4.90997:18128 4.93189:20031 4.94532:24170 
480 1261 1063 192 1886 1654 1123 543 1050 907 1773 247 1612 509 1933 410 777 73 97 1216 1067 88 1275 1056 1507 1229 673 1313 1015 1795 1797 378 1810 266 1134 1959 859 184 1466 627 1094 297 1675 1540 1891 1756 1913 897 1463 727 1490 304 1022 1552 380 292 1031 1412 800 1700 628 1909 1747 1359 461 1302 1796 1954 923 1328 704 1582 1437 715 802 1369 1143 530 1955 1983 1320 708 1892 1419 753 279 1131 1493 991 371 1306 749 460 1478 493 693 1124 1213 1495 253 1565 426 128 695 427 1623 807 1368 626 177 869 1727 243 1883 119 949 1739 1118 863 1455 219 82 652 702 224 1601 1386 1315 1681 80 1182 456 383 1244 1107 616 1521 1347 556 467 817 1839 133 209 835 421 466 1041 55 764 58 357 499 358 782 1448 254 130 1356 1324 1544 1828 865 1384 1888 1924 313 291 488 1439 684 1201 1535 689 1223 765 527 584 1194 1267 1358 1743 39 44 1798 1697 1609 1110 663 825 11 1153 973 1140 1385 322 906 1894 653 1486 1494 1461 189 1273 1972 808 129 450 459 74 227 433 108 1344 1569 1512 406 614 1631 647 1283 623 1645 1515 1205 1502 1814 42 153 1838 166 1836 194 1655 165 842 1429 1090 1464 112 126 1427 617 214 1248 1482 970 429 1915 318 1844 821 1030 917 1431 534 178 1087 264 137 520 1443 
minDistance: 4.94532
cost: 247146
capacity: 199192
time: 24170
maxTime: 60000
LS1: 37895/39199
LS2: 390/1304
LS3: 0/0
shakeIters: 890
shakeLoops: 84
