4.21105:999 4.42802:1390 4.46741:1664 4.50584:1819 4.56226:2103 4.57664:3119 4.60474:4044 4.62207:4136 4.62417:4279 4.67313:4790 4.67736:5852 4.68516:6309 4.68968:6533 4.70279:8070 4.72246:8980 4.7251:9834 4.72955:10719 4.7869:11947 4.79513:12015 4.80302:13265 4.80831:13382 4.83746:14821 4.84372:17900 4.84576:18672 4.89781:18872 4.90131:20229 4.90176:21052 4.90316:21216 4.90479:22095 4.90488:23544 4.908:26005 4.90997:26074 4.91239:32494 4.9154:33395 4.9288:33501 4.93744:34234 4.94532:45529 4.94626:49400 
1979 1762 1391 192 316 264 1596 498 1909 764 1844 886 1493 55 1788 807 1356 1486 463 357 1799 1190 500 487 626 1735 842 219 209 467 897 939 1791 322 1722 1506 687 1162 2 33 577 1798 1579 1334 765 938 1205 166 1891 1913 902 488 194 178 184 1094 1090 1398 534 1118 823 1776 1502 849 279 1512 1495 177 1589 1372 1451 1274 1954 845 304 1156 1131 838 1179 295 1419 247 1476 1782 1351 817 685 1839 1328 1089 808 358 1009 1273 1246 1544 88 254 669 1071 1244 130 82 639 1582 1610 101 459 70 652 73 270 1211 1657 253 954 869 303 1088 970 1912 642 233 730 1267 74 1983 1975 1888 556 1565 1852 1575 1453 1416 1367 58 1192 759 443 715 297 378 1700 1797 936 456 1401 1796 1063 490 1658 1953 1407 698 1929 613 1369 1320 165 737 475 1681 1847 1384 243 1521 1795 1119 331 1675 645 406 782 907 1620 1828 379 1019 468 1756 1216 42 776 727 802 1482 248 1655 1223 600 210 859 426 1158 44 1302 1727 1221 800 821 1344 693 1481 100 641 224 310 1466 1680 953 97 964 1604 1561 1306 1996 262 223 421 1667 1002 1399 1140 1783 1160 222 1283 1195 375 1163 1181 1479 1463 1883 265 65 654 1248 798 627 1210 1654 15 47 1802 863 334 601 1892 1176 460 1385 1342 1601 493 1943 825 280 1576 509 973 
minDistance: 4.94626
cost: 247376
capacity: 199200
time: 49400
maxTime: 60000
LS1: 35743/37094
LS2: 519/1351
LS3: 0/0
shakeIters: 794
shakeLoops: 73
