4.36623:1291 4.46005:1471 4.50765:1684 4.54449:2093 4.55146:3263 4.57664:3702 4.5839:3875 4.65013:4147 4.68385:4231 4.7158:4430 4.74376:4531 4.7869:4964 4.78811:5020 4.78842:9402 4.81547:10289 4.84066:10417 4.84875:10756 4.89457:11012 4.89644:11425 4.90176:13813 4.90479:15875 4.90997:16740 4.92569:16804 4.95434:17535 4.96589:18339 4.9907:18615 5.00133:18750 5.00441:19461 5.02355:19578 5.0254:20222 5.02732:21030 5.02902:23515 5.03071:27842 5.03451:27946 5.03803:29415 5.04205:32402 5.04269:33170 5.05132:43836 
1205 1408 1211 1320 1244 961 81 954 482 410 1216 907 354 77 1377 689 724 247 1335 1248 1053 1446 80 1601 1072 985 1190 1087 932 737 1384 616 1105 764 1063 1486 1512 1659 297 1199 627 1852 829 1683 1056 1359 316 1419 1990 1844 1658 1493 39 1914 1401 55 879 1819 493 995 801 499 495 1119 1412 825 1702 33 406 1090 1163 1756 848 667 248 1107 184 838 254 1299 1247 1739 100 1657 817 1521 1481 1788 222 1267 1399 788 101 842 1501 456 859 1032 1697 1801 1700 1720 1391 653 1369 1156 1466 1589 1017 917 1573 1302 253 1254 642 1195 340 1755 556 1306 1798 574 126 1387 379 1839 1342 1330 1451 1350 1495 251 807 295 1681 901 520 1579 576 1106 534 1436 1594 1908 460 626 1654 1735 262 1427 1764 1367 441 1888 177 695 1356 1407 970 509 1810 179 821 1488 1030 304 869 1727 280 702 1120 579 1423 841 1416 1089 1437 272 47 178 1954 461 800 897 1456 1797 466 378 990 1582 934 693 1463 1134 2 130 865 426 591 58 613 431 82 1094 129 1468 1283 835 1915 1002 137 209 1655 1875 1385 993 727 938 708 73 425 1315 1230 279 1943 165 902 1183 1675 1328 1620 1626 202 1909 1144 270 1614 119 709 1901 74 1226 1273 808 647 357 782 480 1088 1262 1031 1776 1863 383 1059 1728 1892 443 
minDistance: 5.05132
cost: 250497
capacity: 199185
time: 43836
maxTime: 60000
LS1: 36797/38137
LS2: 475/1340
LS3: 0/0
shakeIters: 827
shakeLoops: 77
