4.45181:1389 4.45837:1547 4.46741:1722 4.53997:2213 4.54122:2296 4.55819:2615 4.68516:2974 4.72246:3212 4.7251:4492 4.72634:8240 4.74345:9343 4.74376:9495 4.7912:15481 4.80302:16308 4.80831:17417 4.81036:17577 4.81547:17750 4.82964:18249 4.8468:20124 4.88462:21244 4.8931:22170 4.89644:23575 4.89781:24250 4.90288:32764 4.90488:34091 4.90997:34330 4.91677:34948 4.92569:36900 4.93189:37559 
652 1816 863 803 1247 29 1223 1844 476 101 646 219 1385 1187 304 1983 1142 480 1582 1776 807 1579 1495 1118 1493 1213 209 5 80 1428 551 1262 375 1883 645 262 1539 616 1023 1513 1810 534 865 1210 1783 1975 1464 178 265 310 312 773 97 51 1610 907 1267 11 88 354 897 862 1886 1158 136 1412 111 334 626 335 835 1306 684 309 1356 1067 297 1009 704 506 1087 601 886 508 1996 1120 1605 730 115 1089 727 1888 1761 1640 1609 695 119 923 529 1190 1943 983 1244 1580 520 1134 819 1351 535 128 1057 295 254 1157 838 1494 1672 1401 1056 1521 798 1014 1727 621 567 460 296 1692 499 825 985 953 555 1211 792 1228 821 210 1940 1649 1033 1100 1273 1728 527 1954 427 1283 1107 1342 1040 1953 435 112 904 1255 291 488 808 450 1819 1430 87 1631 1512 901 1201 322 1594 1131 1031 416 73 642 1990 194 192 1612 764 889 482 1019 421 1589 1915 614 675 1105 1063 1681 1788 689 917 1437 227 1919 1439 243 1781 724 1910 525 687 1756 1205 1620 1573 82 1735 1501 212 247 1192 1248 226 1933 1739 1119 693 249 1797 623 439 137 1090 778 1667 33 1913 1466 62 406 253 1891 1451 1229 1856 1195 1391 1299 1455 1384 1796 74 100 759 1071 708 715 1872 1369 879 1892 358 737 380 702 1719 513 66 1261 1507 184 
minDistance: 4.93189
cost: 244988
capacity: 199172
time: 37559
maxTime: 60000
LS1: 35543/36877
LS2: 486/1334
LS3: 0/0
shakeIters: 819
shakeLoops: 77
