4.03883:723 4.20833:1049 4.28157:1632 4.35499:2068 4.48646:2617 4.49386:2820 4.51708:3015 4.57836:3769 4.6059:3849 4.68968:5399 4.7158:6735 4.7162:6874 4.77283:8706 4.7778:8768 4.7839:9341 4.80506:10410 4.84508:10666 4.84684:10788 4.86092:10972 4.90488:12480 4.90997:20981 4.92569:21181 4.93448:22332 4.94532:25559 4.94705:27390 4.95419:28697 4.9545:32446 4.9657:33663 4.9991:33854 5.00133:35700 5.00813:50586 5.00815:51754 
756 614 1615 1192 973 1464 1273 777 126 1620 358 474 1044 1283 1573 1142 433 1582 100 1495 1727 1120 1908 849 642 1180 304 58 689 1275 1439 1728 506 384 551 166 527 470 55 1856 623 1490 1213 1659 851 406 1437 340 378 1796 1814 1304 897 427 1816 1493 1764 1609 1451 1419 1872 1342 1089 1324 669 203 460 1031 1107 1261 1183 1369 1645 987 765 334 1151 1131 1801 934 233 904 355 482 1649 297 1030 1892 253 192 627 1356 1521 450 1359 5 1274 1190 1216 1797 994 693 1315 556 902 184 1002 835 1655 1385 479 1828 917 1430 1640 1842 431 446 1466 488 879 1844 1463 1839 375 1017 821 574 397 1883 1350 112 247 727 1205 764 1193 101 279 1700 1164 1658 1739 819 28 254 1654 499 1199 1535 456 1481 808 177 613 577 865 1063 1631 1915 991 410 480 1810 1229 1865 1933 1681 313 1328 265 1579 520 1267 1456 1405 379 532 33 426 632 1254 1913 1320 1134 976 1090 1990 626 807 695 1404 342 1720 1034 1033 534 291 1891 318 1786 993 1344 1382 136 1248 125 380 1888 1391 1140 1023 1788 667 1019 68 1756 726 1105 1863 509 737 262 498 782 704 584 1380 1158 1594 1507 459 1383 80 801 708 724 179 1160 178 270 684 1119 441 467 1306 829 74 1372 825 73 300 579 653 953 1244 1072 1048 
minDistance: 5.00815
cost: 241725
capacity: 199154
time: 51754
maxTime: 60000
LS1: 36393/37674
LS2: 356/1281
LS3: 0/0
shakeIters: 893
shakeLoops: 84
