4.21439:914 4.47875:1461 4.48646:1553 4.49386:1664 4.52572:1754 4.53997:4571 4.5839:4765 4.60193:5000 4.6085:6169 4.61375:8527 4.63451:9450 4.64752:10339 4.7251:10573 4.72634:11429 4.83453:12932 4.83479:20791 4.84372:24763 4.84684:44642 4.84875:52880 4.85611:52968 
777 1611 1749 1501 1244 1229 1288 1573 1685 1464 1030 177 1739 1949 341 316 295 1306 1872 1683 1031 408 1315 1419 1376 864 897 1515 1828 1799 825 906 506 1273 88 1383 1995 973 1454 1019 1160 1322 280 1489 1717 206 1856 1320 179 1968 1565 1221 476 1008 742 509 297 331 1332 101 1756 1863 865 279 683 1420 831 1213 1702 1274 716 1495 1623 1604 688 629 1361 310 251 1439 1205 513 516 1609 1834 1662 730 410 311 604 1847 86 1727 1048 845 1709 491 254 184 1601 69 761 1983 58 81 1500 970 1631 31 209 1954 1794 1127 229 1087 1304 1687 1744 1486 1267 219 765 1386 1776 304 1795 1645 1015 1561 1493 806 1108 1 1456 1990 1002 1596 1216 666 1844 1256 1050 715 737 1362 226 505 935 994 1409 426 1745 705 1437 708 1810 724 1579 309 1402 632 1666 1513 815 1909 20 546 134 1063 534 530 433 1654 247 388 2 645 944 1924 1681 406 628 1385 1110 1781 1917 1111 340 1703 1463 1735 907 991 1883 1448 1283 11 1724 1955 854 627 1675 1134 1915 1697 562 1316 313 342 1177 499 421 1731 1569 1371 782 904 652 773 844 1032 1657 1042 693 1427 821 984 137 1309 642 796 1090 185 1722 759 1344 358 858 674 1507 1428 1412 456 459 248 687 1196 123 477 574 1368 1330 685 1788 764 1797 709 1806 1248 159 976 1467 647 1637 1328 467 379 1453 1526 89 74 1041 1382 1512 136 639 1399 1929 1879 
minDistance: 4.85611
cost: 246361
capacity: 199256
time: 52968
maxTime: 60000
LS1: 36309/37600
LS2: 495/1291
LS3: 0/0
shakeIters: 776
shakeLoops: 76
