4.16034:905 4.28393:1366 4.29594:1469 4.46741:2727 4.4827:3037 4.49386:3218 4.49519:3335 4.54847:3642 4.55655:4268 4.58396:4776 4.60193:5042 4.68516:5316 4.72246:5848 4.7251:5974 4.72634:7010 4.72739:7812 4.72955:9489 4.76468:9856 4.77342:10048 4.83479:10245 4.84576:11745 4.86092:12550 4.86193:12777 4.8931:20325 4.89781:20381 4.92797:20610 4.93117:26641 4.93448:26695 4.93744:26751 4.94473:27385 4.94976:39627 4.9657:40333 4.96589:47635 4.97644:51020 4.98752:53244 4.99059:54505 
1456 1943 1267 748 264 825 1796 938 1391 254 1463 1408 1894 509 1335 184 1659 1423 375 1735 115 470 226 1575 1063 1342 461 1119 1116 1089 1254 1080 835 128 1427 601 1315 44 1708 192 1143 114 111 953 708 616 179 467 1727 803 1468 1205 726 1493 1781 1273 782 993 269 1756 334 1299 527 1266 2 917 1909 62 1798 1350 1681 859 325 431 1247 1915 1797 667 970 614 556 194 1107 1110 1229 1056 272 1626 604 1844 879 1078 1176 209 1521 1495 1654 1680 1120 1501 1367 1579 615 270 1703 1385 1009 821 247 1072 1630 88 710 1469 1303 1466 699 74 848 817 1776 709 1913 1634 1195 1739 29 753 1486 1030 421 1098 961 534 1594 1847 1561 530 1306 309 1019 897 1094 1728 318 1002 829 1180 1033 730 642 867 379 1451 535 1324 653 973 764 1506 1738 73 695 77 304 1700 686 1190 1023 713 406 154 297 1412 983 1216 625 1376 1658 704 1528 1428 474 907 1302 902 211 66 1359 1872 693 1878 1448 253 86 300 1990 1802 1383 1275 262 80 112 55 1032 1819 82 33 1535 358 626 1042 499 137 520 1407 1248 801 165 1891 687 1786 1384 1320 1672 1283 340 63 1353 1842 58 1356 1419 451 1035 1162 684 47 1980 279 1764 178 1788 737 1601 1226 645 100 291 1158 838 1437 433 1883 807 1183 727 1582 354 798 1476 
minDistance: 4.99059
cost: 252846
capacity: 199201
time: 54505
maxTime: 60000
LS1: 35974/37240
LS2: 396/1266
LS3: 0/0
shakeIters: 834
shakeLoops: 78
