4.2049:1089 4.23577:1176 4.43878:1554 4.46191:1653 4.54449:1955 4.55146:2132 4.60193:2340 4.68942:3145 4.68968:3213 4.72246:3740 4.7251:3976 4.7839:4080 4.7869:4587 4.82964:4747 4.84875:5646 4.86092:10392 4.8831:18405 4.88382:19291 4.90176:19468 4.90279:20630 4.90316:22055 4.90479:27229 4.90488:28412 4.90997:32478 4.92572:33158 4.92915:35178 4.94626:38864 4.95419:38928 4.97206:39702 4.9791:45564 4.98521:45713 4.98752:48356 4.9907:52764 
961 1302 1262 1116 166 1229 614 2 1761 1892 1828 1495 358 1582 395 1143 227 253 300 1507 194 459 667 82 226 1437 1180 74 180 509 1205 1579 474 530 488 567 1119 1134 15 1856 499 184 534 1419 1735 322 11 101 579 727 1801 115 1090 685 1359 825 1160 379 1369 292 1756 629 1589 1846 1929 1672 137 907 1700 1192 613 1771 1575 1288 1428 222 1461 1953 369 1847 346 1788 953 1342 1810 1007 803 730 1601 684 1990 687 1658 842 92 480 1535 482 262 734 1194 1875 1975 1941 111 441 126 798 1213 73 334 1915 897 1404 1863 704 1057 932 1894 993 623 1626 987 1654 340 708 1609 1328 1176 938 906 689 1577 1401 817 165 1356 1502 1951 645 254 209 1616 297 556 279 1141 1569 1118 693 1481 1799 1659 1486 1739 990 975 782 304 1183 1790 1468 1573 724 1681 1320 1781 838 114 192 1469 498 1844 869 886 1610 1943 535 247 439 1412 426 129 88 5 572 81 1195 1891 1407 1513 991 1254 47 829 112 527 1001 1391 1816 210 1244 1727 100 1299 1385 653 1430 119 1354 55 1883 1655 1248 819 985 1283 1107 1796 223 1913 859 1399 1620 178 66 1649 1273 807 1640 406 1804 1842 33 737 1267 1126 1872 1737 1466 1367 1094 58 1120 1274 1002 490 80 627 1063 821 476 1335 1089 312 1878 370 48 291 331 1019 
minDistance: 4.9907
cost: 253523
capacity: 199180
time: 52764
maxTime: 60000
LS1: 36780/38079
LS2: 440/1299
LS3: 0/0
shakeIters: 826
shakeLoops: 78
