4.43878:1333 4.45837:1492 4.60193:1901 4.67313:3379 4.70279:3632 4.74376:3891 4.80831:6640 4.81547:6810 4.83453:8801 4.83479:9310 4.8468:9622 4.85225:9735 4.86092:9865 4.88731:10672 4.90452:11220 4.90997:11279 4.94633:11389 4.95419:11725 4.95434:13041 4.9545:13208 4.96002:15401 4.9657:16093 4.97206:22470 
1810 785 1875 380 1781 2 1560 821 1737 1814 1913 1382 1448 82 378 1320 614 1387 1273 1234 75 180 291 1654 1371 851 1163 276 1803 1072 492 1031 1239 482 222 1977 1681 1328 325 527 1844 531 279 165 1735 1513 693 177 1846 1305 807 1017 1342 1439 450 74 506 1521 1126 129 1466 318 1180 1507 1626 340 66 727 551 1223 838 426 1717 1094 1601 1655 907 221 194 720 1267 1940 1302 1090 1786 1990 1852 684 1504 1023 1953 379 226 480 1019 1120 70 1620 554 1486 1795 1199 1801 1842 406 1702 616 1835 1892 159 1116 1796 1283 1299 685 309 1630 1359 346 441 55 1929 1391 1579 1863 247 1397 627 829 1727 1315 1032 137 1213 825 669 304 704 88 846 1700 737 902 1376 58 136 1226 1229 1183 433 331 1515 579 1914 1756 503 1335 862 1891 1091 1107 1088 653 115 474 1697 178 1481 1582 1385 80 953 1247 1248 1836 1872 1659 1190 708 1695 1817 1798 748 81 1799 184 248 1788 1404 782 1042 765 686 297 773 1067 1427 1493 48 322 459 1369 1839 613 535 509 897 742 1256 1830 1412 83 227 1495 209 1451 1631 1463 1501 1383 262 73 710 567 1764 1117 534 1205 270 689 192 973 499 1739 97 1975 1111 1156 1056 1254 1883 253 1512 556 1409 1002 1573 775 1063 1598 1915 976 1535 985 1356 667 119 645 272 938 179 1007 
minDistance: 4.97206
cost: 249026
capacity: 199186
time: 22470
maxTime: 60000
LS1: 38255/39561
LS2: 369/1306
LS3: 0/0
shakeIters: 914
shakeLoops: 87
