4.29081:1270 4.35204:1486 4.45837:1682 4.48421:2255 4.5052:2488 4.55146:2894 4.55655:4005 4.56496:4291 4.5945:4755 4.59925:5119 4.60193:5779 4.60489:5843 4.67313:6119 4.68516:6197 4.68968:6281 4.69092:6344 4.72634:7868 4.72955:8141 4.74169:8247 4.74376:8305 4.7638:8784 4.77858:8970 4.80302:9812 4.80506:10199 4.80831:10275 4.82964:10563 4.83479:10631 4.83746:10795 4.84684:10864 4.8931:11258 4.89653:16062 4.89781:20076 4.908:20163 4.92915:20260 4.93448:21055 4.93744:24931 4.9497:26461 4.96589:29110 
1953 1589 137 1320 474 1640 1751 1501 623 1700 1369 535 192 435 1420 412 1975 468 33 613 1500 798 184 1495 108 1120 601 379 1658 1924 214 821 1560 954 66 835 964 1654 1601 1244 815 1385 358 556 808 825 1748 645 1894 274 223 1932 1874 1727 1358 30 838 1573 520 1902 1019 73 97 1883 429 653 1739 1735 1737 1486 1407 1205 863 1781 433 907 1090 708 1513 1408 280 970 807 1437 1190 1891 493 709 534 1071 764 931 426 312 226 1828 689 1995 778 1324 1412 1438 1631 28 1717 166 1782 1983 616 1087 1439 1063 1908 1736 247 279 313 406 178 1248 1131 1512 437 585 777 209 1134 531 1183 1342 128 1509 1356 322 513 253 529 581 254 80 897 1100 460 929 1544 1040 734 1886 74 482 1485 1118 776 672 177 1761 1213 572 101 917 15 848 654 456 1479 165 1203 1810 906 439 1384 1933 58 1151 1576 1938 834 1419 628 1033 1797 782 266 737 1756 272 1493 1391 729 1919 1094 1990 652 1620 1216 1328 1570 342 1283 960 334 687 1180 902 1582 724 446 1856 819 1274 130 1306 1233 1315 1195 695 1316 1302 1804 1042 248 1344 1204 1577 421 727 119 879 1681 1815 1017 346 1464 632 1351 297 667 1603 2 194 1645 82 55 627 219 1229 1469 1246 1466 1590 1892 1913 100 953 1844 1223 330 1507 1210 936 693 309 1176 480 270 1030 
minDistance: 4.96589
cost: 253146
capacity: 199351
time: 29110
maxTime: 60000
LS1: 32852/34395
LS2: 804/1543
LS3: 0/0
shakeIters: 701
shakeLoops: 64
