4.19762:1087 4.31129:1398 4.46741:2019 4.47064:2152 4.48646:2228 4.55655:2502 4.60193:2857 4.63451:3092 4.69092:5586 4.70279:5836 4.7162:5938 4.7839:6844 4.7869:15576 4.78811:15906 4.79513:15974 4.81033:17512 4.82964:17681 4.83479:17795 4.83552:19061 4.84875:19756 4.86092:19821 4.89117:21253 4.90176:22793 4.90316:25652 4.90452:28835 4.90479:29037 4.90997:30566 4.96589:31653 4.97206:40006 
1610 1244 1123 632 1735 1582 1632 604 82 1681 178 1702 1142 101 1593 1875 1163 223 265 248 2 1369 1134 129 1688 1118 375 1601 1481 1909 1654 1131 1883 1573 1579 1356 1495 73 1844 166 1115 1655 704 1354 379 1274 426 1872 1176 297 693 531 737 1894 1781 1344 788 1090 184 859 1019 161 821 313 55 1739 70 192 66 1437 1041 806 1544 865 807 1205 159 1983 1912 254 1892 1302 421 1463 1283 446 1935 1248 498 406 727 535 1223 1727 1193 1466 11 858 1152 1143 1737 354 1042 63 1328 1320 467 1120 1376 198 1033 1788 1190 1501 194 33 886 1526 1306 1539 708 1954 1305 1828 621 227 177 279 499 1267 1569 906 1975 1009 653 1002 509 1229 897 439 1782 1952 1798 1653 796 1439 696 795 1816 973 777 1878 1428 262 756 687 1107 1110 97 689 1842 180 429 1119 1516 1762 309 1404 953 845 1756 534 74 111 488 1486 1799 1057 1717 724 88 1530 459 641 652 1810 1913 1386 1695 1852 1226 1888 1151 456 1817 1383 1801 778 77 1448 1384 1521 1063 261 322 1091 280 476 479 742 1094 801 304 1929 600 1213 552 1658 782 1700 346 1158 247 667 642 1053 879 825 1980 970 1507 384 100 45 165 80 233 508 935 798 776 1631 1089 1561 15 1796 1990 1797 627 645 1407 1863 243 764 568 835 1273 938 1192 1479 
minDistance: 4.97206
cost: 246711
capacity: 199168
time: 40006
maxTime: 60000
LS1: 37085/38372
LS2: 400/1287
LS3: 0/0
shakeIters: 858
shakeLoops: 82
