4.21926:957 4.29594:2403 4.43878:2874 4.49386:3384 4.60193:3627 4.60489:3815 4.62048:4023 4.66955:4288 4.68385:4803 4.69092:5784 4.7158:5978 4.71895:6170 4.72315:6248 4.74368:7363 4.74376:7522 4.75426:7972 4.7869:8732 4.78746:9190 4.80831:9261 4.84347:10141 4.84684:11834 4.84875:12001 4.85312:12055 4.86092:12852 4.87085:13854 4.8831:14689 4.90316:15261 4.90479:16256 4.90488:17100 4.90997:17154 4.93189:18030 4.93744:19436 4.94473:19486 4.9545:21444 4.96002:22197 4.96483:27262 4.96589:28532 4.96936:30363 4.9991:31677 5.00813:34247 5.01046:39704 5.02212:40483 5.02673:56957 5.02902:58543 
689 556 952 559 1092 1274 909 297 1205 727 1030 901 272 509 534 1002 616 667 1990 673 1131 1513 1176 993 828 406 184 1702 1448 459 897 708 1384 1764 554 165 1593 136 28 112 2 1737 532 1697 1344 101 1089 88 1786 309 849 1306 704 456 1892 1722 1229 848 970 192 1254 995 97 1844 1594 426 614 467 384 709 1213 821 499 270 1575 808 279 1455 782 310 1427 1451 1098 493 222 1681 627 1485 1315 801 1328 254 798 642 1495 653 724 1437 1302 161 313 304 159 421 80 1391 1463 1891 907 645 1739 470 1090 1120 520 1094 379 1162 1579 1609 815 1915 550 1797 1626 1267 1072 340 1320 233 1461 1190 684 1582 829 82 973 1975 58 1828 879 77 429 696 1814 577 354 817 1601 1717 1248 1700 1359 730 748 1342 1980 574 1369 1466 439 1385 1736 1720 1521 568 623 800 1183 1063 756 433 1654 1553 1788 130 1134 227 269 953 1560 1781 1356 461 1658 1402 1033 1142 1371 474 1163 902 1464 1143 1160 1631 1273 1914 838 114 527 606 1894 1561 841 177 1383 1655 1114 1570 825 875 1530 1659 1909 247 737 100 210 55 1819 178 450 807 777 628 185 685 435 1244 1649 778 193 1216 1032 929 1886 166 219 1501 1486 1019 358 74 1727 1180 693 1798 1573 835 291 1756 1105 316 342 917 
minDistance: 5.02902
cost: 247829
capacity: 199181
time: 58543
maxTime: 60000
LS1: 36521/37830
LS2: 386/1309
LS3: 0/0
shakeIters: 879
shakeLoops: 80
