4.4919:1579 4.55146:1979 4.60474:2103 4.60489:2274 4.62509:2642 4.6693:2918 4.68664:3234 4.68968:3297 4.70279:3354 4.72246:3567 4.74345:3630 4.76397:4046 4.76803:4425 4.78746:6572 4.82283:6762 4.83453:9857 4.83479:9974 4.84875:13233 4.85992:26618 4.86092:32389 4.90316:43505 4.90488:43653 4.90997:44739 4.93448:45429 4.93744:48726 4.94532:50702 
863 80 1626 1878 460 426 1399 1205 1404 346 1247 1163 1556 1226 628 379 1521 756 1315 467 1342 1681 384 1631 1801 166 1601 1078 1697 1573 556 1490 1117 1739 1717 178 977 297 727 1494 1299 1427 1466 81 450 1700 1654 1094 708 821 4 33 316 1087 1797 1359 1151 431 1593 693 879 1582 1589 1057 509 975 1852 614 74 1929 1316 626 1560 617 1053 433 499 669 987 406 1913 1306 1817 1111 1856 1385 11 1428 645 1351 765 1278 825 1391 1842 1283 1056 1894 953 667 410 534 838 1244 1736 568 84 1430 1756 1990 1980 668 729 1437 1872 543 961 1019 1632 1328 272 1934 1594 1120 192 1794 653 439 1579 1456 527 1105 285 1248 1223 1002 1716 1183 625 1160 1924 932 1155 164 734 1229 1369 1976 1107 1033 1320 1954 136 459 1482 165 1615 1143 354 1575 999 1063 1788 764 1891 1702 532 1729 773 1473 318 1162 1072 177 1194 82 1796 1915 247 1720 1140 1875 551 798 304 1886 1419 808 1126 1118 675 322 488 2 535 897 973 357 476 1302 1420 520 585 1727 276 1764 1659 777 1451 456 1675 835 1213 88 1814 954 137 1892 1476 32 1114 819 1469 1408 1334 621 1463 184 1481 591 421 1777 1561 291 1350 817 707 206 146 335 807 1031 801 1412 313 829 759 1067 782 666 601 254 159 1401 1888 615 1655 1495 1273 101 129 1844 193 865 917 
minDistance: 4.94532
cost: 245769
capacity: 199341
time: 50702
maxTime: 60000
LS1: 36212/37483
LS2: 402/1271
LS3: 0/0
shakeIters: 843
shakeLoops: 80
