4.47875:1400 4.55655:1754 4.60193:1912 4.64459:2244 4.68968:2450 4.69092:3397 4.70279:4164 4.72663:4945 4.7839:5052 4.7869:5988 4.80302:6101 4.83453:13920 4.84875:15304 4.86092:15477 4.90488:16400 4.90997:17921 4.93448:20316 4.93744:37571 4.94473:55957 4.94532:59776 
177 782 1244 222 673 1943 1437 667 1653 1254 178 897 1316 1262 317 1735 340 835 1229 388 1756 219 1223 1267 279 495 482 1134 406 115 1680 1888 1609 1739 1466 254 1328 764 1816 1063 371 798 708 426 727 1796 89 80 1140 499 1042 724 316 1306 1820 84 1401 1863 1659 1717 247 684 796 1293 723 551 1017 642 1804 1002 1476 1934 704 617 488 579 1875 1105 1190 817 461 1275 825 459 1419 1320 379 164 1702 470 184 1494 1535 1211 1216 1114 474 1892 1205 623 74 693 1953 433 359 1673 1089 879 867 1626 101 987 1675 82 1655 322 1754 1916 800 1019 1681 975 1315 976 20 88 460 616 1658 1589 1123 1737 710 1283 863 807 1688 253 1915 653 209 1180 730 224 1208 1264 993 1043 290 114 1495 1949 929 1030 808 1056 1428 1248 985 33 1788 264 645 889 28 1569 610 304 233 66 1594 1461 1886 1891 476 297 1149 1997 165 192 1031 1904 953 1914 1631 765 520 916 595 358 970 130 378 1839 1894 821 1333 1302 23 801 1107 412 865 815 194 58 1164 932 73 450 1755 1385 1797 291 1575 1094 1913 1342 129 1451 1126 543 179 1727 397 963 729 864 572 527 1455 1356 991 1012 55 1201 1090 47 100 136 1761 17 198 614 243 384 1582 534 938 160 1595 1344 917 1033 42 829 759 695 1513 689 137 519 1490 628 961 771 1700 1883 
minDistance: 4.94532
cost: 246369
capacity: 199181
time: 59776
maxTime: 60000
LS1: 34350/35660
LS2: 467/1310
LS3: 0/0
shakeIters: 823
shakeLoops: 78
