4.46741:1291 4.48178:1499 4.49386:1581 4.62509:1842 4.63451:1945 4.68282:2471 4.68516:3201 4.68968:3331 4.69508:3536 4.7158:3719 4.7251:3858 4.73983:3980 4.74345:4774 4.7839:5668 4.80798:5829 4.82964:6004 4.84066:6783 4.84721:7551 4.85928:9930 4.86534:10087 4.90479:10210 4.90488:11870 4.93448:12073 4.94532:12146 4.96589:12301 4.98492:13478 4.98752:13648 4.9907:16024 5.00224:19619 5.00441:20402 5.00758:21838 5.01279:23555 5.02355:23701 5.0254:28967 5.02666:33020 5.02902:38568 5.03127:38676 5.03517:57420 
33 1141 730 380 1810 1888 1032 724 1194 859 849 727 1573 821 977 426 991 309 474 961 1485 1658 1233 707 1451 782 825 379 1640 100 1078 623 1057 1369 55 953 1844 614 1342 509 1324 262 1376 384 165 1283 270 1072 63 520 1302 1916 584 1683 675 1328 1408 1306 1180 1799 704 1461 1521 1659 1828 81 1034 1409 88 178 976 1894 708 579 406 1796 1577 291 1620 101 1891 777 598 1959 764 929 1356 491 1737 527 1002 645 693 450 498 835 1261 82 1892 737 801 1493 628 209 1385 272 193 668 480 869 1649 224 1344 1213 1819 74 1739 1541 848 897 493 802 89 1582 1720 1134 128 325 689 322 1507 1700 709 1315 297 247 1609 1229 482 1427 642 1915 532 276 1142 800 233 205 460 1863 938 1205 1579 803 879 1681 819 698 1594 1513 613 313 1490 653 1626 179 1601 1839 1223 829 1384 1401 534 1244 437 1107 340 435 1933 577 1160 467 1924 119 1006 499 1914 1667 1391 479 630 112 1094 1031 2 1786 1466 80 1181 1697 1056 1560 254 973 1273 1970 1535 1063 1423 192 279 1193 304 726 1495 1756 1087 1788 1420 184 1114 1313 1856 1090 932 1903 1359 1797 1248 1708 1727 815 1330 748 1254 433 807 1320 1463 1436 1140 1717 817 1183 219 77 227 970 556 58 456 767 695 1764 1814 1736 1439 1655 685 1589 1654 1842 
minDistance: 5.03517
cost: 242517
capacity: 199167
time: 57420
maxTime: 60000
LS1: 37482/38789
LS2: 434/1307
LS3: 0/0
shakeIters: 835
shakeLoops: 79
