4.25932:1274 4.53173:1991 4.53232:2070 4.55146:2266 4.55655:2373 4.60489:2895 4.67313:3192 4.68968:3290 4.72315:4002 4.74376:4114 4.75426:8194 4.76988:8262 4.78811:8333 4.80302:8393 4.81033:16782 4.84347:16849 4.85105:19793 4.86092:22757 4.86534:49757 4.88731:50027 4.90279:50837 4.92572:50904 4.92915:51594 4.93189:53606 4.94019:54300 4.94473:54406 4.94532:55172 
1801 115 210 614 669 1420 1273 1891 815 1412 529 1912 297 1601 88 1892 520 491 1100 253 1328 1486 1675 1846 709 1749 1162 334 1582 875 313 450 964 627 1844 198 527 1589 1903 39 1874 354 1947 647 1071 184 460 708 1643 1761 1090 1391 1002 443 1309 1797 604 84 317 1369 495 764 1455 917 1983 1966 137 1839 425 480 1495 166 369 192 1953 897 28 990 835 493 1501 1280 1030 264 1356 1254 1216 568 63 1913 1466 730 272 1262 842 100 74 1205 734 1190 33 1902 1579 279 1909 572 1118 1134 1419 310 617 773 606 130 77 346 1764 209 1856 729 1302 1334 82 358 1119 765 1320 58 178 879 574 247 1482 1658 1408 849 798 1342 1513 601 534 68 1727 652 1063 1072 101 1756 1183 1681 459 1847 1087 817 1700 1623 482 825 378 1416 1804 543 55 379 800 1828 194 1385 1739 848 727 995 97 645 126 777 1500 1754 715 60 1267 1990 1274 1933 1105 1175 474 1654 1814 1788 1229 695 1315 1264 1344 938 807 838 410 165 426 1683 412 1442 498 177 952 821 2 667 136 1005 226 1213 1451 653 433 1210 1031 782 1437 1609 1751 1924 819 693 1575 935 1645 80 1735 970 1894 1248 1275 1094 1743 704 254 1131 1144 1515 1367 406 316 1576 1382 623 11 977 1401 342 1012 304 865 1120 1915 1203 762 1244 707 1481 702 
minDistance: 4.94532
cost: 253541
capacity: 199213
time: 55172
maxTime: 60000
LS1: 36622/37932
LS2: 451/1310
LS3: 0/0
shakeIters: 832
shakeLoops: 79
