4.20833:1043 4.46741:1701 4.55655:1876 4.5839:2169 4.60193:2246 4.62509:2555 4.65818:2856 4.69092:2994 4.72246:3085 4.72634:3289 4.73287:3674 4.7839:3777 4.80302:6355 4.84168:7052 4.84347:7899 4.86193:9506 4.87085:11416 4.8831:11503 4.89781:12226 4.90488:19691 4.90997:19750 4.92569:21930 4.94473:23357 4.94565:23994 4.9497:28492 4.95246:29118 4.95419:29180 4.96002:29419 4.96324:30473 4.96589:33090 4.9751:34361 4.98521:37591 4.98752:37707 4.99325:39142 5.00133:45944 
579 165 1205 849 1423 73 1383 534 1573 1369 1063 1342 20 499 69 476 433 859 1735 1980 798 1798 262 1485 1709 1700 82 1940 161 1949 224 1872 1526 1427 1681 166 869 1463 178 184 388 645 230 835 568 1886 1156 1328 879 556 1552 1609 431 970 1883 1123 907 1078 89 358 848 1094 1336 1769 1776 825 917 272 1626 467 684 1408 1781 80 1267 1582 74 1455 297 1254 1283 764 973 782 1315 1266 667 1495 1836 1667 1334 1535 426 1892 1344 92 1697 1368 689 1280 916 2 1929 88 1839 189 1384 727 1359 410 1030 1823 1654 58 1019 1302 709 482 309 379 1954 1594 1160 1448 1090 1655 509 726 693 938 932 1576 1420 1407 176 1909 270 1111 991 1056 1739 100 577 55 1569 1862 461 906 626 623 1828 954 1371 279 1959 219 114 627 1727 334 821 1113 1577 742 1575 243 708 1356 530 316 1033 1119 724 829 340 159 616 354 456 1306 953 247 1134 1728 808 647 1419 1631 1032 1601 1521 112 1092 614 737 1320 435 527 335 520 1933 194 730 384 1913 1107 1797 1796 251 1114 513 253 1126 748 765 1089 209 406 429 39 371 15 807 1915 192 1376 1501 480 851 1390 1756 254 233 460 1536 1213 1863 1385 101 506 897 778 304 961 777 1486 1229 1842 1216 1476 1248 313 1034 1717 322 1031 673 1244 801 1658 1437 1659 1261 803 
minDistance: 5.00133
cost: 246578
capacity: 199249
time: 45944
maxTime: 60000
LS1: 38091/39372
LS2: 373/1281
LS3: 0/0
shakeIters: 873
shakeLoops: 83
