4.45837:1611 4.49386:1753 4.53232:1965 4.55655:2165 4.59475:2516 4.59925:2822 4.62417:3855 4.7162:5368 4.7251:5575 4.72634:6601 4.72739:7511 4.72955:8587 4.75426:12926 4.79556:13104 4.83479:13187 4.84721:13245 4.84875:13384 4.86534:20179 4.8831:36848 4.88986:45400 4.89126:49013 4.89653:49154 4.89781:49208 4.90316:50040 4.90488:52867 4.93448:57955 
1160 1420 88 42 1273 475 1226 1788 935 1796 426 1315 264 1229 1448 1134 63 58 1658 1515 1844 1703 1935 1990 346 1756 1335 1386 1819 1762 730 226 1582 938 184 821 1398 1466 1356 520 964 1371 695 687 693 1631 1042 1361 1912 82 1604 764 667 907 835 970 248 262 1501 1839 1614 1046 100 166 1412 806 1512 1306 1749 60 498 1579 1028 817 1781 1050 443 1829 1275 807 1533 792 130 1052 1576 1190 47 1391 101 1115 1883 1983 591 879 1955 44 1575 917 355 997 1783 1654 724 55 1565 1810 321 1486 178 1350 1205 357 322 985 418 1142 177 1601 1640 1828 1120 1201 1733 1262 1239 1118 1383 194 1727 1728 1891 271 129 1090 1400 628 1407 279 647 1071 112 1914 1116 1320 470 859 1751 1355 126 645 577 280 446 1031 713 270 552 313 340 427 1019 1913 1863 1735 1463 211 535 1078 509 1675 642 825 1794 801 1875 1033 1023 1192 932 704 441 286 1213 261 247 798 1089 1211 720 556 254 1702 534 1210 1872 1952 600 1495 1865 1507 689 1488 1814 1299 869 1248 379 1915 358 1453 297 1700 961 627 1244 1274 1493 1267 1063 572 1156 73 304 782 1692 433 863 458 1847 604 897 1328 115 922 336 1161 1513 737 193 1797 1681 1909 192 626 652 976 727 994 1892 460 1384 1100 1216 209 406 1223 378 1283 265 459 1954 1002 519 435 1611 929 1683 
minDistance: 4.93448
cost: 243748
capacity: 199224
time: 57955
maxTime: 60000
LS1: 33729/35121
LS2: 608/1392
LS3: 0/0
shakeIters: 758
shakeLoops: 72
