4.25537:1028 4.28076:1266 4.41674:1751 4.41875:1968 4.44693:2136 4.49364:2329 4.53487:2536 4.55144:2622 4.55906:2835 4.60762:3193 4.63026:3270 4.67171:3577 4.67863:3697 4.69284:5160 4.69304:5245 4.72358:6539 4.73631:6776 4.73729:7858 4.73937:9497 4.7512:10181 4.76528:12536 4.76598:13350 4.76758:16178 4.7963:18386 4.79935:25070 4.80095:25209 4.80158:25957 4.80558:26805 4.81059:31764 4.82061:33149 4.82532:33573 4.83296:36718 4.83543:38086 4.83779:46622 4.84813:48486 4.85157:50441 4.86755:57151 4.87123:57202 4.88299:57876 
606 1169 1401 505 983 920 842 340 715 211 1350 1876 1084 1121 642 1662 1972 708 266 80 23 1513 819 879 844 1801 991 1728 28 1463 138 795 124 1705 1179 1846 1228 1814 1556 176 779 1417 689 993 964 1726 1032 902 233 1863 126 1220 152 1866 931 834 1649 636 1267 508 1980 824 1057 1160 1788 52 450 726 1194 645 684 88 1248 1653 676 771 1275 1835 1031 499 1704 572 485 411 1652 1251 900 1003 1954 1243 1359 1319 788 214 1221 470 431 1971 1799 1172 490 193 136 73 464 1473 1097 1038 236 596 1797 1540 1022 1217 756 1478 322 1358 553 468 1946 1894 51 1119 858 1453 297 1743 504 164 1107 1454 1465 982 1562 1833 414 1406 1575 1516 749 1034 1985 955 1690 1438 1844 262 1902 614 680 1552 1499 625 1559 1950 1200 1626 199 1994 639 961 574 247 160 410 66 1427 304 1028 35 821 1699 970 1598 1177 1560 60 119 1576 1541 673 1226 1922 86 212 364 1975 360 1080 695 1130 1412 527 1407 1784 1012 1590 1495 1609 531 1589 1820 875 1773 690 1081 656 1184 439 375 1917 533 1071 974 727 1749 893 1274 65 1794 1739 1455 1040 198 1865 244 1091 325 565 3 1344 1398 1328 1227 1371 1912 1213 1063 1633 850 129 1573 1090 449 81 1190 1982 1195 100 1357 1655 1810 1051 1702 677 1785 1527 1546 1334 243 1408 653 
minDistance: 4.88299
cost: 243667
capacity: 199195
time: 57876
maxTime: 60000
LS1: 35638/36937
LS2: 430/1299
LS3: 0/0
shakeIters: 830
shakeLoops: 79
