4.31097:1068 4.36591:1344 4.36848:1465 4.47756:1759 4.55144:2098 4.5935:2629 4.62629:2838 4.63899:3645 4.66341:3996 4.66669:4119 4.67586:5023 4.67986:5165 4.67995:5762 4.69284:5936 4.69304:6236 4.69365:8379 4.72358:8540 4.76811:8709 4.77148:9671 4.78263:9807 4.78495:11259 4.78648:18226 4.81774:22614 4.82061:25150 4.82343:31553 4.82402:31605 4.84512:49911 4.86377:52454 4.86407:53805 4.86755:54574 4.8822:56555 
115 1894 335 243 1996 1233 325 1420 304 1220 1328 164 65 468 1946 726 431 1060 1465 1888 504 858 1364 840 1274 991 211 1988 464 1975 244 708 1351 949 1983 1473 1247 1630 641 1874 904 1417 119 1773 1080 1990 1762 383 1810 251 596 71 316 1143 801 1093 1101 1550 902 684 322 380 1738 1190 1213 138 1217 1179 1124 179 838 1803 28 1582 296 397 35 546 677 669 247 80 1063 788 414 219 1142 1499 1541 527 1240 1562 931 16 293 1486 435 776 446 1053 638 1128 1656 82 1742 1594 1334 1358 1160 1234 1540 1412 1304 1359 1062 1084 3 1866 1814 1071 1172 1688 1314 192 707 212 1797 1517 1929 210 1243 844 1432 1935 1442 1756 1589 1917 1022 689 1516 1107 1356 129 1842 1512 1716 668 705 645 1788 236 1427 1350 1865 1655 233 1019 73 440 884 1032 51 576 68 1248 429 1705 1118 1547 695 1575 614 1040 1105 572 1573 1556 865 574 1407 552 534 379 1489 768 1876 396 1390 412 1959 1371 734 281 693 987 427 202 493 1595 1076 358 859 1291 1162 704 1997 1477 974 367 1686 1579 1496 331 831 198 193 1985 1293 1183 124 771 1089 1119 30 111 1180 1637 824 1466 1972 1527 834 264 1653 1801 687 793 1506 1244 1536 1229 579 1902 1846 849 829 1267 81 207 1090 519 389 1187 150 1698 23 901 1463 
minDistance: 4.8822
cost: 243994
capacity: 199248
time: 56555
maxTime: 60000
LS1: 35936/37247
LS2: 439/1311
LS3: 0/0
shakeIters: 841
shakeLoops: 79
