4.25926:1203 4.3421:1432 4.44547:1642 4.47196:1805 4.47756:1892 4.55144:3408 4.55906:3654 4.61228:3944 4.66341:5684 4.67586:5802 4.7037:6751 4.72596:7974 4.7512:8116 4.76528:8725 4.76598:8781 4.78379:9528 4.79787:10624 4.79935:10699 4.80095:11480 4.80301:12713 4.81452:13454 4.81562:14390 4.82343:21453 4.82402:23415 4.83543:30478 4.84813:36664 4.85872:37332 4.86212:37664 4.86755:38332 4.87123:40870 4.87405:42716 4.88299:43930 4.8986:45807 4.91677:50079 4.9194:50323 4.93488:51535 4.93743:55881 4.93997:57701 4.95161:57768 4.96189:57877 
325 1226 1829 1903 1413 198 379 1190 1977 1846 1653 233 1844 829 1071 1746 897 821 637 1160 1472 1059 1063 1463 1892 293 136 1089 1799 1453 243 579 1935 1091 1614 121 858 917 1535 160 1344 667 1454 931 993 527 656 1221 585 1894 1704 1032 849 244 42 848 1667 693 227 1762 1626 1398 1630 1540 522 124 317 663 1888 431 1917 961 1797 412 974 375 1620 1499 642 1080 1455 534 119 1761 953 247 499 1912 322 73 1172 1562 844 1194 277 224 944 565 111 1390 1086 296 1432 143 66 1420 1536 673 619 1359 1946 58 1817 1479 23 1856 715 1305 669 1589 1060 1743 1003 1427 906 1267 212 17 262 1090 1051 1985 987 1658 1545 779 875 421 464 474 86 1728 1178 1105 749 780 403 1950 1334 1335 1861 513 1810 638 1407 425 1233 298 60 1247 1119 340 636 1933 1489 1516 902 1952 901 176 251 834 1590 1686 1866 572 1513 109 1255 1143 1739 1902 1391 439 1496 435 1361 845 1040 129 1401 1663 1350 1552 704 1122 630 604 1371 1412 900 1680 1771 964 889 114 1468 689 1652 791 1351 826 478 806 1193 1909 1408 684 1994 529 28 1757 1216 1356 1057 1416 1971 1019 310 55 973 1702 1814 1929 915 1261 504 194 1144 1970 331 1656 1304 306 1429 1842 1959 1495 1177 1465 615 1031 53 429 1277 596 266 903 
minDistance: 4.96189
cost: 239481
capacity: 199207
time: 57877
maxTime: 60000
LS1: 37587/38871
LS2: 353/1284
LS3: 0/0
shakeIters: 891
shakeLoops: 82
