4.15297:930 4.29886:1255 4.41674:1517 4.46745:1792 4.47756:2938 4.49364:3084 4.51106:3209 4.51746:3298 4.53015:3384 4.55906:3607 4.56155:3818 4.60762:3963 4.6519:4263 4.65455:4337 4.65548:5114 4.66245:5199 4.66341:5479 4.67586:5638 4.67986:6051 4.68801:7528 4.69262:7589 4.73833:9855 4.7512:11180 4.76528:14132 4.76598:16149 4.80095:16702 4.83543:22468 4.86246:27377 4.86755:28743 
91 152 115 266 1994 100 1093 647 505 63 474 984 1359 993 771 1878 1653 119 246 1044 668 1996 1325 122 1712 1442 1221 1667 1040 1060 1545 1560 74 778 1799 272 1507 826 1630 1019 247 511 1752 983 522 1122 1817 1929 1739 974 1042 1559 504 970 1415 1975 1264 1874 1681 924 534 1672 192 667 788 1465 1810 1107 641 1398 396 1453 1985 1556 596 1910 1819 1200 336 1244 357 176 1160 858 1797 869 722 638 403 519 233 360 244 1213 548 251 1499 1239 425 1130 1432 1665 1876 1434 1438 1328 821 243 138 1573 1142 1456 1590 303 1468 1596 1380 1933 583 1427 379 136 1658 1652 1084 776 1216 1742 801 66 727 1233 1550 1089 1391 1829 773 1743 179 1723 1190 1091 1655 1846 552 902 25 1516 476 322 918 133 1788 464 1194 1350 1293 1090 1063 1283 28 1236 991 165 1861 358 114 1649 1966 199 1059 212 1982 963 1463 623 1892 509 1356 1756 1844 429 1408 1010 306 642 1371 1728 1757 1801 1562 124 224 236 431 375 331 1917 889 440 964 831 1249 421 1284 1274 1426 1417 310 1032 681 715 1943 293 1856 619 879 1479 1686 849 1489 1888 468 1172 1495 285 450 1105 1028 508 1513 1319 187 1705 705 1344 1071 264 1412 1785 1699 1361 663 499 150 1745 574 1576 735 47 1614 258 895 684 414 334 1041 1579 1179 606 201 1267 1226 
minDistance: 4.86755
cost: 238866
capacity: 199173
time: 28743
maxTime: 60000
LS1: 37344/38626
LS2: 392/1282
LS3: 0/0
shakeIters: 861
shakeLoops: 82
