4.16482:901 4.42459:1555 4.42483:2249 4.43037:2357 4.48712:2670 4.55906:3130 4.60515:4717 4.60762:5796 4.61228:6157 4.6519:6332 4.66483:6460 4.67619:6596 4.67986:6732 4.6809:8470 4.73392:8549 4.73631:8629 4.76528:8817 4.78648:9133 4.79935:9209 4.80095:9417 4.80158:22866 4.80558:25063 4.81059:32961 4.81562:33052 4.81774:34752 4.82343:34818 4.82402:35491 4.86246:55918 4.86407:56807 
211 133 1162 258 630 568 296 1829 1697 645 1427 584 705 293 1883 673 369 374 1247 1739 206 1274 80 585 865 1342 1761 1220 771 606 464 1040 1221 1267 987 449 1996 947 1072 1293 897 1084 1349 212 1630 47 97 198 751 1709 1629 1817 74 1503 1053 42 689 1797 470 1367 304 1436 1523 902 199 1799 1105 821 1705 1820 1153 1438 1575 1876 677 1810 165 1063 1496 251 1686 1966 523 1864 952 493 676 1681 1071 1190 1172 1356 1590 1917 1454 921 1249 1143 1432 1655 1662 1959 1910 901 1513 1878 1034 1499 499 176 236 403 1594 314 858 527 1781 1802 209 1888 1728 1982 826 1994 1359 243 1042 1330 1290 272 1229 837 1412 1248 1652 136 1866 331 840 1032 1023 51 1692 150 1465 1633 614 553 641 779 1985 974 1559 111 554 1779 933 124 108 531 379 920 1579 734 663 793 776 1227 104 991 1742 900 1735 1803 642 656 1291 179 1130 224 849 983 1562 596 1573 1264 1645 414 1179 844 1081 164 1044 1024 1757 727 680 1823 1902 1914 440 1223 1844 81 574 1486 87 429 1749 375 1090 1723 668 684 615 1664 829 970 509 1434 4 66 16 1051 1952 756 88 1788 667 1328 903 859 1091 1391 244 889 1468 1801 58 15 1325 749 233 1107 1780 115 1928 669 856 1463 367 1273 572 431 1762 1314 636 1903 1653 1420 1217 1614 1100 310 1396 884 1912 1856 
minDistance: 4.86407
cost: 246069
capacity: 199156
time: 56807
maxTime: 60000
LS1: 34558/35843
LS2: 448/1285
LS3: 0/0
shakeIters: 808
shakeLoops: 78
