4.28609:1265 4.29886:1560 4.49784:2289 4.51027:2615 4.53487:2808 4.53525:2995 4.55296:3085 4.60848:3252 4.63484:4524 4.63763:4703 4.67863:4890 4.69284:5089 4.69304:13285 4.71793:13665 4.7335:13742 4.73697:18721 4.73833:19566 4.74733:19650 4.76598:20284 4.76758:26324 4.79382:26384 4.79686:29760 4.80158:29824 4.80432:38929 4.82429:53819 
527 1371 522 875 1248 396 964 484 1014 841 645 1451 663 1019 1822 615 858 1762 509 1632 1463 949 1521 119 253 198 1552 1910 165 1344 574 621 354 1917 212 432 1697 584 614 1429 1063 1817 880 58 1961 47 955 1606 821 684 513 243 1226 316 176 1090 421 1274 514 1291 1797 1876 272 244 900 431 446 223 1053 300 1977 849 80 1390 306 1943 388 209 417 1593 1681 859 1590 133 298 1359 94 1432 803 1107 207 1089 1368 233 1003 970 1105 1124 1742 1180 1688 1653 1164 1743 1427 636 179 1801 606 178 293 1398 1050 1804 1023 768 412 947 1537 224 1142 801 750 1479 1739 1649 848 1626 548 1350 1623 1952 1183 1878 1247 959 28 1576 1656 1087 1190 889 1200 727 367 1110 1213 4 115 1966 97 161 1217 1140 51 100 828 829 519 1249 637 476 1816 1465 1675 842 1408 437 1516 1116 983 596 266 443 1975 248 214 1647 1559 1385 1143 677 583 441 129 579 904 1233 1509 987 331 470 1160 1041 854 464 136 1243 1144 1517 1342 1652 1489 336 1453 1959 1038 1788 87 322 232 1912 1764 689 1267 508 1351 66 1495 1903 1889 531 1556 1172 1947 1304 1216 1155 1583 1468 1455 1866 705 1550 1705 1071 1562 1420 1856 1178 1356 1757 439 1442 668 1506 296 1095 844 924 440 297 1005 1630 1093 371 389 1579 1076 264 1620 776 667 
minDistance: 4.82429
cost: 245369
capacity: 199153
time: 53819
maxTime: 60000
LS1: 37360/38649
LS2: 430/1289
LS3: 0/0
shakeIters: 834
shakeLoops: 80
