4.24197:1034 4.41875:1726 4.45214:2189 4.46745:2568 4.47756:3297 4.498:3448 4.51106:3943 4.5935:8103 4.61228:8711 4.62983:9473 4.63709:9663 4.63763:9874 4.66341:10056 4.67863:10157 4.67995:10514 4.69304:12734 4.69348:15396 4.69365:15558 4.70734:15652 4.72212:16292 4.74155:16641 4.76598:18066 4.7664:18319 4.77453:21644 4.77594:21753 4.77773:22438 4.79077:23138 4.79382:25260 4.79935:26116 4.80158:26409 4.81814:27190 4.82402:29725 4.83872:48445 4.85841:50785 4.86337:56073 
776 1479 581 1031 534 1456 1365 340 519 66 1084 210 858 668 1799 243 1985 1609 877 164 637 849 264 1788 606 1093 879 630 1496 565 1349 412 1814 440 1846 1910 1929 749 1190 1476 1330 1305 880 224 973 1149 1598 161 152 1177 693 1334 242 638 901 138 1391 734 1952 1007 1251 33 1089 1509 410 212 1560 1540 771 310 214 1239 1686 1463 1451 1516 16 614 1041 425 1535 585 513 1844 1797 1726 1090 1977 247 1692 1412 1954 522 615 841 1573 807 991 509 884 1821 1267 498 848 1630 1489 1633 1801 1247 1248 1817 1874 119 904 842 293 1071 1316 1655 553 150 1107 1291 60 1194 427 1014 1653 185 71 176 1420 211 647 461 1829 108 380 1517 1262 51 1552 1003 1390 1244 974 1162 367 439 875 959 490 474 1274 1506 446 1739 616 684 1187 1876 947 202 1864 1438 1959 514 1427 1902 1407 1840 695 1718 964 1356 87 1559 292 1183 1866 1105 184 982 198 1917 690 1408 1909 825 325 1536 1616 129 65 80 1234 596 796 1076 641 297 354 759 1545 1261 1344 233 421 1579 1359 1502 869 1894 1803 669 165 219 1675 1119 1562 987 793 1160 949 1527 240 1328 1364 1757 1225 1570 1255 74 1405 244 435 336 1649 1057 1060 1589 112 1429 136 1217 708 1454 316 358 1116 1810 431 1935 1223 94 1705 1193 908 1888 1019 801 
minDistance: 4.86337
cost: 245582
capacity: 199159
time: 56073
maxTime: 60000
LS1: 36139/37411
LS2: 382/1272
LS3: 0/0
shakeIters: 855
shakeLoops: 78
