4.40809:1252 4.42351:1369 4.48712:2129 4.58661:2568 4.606:2938 4.63026:3130 4.67986:3902 4.69262:6127 4.69284:6707 4.74155:6836 4.7512:7957 4.76528:8047 4.76598:9538 4.77773:9934 4.77781:10467 4.79087:11172 4.80158:12659 4.80432:14433 4.84813:14539 4.85157:25327 4.86755:27304 4.86943:31160 4.9194:35367 4.92428:41278 4.93136:41334 4.93258:41570 4.93262:50817 4.93743:56365 4.9457:59032 
1883 1728 1892 138 1057 1997 1143 801 1463 1350 953 669 1757 296 1552 1243 1429 1768 1952 1107 1499 1063 920 58 446 585 431 490 795 1053 1003 244 684 1427 293 1590 1090 1193 124 1652 1846 1508 1797 858 184 1391 1598 1468 1438 192 875 1172 1785 30 1093 596 1829 412 1742 1814 306 1034 584 1368 849 1902 1819 857 270 1267 243 179 1975 705 993 964 1540 1032 1180 1495 877 1247 1071 1739 527 1496 94 1434 331 1408 639 1401 1364 227 1432 1609 531 848 1479 1040 115 1097 1653 900 1406 1579 1190 1783 842 949 1248 385 1762 1455 499 1903 1542 616 1513 1084 1298 1985 1333 247 358 645 1690 1124 1359 1951 1723 1221 1914 1761 1623 1917 1817 223 677 1878 974 573 1709 1059 129 1681 133 297 1658 508 1390 1935 1649 704 668 1466 819 500 1810 695 1160 637 834 1856 821 1051 1116 513 1110 209 1478 1833 850 1249 1516 615 1360 1835 776 1420 23 1816 735 253 470 1982 1589 504 1575 902 1177 176 1865 1977 568 1228 1358 632 298 212 1105 383 1876 266 514 1844 715 1347 1024 519 1319 771 756 811 224 1371 1959 1335 1712 421 693 28 572 1142 901 136 114 835 1626 285 322 656 1545 1217 1760 1033 683 304 1560 522 1954 236 152 272 464 71 565 1489 1743 73 1344 667 1788 1041 66 1620 1060 696 435 983 
minDistance: 4.9457
cost: 242870
capacity: 199188
time: 59032
maxTime: 60000
LS1: 36980/38320
LS2: 465/1340
LS3: 0/0
shakeIters: 846
shakeLoops: 77
