4.40809:1444 4.48052:1881 4.48074:2272 4.49364:2390 4.55144:2632 4.55296:2871 4.56808:3018 4.63394:3203 4.6519:4683 4.66297:5087 4.67586:5288 4.68282:6077 4.69284:6297 4.69365:6615 4.72358:7278 4.7402:9481 4.75049:9627 4.76811:9702 4.77594:13866 4.77773:14091 4.78648:14903 4.78807:16353 4.79382:17294 4.80158:17405 4.84813:20430 4.85157:23105 4.85872:50645 4.86755:57035 
1912 1573 1164 1516 1662 254 1630 1090 877 1712 1412 1589 1189 131 1262 340 1396 1124 1072 514 837 879 789 1840 1190 1010 1653 3 1371 1922 759 669 129 1342 1560 1950 1645 1643 1609 1092 1705 1692 776 1390 1453 1952 642 596 944 974 993 23 28 555 1217 1324 821 1032 845 1757 1407 232 168 1060 636 1039 1982 1575 1160 1894 297 440 1994 1863 983 1687 65 574 1031 681 1562 673 1495 1420 684 1177 199 1675 1304 1943 1488 1489 1736 1142 1810 411 1293 709 1063 900 1515 645 136 1655 859 1801 234 508 298 1229 667 238 1213 535 630 86 1236 1829 1814 176 1255 1739 1626 331 858 815 1105 1979 490 1782 1924 119 1275 637 509 1071 499 1351 808 1364 1929 1434 616 1954 206 160 1652 778 124 1248 1084 565 322 1878 1544 66 1702 266 244 475 1169 1359 1203 584 1442 243 889 860 1249 897 1951 46 402 1917 173 1007 375 902 947 1761 388 1836 1902 1385 1903 531 240 418 1427 1019 1476 169 470 194 224 1247 1935 184 615 1143 1463 204 1844 304 1656 1723 1966 1743 1089 277 233 1432 632 1590 513 1783 1521 1051 1047 1762 385 423 81 961 842 1172 1038 1261 1946 1274 1014 412 731 1576 964 1328 1559 1344 504 212 1119 720 1817 1686 367 938 1180 325 285 1107 1193 1267 1933 1145 715 1657 1728 519 1221 1091 165 656 865 179 
minDistance: 4.86755
cost: 245225
capacity: 199189
time: 57035
maxTime: 60000
LS1: 37605/38870
LS2: 403/1265
LS3: 0/0
shakeIters: 834
shakeLoops: 79
