4.28712:1058 4.31097:1207 4.46745:1384 4.49364:1577 4.55591:1731 4.56808:2082 4.5832:2699 4.58649:2837 4.60762:3200 4.61228:3760 4.65008:4056 4.66038:4261 4.66297:4640 4.69284:4832 4.71793:5833 4.72212:7820 4.72358:12022 4.72565:12163 4.74494:12372 4.7512:12938 4.76528:14522 4.76598:14574 4.78807:15260 4.79382:16688 4.7963:19368 4.80095:20214 4.80158:33742 4.80432:40855 4.81283:40922 4.81462:41611 4.82429:42484 4.83872:51595 4.85157:54371 4.86246:56864 4.86755:57542 
829 244 1213 963 1217 1626 1912 1244 165 505 1914 1894 1024 811 1229 1762 1656 236 315 1801 1091 677 1630 1727 499 1959 1562 1982 1576 653 636 1579 1319 1408 440 859 1822 1233 1468 771 1952 23 508 1858 289 1709 114 1499 667 30 1456 1556 335 1658 1512 1143 199 331 931 1705 638 425 1283 1849 129 464 164 108 1019 1500 1589 776 1492 1623 445 1560 834 572 1943 1092 1262 643 1743 1032 1264 1084 184 1267 1407 778 1364 1356 431 1463 1063 1310 1756 1810 1003 1878 1211 568 243 984 71 1465 1181 1221 904 286 1788 1427 596 1216 669 1056 325 1652 375 1105 138 1222 727 1817 1154 1334 1975 1536 849 1153 396 1780 1116 388 84 504 897 1162 253 1398 974 1089 574 987 432 10 842 1390 983 360 298 1516 947 336 421 322 1829 233 824 176 1645 1876 918 801 1451 411 65 1044 1687 1371 900 1417 1620 642 1996 749 668 1462 1985 73 511 1515 439 223 1005 1335 60 1739 1728 687 1333 247 645 869 1489 1692 1344 297 192 1933 1866 1031 412 993 1432 1917 212 964 296 565 1731 1712 534 1799 1819 1391 853 136 1454 51 168 1550 1653 903 1076 1090 1160 821 684 514 615 1842 74 1040 204 1941 1107 1797 1071 1559 1359 1416 889 1856 1966 1864 1248 381 160 742 1479 1190 1902 1351 285 340 266 1946 1423 844 
minDistance: 4.86755
cost: 241698
capacity: 199173
time: 57542
maxTime: 60000
LS1: 37656/38962
LS2: 422/1306
LS3: 0/0
shakeIters: 849
shakeLoops: 79
