4.10286:855 4.29089:1434 4.42463:1765 4.46745:2149 4.48052:2394 4.57831:2695 4.5832:2944 4.60776:3118 4.6637:3380 4.66483:3581 4.6809:3939 4.69304:4015 4.70734:4152 4.73937:5671 4.78263:6905 4.78648:6962 4.79087:7033 4.79935:7103 4.80158:7837 4.80301:8935 4.818:14667 4.82343:15394 4.82402:18605 4.82429:21419 4.83543:21595 4.83872:23033 4.84968:23149 4.85157:23484 4.86337:26888 4.86755:27626 4.8822:29023 4.92181:39309 
1328 410 247 379 1726 1170 374 1383 250 1959 124 1023 1817 1499 889 645 423 1757 1122 1819 1479 857 1742 1594 1160 74 574 1071 236 596 1523 1590 1427 883 1429 1515 771 1105 1247 991 584 1057 1221 1047 42 1645 464 122 243 901 1172 23 3 1933 1652 1496 788 1274 1290 1874 28 1951 1401 293 150 1751 94 1801 1653 826 1191 192 677 475 358 1116 1259 1803 1081 709 1227 325 1416 1007 947 1982 503 931 15 1579 1432 1786 1878 845 1761 1060 772 1552 1107 1491 1573 667 849 756 1495 1542 642 244 1213 1705 1797 961 66 834 114 388 1050 499 357 508 432 238 663 974 322 1814 673 285 1089 1359 1799 1589 828 176 1463 1745 412 572 1371 900 585 279 1606 1513 115 1406 240 1464 776 1417 759 1092 129 1195 1390 1738 68 704 1822 204 504 1144 211 1248 1569 1712 1267 1438 1063 1804 421 1142 684 429 1180 1477 51 1034 252 854 1391 1728 136 73 119 1031 1550 1293 804 531 403 1466 821 272 1994 58 702 1093 1658 641 1692 1090 1685 519 1849 1407 1903 1966 32 179 1649 707 1888 375 1264 138 1051 1894 1916 431 331 1866 310 983 1478 831 1975 1562 1465 1846 1655 1409 534 360 996 514 210 848 468 1614 835 1239 902 619 1041 1556 1434 875 1249 18 227 784 1810 1032 1950 1516 86 1902 842 1489 898 1119 859 224 829 1024 653 
minDistance: 4.92181
cost: 239055
capacity: 199189
time: 39309
maxTime: 60000
LS1: 37127/38429
LS2: 458/1302
LS3: 0/0
shakeIters: 812
shakeLoops: 76
