4.22572:984 4.28076:1110 4.29886:1672 4.39044:2048 4.39157:2200 4.49364:2763 4.51027:2851 4.55144:3118 4.63026:3503 4.67199:3712 4.67986:3925 4.69284:4172 4.69304:4437 4.70734:4545 4.73392:4622 4.73937:5468 4.7512:8589 4.76447:8792 4.76598:9369 4.78263:10303 4.78648:11106 4.78807:12548 4.80432:13330 4.81562:14224 4.818:14284 4.85016:14420 4.85157:17910 4.86337:43826 4.86407:46040 4.86755:48249 
1620 1499 1124 1559 1623 464 1954 165 1474 1177 201 1455 1364 1283 2000 297 641 1589 216 1771 728 288 1536 1712 567 1569 1129 1544 119 829 1652 511 1350 1833 470 23 1432 1406 18 1884 744 1089 1579 421 849 243 212 402 1090 1742 1172 1194 322 842 1193 58 667 1319 1542 1835 71 224 357 1556 519 707 869 1975 124 859 1143 1180 574 81 1276 1226 1422 192 1213 801 1762 258 1788 1876 1529 1465 1273 1221 450 1217 1239 236 1478 300 176 531 651 381 756 184 1160 493 375 656 475 1249 1059 1849 72 1264 1398 1032 596 1040 1590 73 185 1453 1227 1912 1048 1407 1817 374 565 1391 1315 1739 65 199 504 310 873 1200 684 1190 500 665 1803 425 1277 30 286 642 28 1195 1657 636 1041 1917 1534 1105 807 932 331 1899 1034 1570 214 553 1888 1479 1810 1334 1300 1274 1705 1606 306 296 325 1071 1178 1985 233 1894 66 1545 1076 1060 1365 198 1736 792 605 1489 1492 367 1461 1142 784 468 1468 1749 1427 1764 439 136 1614 514 991 505 1401 705 1846 1996 129 1084 1653 1932 86 889 223 1779 1267 1692 459 364 918 251 222 1438 168 1466 1356 585 1057 1258 931 1409 403 1501 1107 663 1550 1486 1248 1856 949 360 735 1390 1293 1506 834 1903 1080 1552 80 1576 1728 1310 1645 1116 1063 960 31 508 715 47 1412 1935 293 1359 60 1649 
minDistance: 4.86755
cost: 242883
capacity: 199240
time: 48249
maxTime: 60000
LS1: 36494/37785
LS2: 448/1291
LS3: 0/0
shakeIters: 813
shakeLoops: 77
