4.16482:897 4.39053:1694 4.40809:1798 4.41875:1949 4.42459:2147 4.47278:2513 4.47756:2623 4.51027:2716 4.53249:3501 4.58133:4470 4.60326:4564 4.60515:4702 4.60762:4820 4.61228:5717 4.63026:8452 4.67586:8688 4.67995:9600 4.69284:10116 4.70734:11975 4.71042:12818 4.7281:13507 4.74155:13570 4.7512:13734 4.76598:13859 4.76811:14807 4.79935:15648 4.80158:15701 4.82061:16697 4.83543:18385 4.86755:19084 4.87123:19249 4.87174:26275 4.875:26382 4.8822:27811 4.88299:28581 4.88942:38016 
476 1972 771 684 1179 1474 1966 1495 1743 1985 1361 1351 1105 1409 296 1420 1655 375 379 1119 198 653 1436 829 1202 869 336 1356 264 906 1274 776 1499 749 25 1569 1665 233 247 1465 331 1031 585 1293 1416 1656 82 748 1590 1513 921 2000 1545 1975 33 1637 1614 310 1888 1552 236 243 73 565 1492 974 1833 1002 1333 1875 1091 1653 1876 1814 1334 1817 1797 819 677 901 119 1878 1556 58 1903 1496 192 339 1122 1391 1801 1040 111 1686 636 821 293 1225 1489 1573 1342 534 1267 1842 842 68 900 1187 1705 574 425 1946 642 1994 889 638 1264 987 1417 266 1468 788 1456 1330 1788 1090 715 1745 1582 124 214 509 1153 176 849 1486 272 414 86 1408 1143 983 1239 1562 1846 1023 734 902 1917 1589 1762 572 1929 1223 1128 1325 1427 1426 641 1063 112 704 1633 865 1350 1576 1060 1506 432 71 539 511 1059 1579 66 490 179 993 1560 1371 961 18 154 1565 1194 1861 114 727 991 122 334 211 1315 1782 65 1193 499 1398 1032 1799 244 1950 340 357 1491 858 1910 1454 1057 1954 431 322 160 1723 596 1866 1022 1856 1177 1359 1902 1379 325 1190 1829 23 1089 1107 1479 1828 53 1019 440 1247 519 1810 531 435 1894 1840 1912 1702 982 388 212 1541 1516 1933 28 795 199 100 1172 1248 1453 1434 
minDistance: 4.88942
cost: 245599
capacity: 199504
time: 38016
maxTime: 60000
LS1: 36962/38284
LS2: 432/1322
LS3: 0/0
shakeIters: 854
shakeLoops: 78
