4.35473:1218 4.46166:1526 4.5832:2045 4.60776:2616 4.61228:2730 4.63026:2948 4.67171:3136 4.76528:5263 4.76598:6839 4.76758:7835 4.78648:7891 4.78807:8705 4.79306:8756 4.79382:15686 4.79683:16552 4.8134:16678 4.82402:16733 4.82429:17021 4.83779:17268 4.85157:17328 4.86337:18972 4.86755:20757 4.87174:44872 4.88107:46901 4.8986:50465 
579 1705 1344 1645 224 1878 606 1177 1550 900 211 1626 1504 1420 1874 865 331 858 176 119 431 179 705 133 944 1863 1573 771 242 897 901 1797 828 1655 1417 1829 504 1063 1692 829 1975 1432 1023 435 1647 439 794 1952 1172 1130 1681 854 1903 1413 1822 1160 1902 1038 1544 756 1171 683 1148 1478 1652 656 1119 584 1624 1060 1315 1954 244 509 1090 23 508 297 519 1735 776 206 1589 1200 565 1233 1396 1739 534 1180 1762 1866 1371 51 684 22 272 1541 1412 1473 1486 1364 1122 1247 1274 1817 475 1803 432 859 821 1742 1391 669 474 464 1248 160 1951 1966 1810 673 1996 804 1658 1994 28 219 1022 1311 1751 849 1801 1649 1249 165 915 1438 1328 1542 58 1089 729 1071 136 596 1653 2000 645 1100 1819 1356 383 615 209 1935 522 1516 1453 1856 1142 293 1293 1814 74 902 227 893 124 1552 1081 1687 233 1606 1059 1076 572 388 1105 500 1143 1040 1423 414 1575 204 1416 1408 695 1178 1959 1846 358 1034 243 236 423 667 316 395 1745 974 889 285 1472 1051 1761 1741 1179 1427 991 751 247 66 357 192 1107 1359 492 793 1217 1910 531 73 1115 86 1226 65 1468 1576 554 1437 1997 1264 1267 1271 884 1894 296 375 842 574 1398 880 1439 1325 983 1084 511 1401 1556 970 1888 1489 1788 1835 961 168 1799 1350 
minDistance: 4.8986
cost: 245830
capacity: 199279
time: 50465
maxTime: 60000
LS1: 38550/39864
LS2: 376/1314
LS3: 0/0
shakeIters: 913
shakeLoops: 87
