4.22572:1093 4.29089:1393 4.38688:1812 4.41934:2031 4.47951:2504 4.51027:2607 4.5116:2860 4.61149:3238 4.67586:3381 4.71042:3775 4.73575:5562 4.79382:5686 4.80158:8540 4.81562:10048 4.82358:10982 4.82532:11774 4.84968:14623 4.85016:16621 4.85157:18381 4.86407:19311 4.86755:21110 4.8775:24012 4.8822:24746 4.88299:33332 
1076 1442 129 1903 1499 904 1328 1550 1768 293 1453 1749 340 136 1305 1970 1952 1680 1994 1335 1739 1334 1248 1626 821 1761 677 1040 1888 429 522 1783 906 613 1463 1172 1455 859 1788 778 1527 1315 847 1466 13 695 1968 52 854 425 756 1745 51 1023 211 371 1975 1762 974 1247 73 1267 1408 1517 331 734 1406 1489 198 1180 1089 1427 1723 1434 667 227 388 917 80 955 1947 367 1371 636 1130 804 961 1093 143 1042 1401 464 1573 1579 1652 1423 1692 1368 1090 15 193 234 1509 1856 1656 606 850 858 776 1105 865 1836 1398 1653 272 298 168 1878 849 66 1506 1912 397 983 970 1412 1229 1407 470 889 1789 729 1814 1350 1492 176 1063 1143 1631 297 504 1785 1943 893 1764 60 160 1736 224 421 1803 1473 335 1107 1655 779 1924 432 1609 1459 212 645 1003 1071 1465 1537 615 1249 1935 1540 1420 596 480 669 1822 826 441 684 574 632 236 1556 449 1649 1451 1432 1409 119 831 842 1083 1160 900 28 642 35 1902 1217 705 1359 1062 1797 1437 1829 1495 1041 1059 1569 1288 1630 1559 572 1351 1005 1304 1273 207 233 1179 1810 1917 1144 396 1560 880 1194 834 325 1738 879 412 508 665 1468 1233 523 1119 222 1946 1801 1606 1391 1629 243 1496 1142 1213 668 445 1959 1996 511 500 509 357 296 395 199 
minDistance: 4.88299
cost: 246299
capacity: 199332
time: 33332
maxTime: 60000
LS1: 36982/38315
LS2: 400/1333
LS3: 0/0
shakeIters: 909
shakeLoops: 87
