4.66483:1769 4.6699:3748 4.67863:5657 4.67986:6786 4.68045:7931 4.69284:8285 4.80095:11490 4.80158:11550 4.83779:12409 4.83872:17016 4.84813:25925 4.85157:30298 4.86337:40274 
435 1657 452 656 119 1516 509 124 1059 693 240 744 748 1506 1153 771 1274 1187 1220 1787 821 1107 1217 1143 1313 982 849 185 414 1473 1720 1122 1849 1828 964 1745 104 1305 305 1049 1727 734 574 1499 1463 1664 1342 829 1478 1259 1864 1496 1844 1247 572 1160 1562 845 1659 523 470 1040 1692 1682 210 195 1912 1501 1738 285 1293 667 1556 1453 1560 1047 74 73 842 411 1950 179 1589 705 1191 1702 1817 869 902 759 94 993 1762 340 1824 844 636 1019 991 138 1814 1407 336 51 315 1479 1495 1264 1649 585 464 1822 1687 900 1190 751 1267 425 88 1060 86 1757 1358 292 369 224 1420 1333 1595 987 1819 1057 33 961 236 1579 1427 379 854 1962 331 1582 1527 1172 1485 758 1229 176 23 1728 1975 1884 100 1202 1876 1952 1466 1356 1368 946 1550 266 1994 1951 785 1179 1705 1128 1456 459 1946 284 342 857 499 1468 101 244 1894 108 1719 1221 645 784 1142 1829 325 439 272 1271 1782 1489 776 1688 865 1063 1639 1933 1090 322 214 1846 695 1290 960 1406 684 1901 804 165 1810 1561 1866 983 1686 1325 1408 1704 243 1328 66 1194 212 1935 1213 114 1091 1816 969 1248 339 615 1590 787 1513 1559 859 1438 671 1799 1985 1820 206 974 1917 1081 1903 233 1910 883 1712 199 1073 1865 248 160 1929 1736 1878 642 901 1959 670 1461 264 296 704 1089 641 1119 211 709 1409 
minDistance: 4.86337
cost: 239143
capacity: 199203
time: 40274
maxTime: 60000
LS1: 35165/36438
LS2: 526/1273
LS3: 0/0
shakeIters: 734
shakeLoops: 71
