4.28609:1228 4.31097:1448 4.42351:1776 4.47756:2195 4.54845:2538 4.57831:2807 4.57921:2894 4.5832:2966 4.60848:3374 4.61228:3453 4.63026:3622 4.73729:5274 4.7512:5353 4.76528:7682 4.77773:8437 4.77781:11192 4.80095:11804 4.80158:13927 4.83543:18131 4.83872:24992 4.84813:25183 4.85157:26815 4.86246:32978 4.86337:33036 4.86407:36773 4.86755:37132 4.8822:39199 4.88942:39256 4.9194:48370 4.92428:48492 4.92616:49271 
1856 1143 1537 638 1383 1975 1865 509 1090 1752 136 1164 795 842 1335 1319 1781 1084 704 1521 1221 1743 1496 1739 1371 1630 247 51 1347 439 1575 879 1633 1390 1267 431 951 514 432 1878 788 636 1985 430 1124 450 1680 1794 150 1589 1180 663 23 1667 801 849 847 889 1876 1091 1408 1609 292 1213 1398 1081 1762 1542 1552 834 1426 168 1952 1573 1477 402 920 315 411 429 573 1116 1333 115 331 1562 1420 1093 1705 1455 1063 490 15 1291 684 574 583 1356 667 1361 306 1107 1357 653 1994 1071 125 1465 91 771 233 987 1315 1427 1513 1248 1540 1710 1160 993 1801 1463 1810 1639 1005 199 1903 1023 198 272 296 1468 1453 1846 1003 1516 176 668 1626 1861 1833 974 1115 1814 1757 619 596 1590 1835 982 800 1656 164 1334 1534 202 882 826 1579 304 236 1866 1616 1407 1486 859 1849 499 1704 1996 367 111 1391 1946 1417 1545 73 1187 446 734 534 991 831 193 1580 1047 522 1951 110 1716 845 1359 677 1223 1655 224 1041 1162 28 723 1917 138 325 223 1190 1195 867 1902 841 388 875 1057 1863 1797 1344 1912 1560 1053 322 705 1051 1959 440 902 1479 511 1177 1712 1495 1342 1364 983 873 433 119 1019 1325 33 214 1527 1728 421 266 1142 80 1653 244 1506 921 1499 656 1328 357 1056 680 1546 1092 572 184 417 642 81 1350 577 776 179 1105 
minDistance: 4.92616
cost: 244102
capacity: 199248
time: 49271
maxTime: 60000
LS1: 35839/37152
LS2: 507/1313
LS3: 0/0
shakeIters: 775
shakeLoops: 72
