4.35612:1270 4.39044:1410 4.55144:1834 4.5935:1998 4.60762:2135 4.61228:2715 4.66297:3018 4.66669:3992 4.67986:4184 4.67995:4335 4.69058:4504 4.70734:4984 4.73833:8062 4.7512:8784 4.76598:9792 4.78648:10741 4.79686:14662 4.80044:14732 4.80095:16064 4.80158:16197 4.80432:16307 4.81562:16455 4.83543:16743 4.86337:18183 4.86755:23285 
86 875 115 1236 165 1479 325 1315 1559 1878 499 522 585 1742 1836 1328 1172 1274 1398 272 727 1453 573 83 1427 176 844 613 689 470 778 1247 421 1801 858 431 459 1876 1436 297 111 1556 1325 1093 1526 236 244 1545 673 1468 1233 1575 439 715 1420 1454 996 1194 949 1623 1225 642 247 474 1406 1239 1814 1569 904 596 947 1417 1003 1645 1705 906 251 768 1263 51 776 1903 1935 1985 1206 1416 1084 1455 1261 468 680 1652 1902 1356 1177 1495 1788 119 1757 757 605 1363 504 1764 1656 1614 1063 1191 1866 1089 122 1342 1071 842 1032 849 1409 1910 991 1954 1990 28 1799 1589 1899 1130 1048 915 1361 1350 1692 707 483 1794 179 749 293 1023 336 1076 878 1932 300 1119 199 1465 756 1190 296 1371 367 4 1552 1516 893 1092 1573 1833 331 310 684 645 903 1451 238 212 1835 807 1405 223 243 395 873 371 1560 788 1762 1840 983 1804 1716 133 1797 136 1933 1688 450 1550 702 370 519 1803 1041 509 641 636 847 1943 1534 1819 1530 1579 1463 65 961 1972 193 1051 970 375 1975 574 1888 572 1739 606 380 1655 1213 285 1178 1249 934 531 403 1653 1334 1304 987 1040 1364 993 1193 1829 1107 1230 1907 53 1432 1005 1351 835 1959 1917 1478 1789 1017 859 1929 480 693 1810 1846 1143 1359 1031 1090 516 508 917 192 565 
minDistance: 4.86755
cost: 238226
capacity: 199162
time: 23285
maxTime: 60000
LS1: 37972/39248
LS2: 396/1276
LS3: 0/0
shakeIters: 855
shakeLoops: 81
