4.16075:893 4.28076:1229 4.29089:2237 4.41841:2924 4.41875:2998 4.51027:3556 4.51106:3675 4.53015:5547 4.53582:5747 4.54834:5818 4.59745:7420 4.61228:7516 4.63484:8439 4.66038:8864 4.6637:9303 4.67863:10172 4.69284:10297 4.71042:10464 4.72358:10918 4.74904:12718 4.76942:14246 4.78648:14314 4.79306:18323 4.79522:20907 4.80158:21877 4.82036:22611 4.83872:23451 4.85157:24254 4.86755:26433 4.88299:33378 4.88819:52213 
1541 1290 1364 1119 638 1047 1796 1022 233 656 1630 1589 684 1051 689 272 1626 1746 953 65 179 4 247 844 527 1614 900 1315 474 865 1649 306 199 198 1076 1248 1401 1267 1652 194 1565 845 109 1017 1463 1545 152 138 1946 1200 1996 1040 1743 304 918 439 834 266 1762 1842 28 1495 478 630 240 904 1785 412 1527 1408 1390 1350 715 236 1534 1903 1293 1917 669 645 1423 1142 143 1344 1143 1538 1093 585 759 298 663 1846 902 1407 499 619 1033 47 1304 1764 1455 23 1728 1829 1089 1351 414 1169 1177 509 1180 296 1417 1697 423 931 364 432 1056 1888 1540 1756 429 1656 1005 776 1922 340 889 1059 83 1653 1579 375 1975 1933 1057 243 81 519 1739 91 379 849 1063 1453 1347 1712 165 1516 1160 1171 358 993 160 553 1442 1243 500 437 1959 1105 1633 325 831 1489 1203 1799 1817 668 490 709 1305 1420 961 1032 606 573 1432 574 1184 835 1097 388 58 1080 440 615 879 322 1223 705 129 1663 1107 757 850 869 596 3 1202 464 1757 1359 1190 534 431 1014 66 1371 1335 176 1081 986 572 1090 821 1229 1934 1465 667 1019 858 1686 192 642 983 453 1994 727 1921 1659 842 419 1982 51 1935 1221 1477 584 1213 193 806 1537 119 224 201 244 1071 1810 1247 80 639 1398 1479 1694 693 1127 1333 974 1427 1929 367 402 1884 1582 
minDistance: 4.88819
cost: 245747
capacity: 199351
time: 52213
maxTime: 60000
LS1: 34556/35838
LS2: 458/1282
LS3: 0/0
shakeIters: 793
shakeLoops: 74
