3.92969:509 4.28976:1137 4.29886:1346 4.32219:1515 4.33606:1689 4.35612:1828 4.40809:1993 4.41934:2478 4.46745:3034 4.53249:4312 4.61228:4733 4.66038:4957 4.67995:5180 4.71667:5473 4.7335:5532 4.74155:8653 4.76528:10367 4.76598:10430 4.76942:10562 4.77781:10752 4.78263:16345 4.80095:16824 4.80158:17949 4.83943:26235 4.86144:26585 4.86337:27585 4.86407:29674 4.86755:31654 4.875:34759 4.88107:40171 4.8822:40305 4.92428:44049 4.92616:49662 4.93136:55689 
1003 73 1761 1645 645 1943 1438 1091 1328 1996 1358 1921 1252 1398 17 845 3 236 1115 687 1972 435 310 262 1751 1407 584 508 1071 1127 1062 35 1866 1051 1801 533 904 1463 1391 1213 379 1959 1633 410 1090 1107 1321 1221 1966 1516 485 212 1239 1401 1325 1350 32 1298 74 1983 795 1080 1573 637 1243 1060 1059 83 771 1955 1371 1267 119 689 1742 1315 1033 1829 135 450 829 1575 1119 709 1723 669 341 1556 527 1994 1655 1502 115 1743 639 500 824 873 1359 1946 1643 1506 1495 1658 1729 693 233 1545 1178 421 844 1902 227 1952 1630 1105 1728 579 1265 1799 1589 247 178 60 1184 1835 499 901 1477 464 902 1726 266 656 1160 1083 1975 920 1229 983 88 615 573 367 456 375 865 1649 1427 223 1142 176 842 490 1416 1193 1274 1019 380 1453 1712 1910 874 1971 960 514 272 1412 322 1675 124 86 513 1203 849 1465 1344 446 858 206 1590 1247 1653 1652 1739 1271 1032 1833 1432 431 1116 1047 853 1250 1810 1705 871 1031 804 1582 1118 199 423 1417 1912 1542 65 202 744 325 1814 854 150 641 244 474 1970 1177 1819 430 1854 1130 961 1172 243 1489 138 1985 1598 1040 411 248 28 1817 449 285 1248 1200 1217 304 642 1813 888 1041 714 298 66 684 959 1305 1579 924 23 893 397 574 707 1844 1796 993 1521 1785 1190 504 1420 1846 
minDistance: 4.93136
cost: 237999
capacity: 199244
time: 55689
maxTime: 60000
LS1: 29849/31252
LS2: 750/1403
LS3: 0/0
shakeIters: 619
shakeLoops: 56
