4.42459:1428 4.4348:2512 4.49364:2666 4.53255:2859 4.54834:3059 4.56504:4213 4.63026:4357 4.63583:4549 4.6519:4991 4.66669:5502 4.67995:5619 4.7281:6671 4.73631:8030 4.7512:8138 4.78648:9273 4.79077:10121 4.79382:15539 4.80158:28132 4.82358:28960 4.82402:35960 4.82532:42223 4.86407:43023 4.86755:44589 4.87123:56151 4.87405:58299 
1190 1513 1653 1230 1559 645 91 1378 1351 1130 1712 1579 1092 1053 165 1743 1179 1655 993 1434 1946 65 1328 1801 527 1565 1630 1888 1442 367 414 1788 1115 641 531 81 1728 1060 1562 446 1371 1455 1229 902 1422 1107 949 136 1762 1932 1489 508 1550 356 135 1699 35 1546 1255 724 1407 1304 73 296 244 1429 573 236 705 504 170 1048 1654 397 1988 224 1814 68 873 129 1723 1172 1369 1071 1810 750 262 1176 1560 1080 1540 1781 380 684 1005 1692 421 931 1506 522 677 1576 322 1358 1334 1479 572 1453 1903 776 1656 176 364 1902 94 1495 1432 897 1142 1652 1233 970 1829 1420 848 921 60 632 1333 1200 192 435 1929 211 637 1398 1647 509 358 354 858 1924 1105 1575 1499 1833 1401 735 1785 1977 251 445 1097 1465 152 1350 828 534 1084 1892 1705 633 1509 585 178 1756 1249 440 1217 849 1632 1274 138 844 1536 628 734 325 28 673 715 1959 1003 1182 574 25 554 1817 243 879 1408 1315 80 1663 788 835 1556 834 297 1857 1917 1682 23 66 51 464 119 1040 1267 266 606 1573 865 160 1090 1114 264 233 1694 831 771 1463 304 1213 519 1537 1870 1990 1516 1427 450 58 499 1527 293 429 1248 1089 1802 1240 1688 1359 1081 638 553 100 1797 667 1124 1589 161 513 340 232 842 596 1609 668 1143 1019 689 1473 
minDistance: 4.87405
cost: 242877
capacity: 199189
time: 58299
maxTime: 60000
LS1: 36012/37340
LS2: 492/1328
LS3: 0/0
shakeIters: 811
shakeLoops: 76
