4.15811:1007 4.20655:1344 4.4136:2148 4.42459:2423 4.42483:2570 4.47756:2800 4.57831:3180 4.5832:5922 4.66297:6094 4.66483:6218 4.67171:6545 4.67986:6853 4.69284:7643 4.7335:7806 4.73697:24863 4.7512:29372 4.76598:29596 4.76758:29677 4.77594:29952 4.78807:30150 4.79077:33053 4.79382:33825 4.80158:34380 4.83872:35427 4.84968:35528 4.85157:40198 4.86407:40339 4.86755:54554 
668 1390 199 1878 322 414 1105 780 1527 1023 1398 1356 1478 984 325 795 1100 637 572 889 336 974 1876 1200 1255 1633 508 920 1334 1454 565 1575 490 28 152 1935 796 1032 1092 947 1903 1929 1057 821 904 1328 1438 297 960 1267 1003 1829 411 1244 636 1455 83 1283 970 879 1405 1319 1573 596 1649 1432 176 1155 1172 553 198 1902 1344 1107 715 1359 1473 115 1479 222 1535 1408 1735 1536 1697 1589 1097 1559 787 1258 388 1933 643 561 504 4 129 1179 143 1202 579 264 468 1954 192 801 1193 1463 1590 1776 165 949 1655 750 543 710 1910 233 1516 663 684 1914 704 1653 1371 335 1194 1040 1846 1517 776 412 708 1160 1609 1801 900 1090 1623 534 850 1556 669 1420 371 1071 728 1221 432 1917 903 212 1274 1803 1229 304 80 1863 665 1364 1506 1217 1663 1840 1391 1407 615 1912 1434 1226 1736 849 1728 1762 1143 1365 306 695 136 1712 119 376 51 1248 757 1894 243 1817 1247 964 705 844 1576 842 1692 47 474 1745 1742 1866 179 1489 638 1705 1652 837 1019 296 1686 991 1427 367 1959 1350 1739 858 1417 902 1785 768 124 224 511 641 1723 1799 1249 1063 1495 66 91 1836 1727 749 1236 645 1492 1787 1788 13 963 574 667 1996 1304 1631 383 1756 150 236 1562 1540 1453 1797 1512 58 402 1329 375 1579 1946 1333 625 1437 1833 30 
minDistance: 4.86755
cost: 244378
capacity: 199234
time: 54554
maxTime: 60000
LS1: 33731/35059
LS2: 553/1328
LS3: 0/0
shakeIters: 747
shakeLoops: 68
