4.08942:857 4.22572:1287 4.27159:1566 4.33972:1769 4.41605:2147 4.41934:2847 4.44547:3007 4.45098:3131 4.47756:3411 4.47758:3671 4.49276:3897 4.53118:4107 4.53249:4170 4.53255:4421 4.55144:4542 4.60776:4769 4.61011:5878 4.62027:5978 4.6519:6148 4.65548:6245 4.67586:6435 4.71042:7571 4.73631:9221 4.74155:9276 4.76598:9460 4.77356:9642 4.78379:9759 4.78648:9881 4.79306:9947 4.79382:13724 4.81462:16691 4.82402:16793 4.83872:21711 4.86407:21803 4.87123:22660 4.8775:25867 4.88299:29013 4.8862:37862 4.88942:38696 
1946 1535 1277 325 788 243 986 1932 284 35 1810 606 834 505 1540 233 170 1997 1204 380 1762 1844 641 1686 511 468 1427 886 1652 1556 277 264 1315 1489 1453 1782 1856 1552 475 993 1398 1692 28 138 1089 665 1080 1609 715 1478 1107 974 446 1048 1656 375 1506 750 858 310 1110 1143 1909 297 1213 1417 931 849 1005 1359 212 1598 714 1573 81 1465 1996 1350 136 1705 1508 1262 1789 1741 1788 23 193 1526 1274 1739 1412 1434 751 1865 322 222 1562 1221 982 1220 253 470 397 238 1589 1356 1248 645 1255 841 572 1728 875 331 1456 87 1429 1300 579 1902 668 293 480 490 1712 367 385 669 676 1892 1912 1342 1710 509 97 1496 1716 443 1718 1799 684 266 1479 184 973 824 1290 771 226 1390 1116 29 1943 1056 801 72 1699 115 1655 214 1866 1653 621 873 1334 1840 1391 1454 553 1650 1723 842 869 1801 483 1105 357 1829 1408 150 1160 879 198 1365 383 508 1972 1194 1527 296 1814 1894 248 677 756 1917 808 168 759 1249 924 1682 779 1590 596 1239 1081 73 403 1090 970 1876 504 176 1614 918 1463 119 963 628 1063 179 1495 1364 152 1474 768 1202 1344 749 705 223 1267 1092 859 304 1680 728 1060 1541 1545 1071 1516 949 812 1190 585 1742 1576 1371 1513 1836 1119 690 1468 1003 1361 1014 1499 1797 360 991 1579 1451 1536 1455 531 
minDistance: 4.88942
cost: 244550
capacity: 199194
time: 38696
maxTime: 60000
LS1: 34881/36328
LS2: 687/1447
LS3: 0/0
shakeIters: 721
shakeLoops: 69
