4.33621:1420 4.37073:1704 4.42459:1971 4.53015:2298 4.56808:2443 4.5935:2585 4.60106:2988 4.61228:3455 4.67586:4373 4.7402:5170 4.76528:6088 4.77459:9648 4.78807:9835 4.80095:10830 4.80158:11705 4.81462:12026 4.84968:12128 4.85157:14193 4.86407:20702 4.86755:22789 4.86943:27493 
1040 1291 425 842 1189 502 1876 642 849 1127 1649 883 1594 865 1561 1756 859 1358 1929 1813 325 1298 1465 1516 881 1787 1878 1664 449 696 850 645 1858 108 1180 1088 289 893 23 236 1217 901 1496 193 115 1191 1796 1229 653 464 1005 1899 1056 1915 1799 751 1059 1084 1560 917 844 1427 667 1203 1595 1499 1017 1562 1803 1569 80 380 71 1368 65 961 1917 869 1325 1833 1739 695 138 331 1247 244 1907 1959 1248 367 1220 1576 1090 439 1589 1193 1409 1501 389 715 1545 272 1983 94 834 1463 1688 1160 81 1547 656 1328 710 210 618 1590 1864 1043 1886 243 704 1757 1975 1817 574 1305 293 1888 1003 410 1785 1933 150 16 1024 198 1653 435 51 1892 1985 1736 58 1412 776 689 1994 705 1142 1828 1177 1626 1223 421 1057 233 1464 1903 1438 165 119 1712 684 474 1456 314 1227 596 1420 1455 60 807 1579 1320 1697 1274 1478 1154 1406 1249 960 793 806 1952 1119 1556 379 1432 1726 1633 441 788 896 1190 1407 423 707 1356 857 1542 1513 192 1559 1359 1966 1417 1479 1221 1894 1835 983 1788 1936 1582 756 1742 1155 1466 1153 1429 1728 176 902 1107 572 1334 1062 358 1692 634 1233 735 224 900 322 1244 429 1089 858 829 1834 431 1652 100 748 251 771 870 1416 470 1213 476 680 1034 437 1032 744 1125 991 835 4 1225 1226 821 519 499 
minDistance: 4.86943
cost: 242345
capacity: 199199
time: 27493
maxTime: 60000
LS1: 36414/37709
LS2: 418/1295
LS3: 0/0
shakeIters: 856
shakeLoops: 82
