4.15297:909 4.31351:1309 4.41875:1533 4.41934:1681 4.47758:1961 4.50764:2188 4.53582:2598 4.59838:3386 4.60106:3493 4.6637:3741 4.66669:3877 4.68282:6427 4.71359:6565 4.7335:6719 4.73937:6876 4.7512:7040 4.76528:9764 4.76598:9889 4.76811:12541 4.78648:12648 4.80158:12794 4.82154:13703 4.82532:13827 4.85016:16101 4.85157:46273 4.85544:48740 4.86755:50742 4.88299:51629 4.88942:51781 
1479 637 1856 1959 223 877 1630 574 214 841 1283 1315 519 1541 1501 216 298 1614 715 1056 1091 358 553 987 1489 1836 1933 136 1290 955 395 689 667 1910 58 1704 1985 1160 212 897 1598 801 1453 982 1560 1277 1739 1461 944 1656 325 1652 492 1527 548 673 1865 1499 1537 780 1105 138 1496 1814 81 641 573 1369 1033 1255 1994 1220 1248 226 17 1616 1427 1844 135 831 1657 340 1143 1810 993 924 825 1653 1513 1664 498 824 108 1817 858 1692 310 1495 243 1620 233 556 749 879 983 272 1372 143 1575 1888 293 1977 1328 1892 1059 1966 1060 1071 1003 1829 1774 1914 176 1081 615 1506 606 860 111 1144 1217 1468 1122 499 1333 504 684 642 1149 1917 1391 1874 1743 638 266 1371 380 1291 572 1180 1709 873 1334 849 429 1364 1213 236 178 668 1304 1319 1305 1454 1177 286 23 1590 1288 1884 705 534 585 1267 72 1190 1589 414 707 1705 439 1463 1344 124 287 1057 379 211 1107 656 1356 1932 1866 1472 1719 1570 74 1239 198 192 1325 1781 1876 4 1407 1357 1552 1946 1757 1130 448 1565 1682 509 596 1089 80 568 1051 1762 1983 1842 1398 1697 508 51 669 1022 522 1225 1996 1274 1249 179 842 1545 1342 152 194 1420 464 1019 1550 1090 65 751 15 1970 1164 1221 1359 304 970 296 66 1758 1053 1516 199 1351 2 1048 500 
minDistance: 4.88942
cost: 241458
capacity: 199231
time: 51781
maxTime: 60000
LS1: 35039/36308
LS2: 443/1269
LS3: 0/0
shakeIters: 797
shakeLoops: 75
