4.23934:1186 4.38783:1959 4.42459:2121 4.46745:3176 4.47756:4024 4.47758:4090 4.48712:4236 4.53118:4431 4.61228:5497 4.62629:7461 4.67171:7555 4.67586:7660 4.67619:8263 4.69058:8384 4.69284:8655 4.78807:9806 4.79382:12485 4.80044:14069 4.80158:14424 4.82402:15742 4.83872:17825 4.85157:18757 4.86755:19439 4.86943:31949 
395 700 1356 340 1718 806 360 1653 1142 1059 210 1427 1385 1756 136 568 1736 734 1461 902 663 1412 1501 1686 233 1028 1465 1496 1017 47 431 1726 1929 1645 25 776 1468 1130 1485 666 1351 1155 1423 615 931 1090 212 124 645 1569 944 1248 897 243 310 1489 1319 695 637 1350 421 375 842 467 206 1652 757 1842 1063 844 331 1194 1328 412 1071 1626 229 778 1516 81 1506 441 1371 821 908 1160 1846 1994 1019 987 1545 1023 440 129 285 160 513 667 888 55 414 1975 1217 1267 224 1946 425 1413 1658 869 1057 28 1550 1517 138 1177 1552 1781 1304 1983 1822 248 534 1589 519 2000 1985 478 211 1692 1917 1817 60 1335 509 573 961 1819 432 1359 1914 1495 65 1874 1189 1996 904 1190 244 875 705 849 1609 596 505 459 176 1479 879 665 1249 1401 435 1813 23 1089 1105 1743 1856 411 889 1334 1262 1290 51 883 684 1122 1032 266 199 1559 242 1829 858 1081 1202 964 1739 325 727 572 1030 1536 1620 71 468 32 1840 66 901 606 668 574 1935 364 1797 1878 1234 613 1959 729 74 1417 1051 1556 974 112 1560 1933 500 1432 383 654 707 1799 1003 410 1107 1471 1656 1453 1903 1723 1434 1967 1866 194 1876 715 73 1630 795 1788 1391 771 900 1521 689 1407 152 298 1040 1492 1409 693 114 1180 131 204 638 1305 
minDistance: 4.86943
cost: 245456
capacity: 199213
time: 31949
maxTime: 60000
LS1: 35047/36357
LS2: 470/1310
LS3: 0/0
shakeIters: 816
shakeLoops: 75
