4.47756:1675 4.60762:2503 4.60776:2574 4.66483:3749 4.67619:4392 4.67863:5656 4.72596:7163 4.73074:7405 4.73833:7574 4.76528:7655 4.78807:8031 4.79087:8423 4.79306:9086 4.80158:18172 4.81562:18300 4.82036:19155 4.82912:21540 4.85157:23153 4.86407:23292 4.86755:26106 4.86943:27641 4.88299:33516 
527 1356 35 65 1427 1894 1559 1351 1398 1193 81 1866 842 1876 266 1720 748 379 233 1569 974 219 467 531 425 371 879 1817 1463 865 1910 1090 1334 80 429 1097 1929 1350 1814 1339 1259 176 272 1653 1799 1810 1178 1056 464 1884 1105 715 565 1461 909 1630 1214 873 1982 1499 439 1144 1686 1688 418 1412 669 513 119 1656 1994 1409 1361 1024 431 689 1951 964 468 824 28 73 322 262 1401 1764 574 1485 1762 1829 1521 1092 1738 1359 1501 1743 1657 522 1576 1580 160 1614 1031 1019 788 1972 199 1539 1552 484 449 869 1933 152 1560 1491 780 1432 656 1970 1828 1465 1495 247 1990 212 1547 858 1516 572 596 367 143 983 397 801 993 1556 1003 1545 1932 649 1705 1190 136 1032 296 325 1221 1194 1917 708 917 806 1048 844 238 970 243 206 475 1119 403 1371 668 1983 1874 72 509 1107 1335 1579 1756 751 1420 1633 1325 1040 1935 293 381 1534 1846 665 1479 66 331 94 535 1455 1321 1966 476 791 1368 1379 1965 1247 1975 554 198 1304 1985 244 380 1364 1489 310 1143 1474 1706 1788 1589 1456 1267 637 1213 1517 1702 1590 638 1358 645 990 524 264 1888 1626 902 1300 1443 1060 897 1248 364 642 1089 991 849 236 684 1407 1408 1160 1892 1243 58 1200 1728 933 519 1063 1878 1946 1739 340 421 1562 1652 124 1712 1115 744 358 
minDistance: 4.88299
cost: 241993
capacity: 199207
time: 33516
maxTime: 60000
LS1: 36732/38010
LS2: 422/1278
LS3: 0/0
shakeIters: 834
shakeLoops: 77
