4.29089:1378 4.39157:2022 4.46416:2221 4.49154:2398 4.5832:2788 4.60515:3231 4.60762:3370 4.67586:3620 4.67619:3886 4.7402:6028 4.78495:12670 4.78807:14465 4.79126:21588 4.79382:23433 4.80158:23491 4.80301:24428 4.82429:24542 4.83543:25387 4.84813:26305 4.85016:31153 4.86755:31995 4.86943:54268 4.88152:59531 4.88299:59582 
32 184 1107 1371 859 272 1427 1033 677 1407 1203 450 435 904 81 1537 240 1560 1408 1849 1053 1865 446 1542 1829 1501 834 1304 974 244 293 801 787 874 1726 831 1329 439 375 1105 897 243 22 1267 1019 1982 710 1164 1512 310 176 223 987 247 1249 1582 821 288 993 1814 30 28 1342 1817 500 1633 1063 669 114 847 1247 340 468 527 668 1819 1122 1008 1358 429 1876 164 1416 82 641 1456 128 262 1640 1413 1172 637 233 1888 1177 848 508 1160 1017 1005 1799 573 1328 889 371 705 129 331 1459 395 1390 1575 1946 1788 776 693 1545 615 1477 325 1344 944 1768 1486 1438 1479 727 1609 835 1797 1637 1556 613 1059 729 1359 1119 1975 1003 431 900 1190 1966 1589 1782 1820 1220 1200 1391 1614 1334 901 358 1903 58 1653 388 403 1474 1559 138 780 1155 982 1300 499 1710 427 285 192 1478 304 704 1878 572 73 66 958 1692 865 1071 1972 266 1364 1162 1229 1193 842 1687 1248 1178 983 877 1743 160 1917 504 1489 2000 236 170 759 1239 119 1620 616 1846 211 212 1822 1140 1350 179 1412 71 1983 432 931 1217 532 464 653 1977 3 1499 214 574 1495 1274 513 1451 964 1057 1420 1076 1073 1027 1516 1062 514 1866 519 1645 1985 1084 298 1453 684 534 410 1601 65 687 68 638 1813 1090 849 1771 1089 1461 1356 1652 
minDistance: 4.88299
cost: 243622
capacity: 199163
time: 59582
maxTime: 60000
LS1: 35021/36346
LS2: 527/1325
LS3: 0/0
shakeIters: 774
shakeLoops: 73
