3.98905:653 4.41764:1436 4.42459:1547 4.46166:1894 4.53487:2142 4.60515:2930 4.60762:3008 4.60776:4211 4.61228:4273 4.63394:4356 4.66669:4946 4.6699:5294 4.69284:6436 4.7034:8162 4.70734:8363 4.7281:10489 4.73038:11380 4.7335:12738 4.73631:14359 4.7402:18669 4.75761:19466 4.76528:19616 4.77356:23089 4.79126:23943 4.79382:24054 4.79881:24237 4.80158:24314 4.80558:25046 4.81195:27349 4.81462:28491 4.81562:28579 4.84512:28735 4.84813:29509 4.85157:29593 4.85841:31014 4.86755:32373 4.87123:37906 4.87174:45605 4.90055:52328 4.90632:53014 4.9194:56221 
902 310 82 1946 1243 152 1359 585 1193 1071 933 834 1427 1575 1819 1814 1888 1975 1743 468 1040 402 1590 1130 1253 893 421 1983 974 379 1028 1735 1797 219 1274 1051 1261 776 656 1429 1810 240 251 20 236 944 1391 1293 1903 179 1060 1248 964 410 920 680 28 412 879 406 1866 86 42 247 1408 673 749 1466 1656 375 1630 1107 1226 66 358 1019 845 1342 192 645 633 1902 1398 331 1842 1970 1784 987 757 875 842 414 993 35 504 1350 684 266 1985 709 667 1059 244 1966 1477 1076 849 1652 895 1177 1053 1653 983 1119 897 1453 1846 1090 1463 367 1602 1351 1217 677 1190 129 1799 262 160 1063 277 883 831 1971 1556 1311 1801 1675 51 904 859 395 1239 212 689 1267 119 325 233 639 858 1432 1420 1304 1589 1637 800 124 1516 1878 1499 397 293 1298 848 1782 1719 715 1552 669 176 65 1178 431 513 1200 755 1371 1407 1874 285 1191 1023 1221 1413 1761 243 1545 1031 1802 1176 1576 1302 1582 1265 316 1495 690 380 1305 1247 1959 272 615 573 1726 1328 1933 901 1573 642 500 1412 1712 1454 534 702 596 1739 1468 1506 1956 340 502 1917 476 1560 949 1935 606 641 637 574 81 771 1179 224 1321 1889 613 1835 991 1465 429 844 389 32 508 1417 435 519 464 73 23 1854 1655 1667 1172 873 931 
minDistance: 4.9194
cost: 241911
capacity: 199230
time: 56221
maxTime: 60000
LS1: 36107/37429
LS2: 488/1322
LS3: 0/0
shakeIters: 793
shakeLoops: 74
