4.22572:1008 4.28076:1163 4.42459:1643 4.46745:1771 4.49154:2686 4.52483:3479 4.53249:4243 4.54834:4348 4.5935:4541 4.65008:4841 4.67257:5640 4.67863:6014 4.76528:9175 4.77781:11745 4.78807:13390 4.79701:31060 4.80158:31945 4.81452:32504 4.82402:32613 4.83872:44963 4.85016:45808 4.85872:47120 4.86755:47863 4.88942:48558 4.8986:52213 4.93136:54291 4.94045:54371 
1293 1909 1434 1814 429 1255 1217 335 1142 499 1801 1274 710 136 1983 845 1072 1051 1172 192 266 1438 1264 568 1489 1413 1273 1304 1819 1799 835 285 1089 1576 322 293 572 1249 449 470 1244 1063 272 668 776 1874 1155 1409 1040 1329 73 168 642 1420 1723 689 199 844 1560 1652 74 358 993 1495 160 204 336 842 663 1177 715 1084 1649 1038 1757 258 806 1749 1614 403 1966 897 1160 801 1550 1350 1650 1125 645 1846 1417 224 1368 1894 1996 1982 1468 1946 858 615 114 1283 508 1508 1903 325 1359 1333 1053 1917 1844 1221 946 1190 1590 1267 1624 1290 331 667 1107 1478 1785 1019 370 850 1023 1567 821 1878 1298 1902 1994 1081 1653 1645 1609 1739 500 1541 1057 1465 1829 673 1427 1866 964 901 1378 748 13 1856 584 900 1761 656 859 253 1083 904 1589 262 983 1486 1463 464 1743 795 704 944 212 243 757 879 1709 585 435 1143 596 639 1247 1573 176 1325 124 1406 1047 431 1474 247 519 236 1407 857 1542 1398 1248 1371 1569 531 902 28 509 244 1105 849 138 1059 1688 1910 1773 1017 1626 296 546 974 1797 1002 1138 1833 478 1888 1115 152 60 1153 504 705 1655 1828 1024 1033 1712 709 1716 1914 1951 969 23 1762 917 340 1876 1499 1556 684 233 1728 669 1090 206 1935 468 677 771 1122 1229 1835 511 425 
minDistance: 4.94045
cost: 244858
capacity: 199186
time: 54371
maxTime: 60000
LS1: 37139/38416
LS2: 414/1277
LS3: 0/0
shakeIters: 836
shakeLoops: 77
