4.24913:1153 4.29733:1545 4.30431:1713 4.43253:2597 4.48602:2835 4.53538:3129 4.5917:3499 4.61429:3967 4.62966:4082 4.67014:4174 4.70133:4267 4.7352:4563 4.73886:9949 4.78039:10360 4.7847:10415 4.78594:10495 4.81397:10581 4.82166:12479 4.82691:12534 4.83291:14012 4.84679:14609 4.85066:15297 4.85492:16048 4.86276:17404 4.86953:18648 4.87149:25664 4.87785:27171 4.87874:32356 
1315 1589 732 458 1777 1542 240 1502 491 1179 1583 1736 1147 1283 1662 334 1943 835 1489 1994 764 1072 1786 1509 606 563 119 499 1910 1033 301 1523 339 1579 467 1463 33 111 412 139 395 1675 1274 16 1756 48 1486 1043 1912 1565 1402 384 383 737 82 210 357 1142 525 152 1580 1144 1091 1738 1032 1977 789 1631 535 1601 775 1002 1749 423 1946 1194 1019 1852 1652 729 185 172 1073 1100 1511 1022 474 623 1287 165 1304 1379 1743 1216 89 68 848 1573 396 297 346 1350 160 309 1667 1835 1040 162 1017 1408 1842 1356 1107 279 367 1625 1412 1455 1814 1645 238 427 1089 834 418 652 930 1105 1593 1230 476 859 1118 1521 985 110 1277 425 1328 1427 616 1405 1817 88 1828 421 456 58 1500 81 878 1461 1051 1754 1084 944 1416 170 1575 1409 59 450 1513 488 437 1205 500 1735 1125 552 164 1481 1293 599 940 897 378 369 244 1476 108 375 1436 60 74 1296 1902 227 1630 689 295 284 310 665 397 392 1172 924 990 264 1161 1933 292 1164 849 1654 308 1414 539 1935 1524 1279 1292 1437 1620 157 635 316 429 938 765 983 1507 1386 1143 1464 614 1781 1267 1420 1116 1182 1478 565 431 534 684 1011 693 987 933 1121 1067 1097 212 1264 194 380 1954 1985 1799 1541 1719 1658 443 420 1213 1141 1208 
minDistance: 4.87874
cost: 251392
capacity: 199198
time: 32356
maxTime: 60000
LS1: 37908/39275
LS2: 452/1367
LS3: 0/0
shakeIters: 887
shakeLoops: 85
