4.31059:1342 4.31866:1478 4.36557:1691 4.4126:1821 4.5267:2151 4.53192:2355 4.54279:2482 4.54567:5201 4.56049:5361 4.56111:5575 4.59701:5688 4.59775:5931 4.63761:7067 4.64594:7319 4.65981:7404 4.68644:7463 4.73215:8216 4.7352:8270 4.80526:8541 4.80871:8898 4.82136:9045 4.82151:9594 4.82166:10883 4.83291:11688 4.85492:13808 4.86276:14520 4.86953:15006 4.87149:17628 4.88539:19449 4.89542:21368 4.90474:21825 4.92509:28379 4.93543:28445 4.94645:28497 4.94699:28706 4.94725:47162 4.97472:49743 4.98297:53111 5:54447 5.00519:54502 5.00795:55266 5.01641:59462 
890 450 1910 920 236 178 339 837 441 1089 1912 1420 672 170 331 565 193 1985 165 755 1754 459 244 585 58 835 234 30 601 1122 1542 1144 1777 1935 525 229 1194 1374 371 227 421 1609 370 1160 1625 439 1118 1540 334 1035 1155 1743 94 247 1541 1475 420 993 1360 991 1244 1106 1226 111 778 990 1700 1314 1090 1501 1943 68 1703 1630 1143 917 1141 652 794 845 1219 821 1216 1996 1463 530 844 1719 848 74 1586 1590 954 737 614 1101 427 792 1876 325 219 13 1562 665 57 1855 1486 1369 433 1886 1575 636 309 834 500 60 938 720 1456 1620 1589 37 285 1612 18 534 467 630 264 1573 16 1865 346 1461 959 429 432 944 476 1516 1662 502 282 1283 724 1164 1180 240 154 1455 1002 1274 162 1119 983 410 1903 284 985 1172 1565 1692 23 296 172 1799 378 85 1310 1127 1200 1391 295 1881 1666 645 1213 380 1862 940 215 1933 1293 1502 1580 164 357 1745 1726 606 425 924 1478 1579 1107 1614 152 776 1894 689 849 15 777 509 671 395 115 1019 279 1438 1705 130 616 1022 1593 693 1946 1084 415 1994 1412 1043 1333 192 1631 1203 1694 1468 1796 520 933 456 1072 1735 625 1130 499 1003 210 119 635 41 1091 1749 478 950 488 1315 341 1875 976 1997 1702 1390 860 1030 1057 
minDistance: 5.01641
cost: 248210
capacity: 199167
time: 59462
maxTime: 60000
LS1: 36602/37904
LS2: 401/1302
LS3: 0/0
shakeIters: 859
shakeLoops: 79
