4.18923:1034 4.24731:1327 4.24778:1397 4.33084:1670 4.43137:2157 4.44696:2718 4.46297:2793 4.47515:2877 4.50729:3154 4.53538:3579 4.55227:3886 4.55659:4202 4.56049:5058 4.62717:5204 4.6298:5281 4.63088:5380 4.64594:5468 4.65399:6394 4.70465:6498 4.7352:6736 4.78594:9433 4.7889:15727 4.83841:16010 4.83883:16798 4.86783:16860 4.86953:18230 4.87149:19870 4.87338:19922 4.89796:45638 4.90474:46497 4.91479:47857 4.94549:49195 4.94699:51913 
985 1507 1463 777 1051 437 1951 1631 1374 478 584 1658 983 527 111 1903 897 1579 1190 240 1876 1628 279 247 1124 1662 1084 275 476 255 395 1461 1509 1105 1842 488 800 1226 844 1003 119 1121 1439 1464 991 1985 1799 378 1756 1089 341 340 379 1630 22 1656 1749 1875 1131 1315 1494 1444 467 1912 234 60 1870 1657 1516 905 1035 1584 1125 1580 671 1090 244 1162 1666 499 1623 1412 652 729 848 1822 756 720 1056 1593 1292 431 146 366 160 1777 534 88 1575 596 1227 940 1182 164 68 675 677 420 1213 1935 924 371 1620 520 1888 137 1176 1164 1736 821 1391 976 1420 172 1786 483 1614 1934 1106 1659 835 1004 1368 107 1033 122 932 509 502 458 165 1144 269 789 1486 1194 1273 1664 1865 1468 737 1473 412 253 16 1886 1416 529 954 396 614 1172 1680 108 1407 1544 1044 1446 1609 1455 947 1933 1333 1744 1040 938 685 1855 834 1959 1682 1495 1899 1952 1943 727 97 1233 849 1142 325 491 380 807 986 1719 1487 1972 492 1560 944 1692 74 285 1107 110 565 1263 519 1954 429 1216 1360 52 792 1702 1042 500 895 1248 383 794 1573 1881 918 1823 114 1745 705 1351 1500 1097 1302 367 530 782 170 663 933 990 1258 1199 1946 1155 1902 1478 1071 1116 1977 1504 842 450 130 1002 168 1894 931 828 
minDistance: 4.94699
cost: 244315
capacity: 199182
time: 51913
maxTime: 60000
LS1: 37724/39119
LS2: 534/1395
LS3: 0/0
shakeIters: 828
shakeLoops: 78
