4.27273:1160 4.29733:1446 4.31059:1572 4.36916:2046 4.4121:2195 4.43137:2294 4.43253:2380 4.49804:2708 4.5267:2900 4.55227:3289 4.5775:3559 4.62681:3672 4.68824:4622 4.69303:4763 4.73368:4898 4.7352:5375 4.74766:5492 4.78039:5559 4.78594:8598 4.80747:8748 4.82166:8847 4.84798:11187 4.84984:13497 4.85864:13570 4.86276:13637 4.86853:15879 4.87149:16661 4.87338:17410 
630 247 1923 1719 1542 1481 371 1042 450 1180 1391 1223 284 1754 1160 1178 1822 1580 1094 488 851 881 1035 476 502 1181 1111 976 1507 1589 1971 380 777 308 289 1089 215 729 341 933 1101 33 460 16 1788 109 870 264 1022 111 765 685 1454 192 1749 50 677 1379 1390 1495 1886 1264 1614 776 193 1126 170 1107 1416 954 1155 1283 1541 556 1594 1412 1996 1211 897 513 393 1846 601 1314 421 1125 595 722 1233 1935 152 1703 1943 1315 1420 1550 1408 715 1590 1347 1829 1050 325 1410 686 1659 844 525 982 1894 441 1585 160 985 1702 1624 1575 178 244 1517 165 115 1952 414 346 85 1387 1631 97 1705 467 1629 1407 792 1954 606 614 172 821 519 1912 720 645 1444 990 1310 987 1090 1502 397 529 41 565 451 672 1617 1739 1933 240 663 924 845 339 1164 1667 60 1244 1320 292 1720 940 668 1938 427 835 1176 295 420 234 248 849 1003 1091 285 1500 114 457 834 1844 895 535 375 1271 500 1017 1219 984 74 22 335 1783 130 771 1523 1032 1630 253 401 80 1579 1625 409 154 1194 1144 1033 989 23 619 210 282 1463 1786 636 499 1910 431 665 1513 340 220 259 1743 164 944 1916 1628 960 574 1486 30 162 530 1556 1959 1216 1726 938 1118 1417 68 1225 1438 604 637 370 1351 917 1247 1019 1865 552 632 1815 1988 
minDistance: 4.87338
cost: 238390
capacity: 199174
time: 17410
maxTime: 60000
LS1: 36944/38308
LS2: 550/1364
LS3: 0/0
shakeIters: 786
shakeLoops: 75
