4.17577:969 4.30431:1450 4.36093:1786 4.36557:1874 4.4121:2091 4.43253:2223 4.44483:2487 4.4987:3151 4.51904:3309 4.52247:3370 4.61153:4389 4.64594:4744 4.66926:4937 4.72638:5149 4.73146:5210 4.7352:5410 4.74128:5481 4.75422:5618 4.78594:7435 4.7889:8434 4.81788:8580 4.8318:8679 4.83291:8763 4.84679:9491 4.86276:12041 4.86853:15313 4.86953:16167 4.87149:16903 4.87912:41086 4.88709:47901 
800 1011 375 1573 917 1292 1019 1359 1486 1500 574 331 108 1590 782 1620 397 1951 1565 834 1922 1817 1213 605 1612 414 1631 903 1680 81 15 511 1702 1386 794 1985 835 1314 1659 369 58 685 1042 1223 85 668 614 133 1376 68 1374 1316 953 1852 357 1073 1172 1733 1719 214 1304 392 1700 470 111 1697 1782 1194 1039 63 789 1658 720 924 1053 94 1162 1903 776 44 1996 1749 817 160 209 1542 905 1799 1089 276 1090 450 1910 1022 460 164 709 1550 23 1881 367 368 1360 1540 60 1683 1100 895 632 1199 16 1131 1943 488 1329 788 1398 1507 1277 944 1523 124 1815 247 1938 990 1371 130 1356 291 876 401 652 645 1455 136 1035 474 1609 1164 1516 1097 1248 563 550 1682 1786 360 162 1997 1580 437 1106 1084 1933 1127 1368 1190 596 253 303 1002 1515 1533 168 1219 378 225 289 1347 456 1614 1554 66 1946 1216 1155 1698 1401 69 807 1686 801 1819 1954 509 1988 1666 1816 873 446 737 1478 1887 1071 849 74 1705 527 1407 933 409 938 1784 255 1010 1598 606 1179 210 165 507 366 1560 1461 1870 295 1923 520 935 1107 478 1437 227 1576 122 244 772 1675 1511 1463 279 355 339 234 846 639 771 1596 1180 475 309 535 1912 636 1726 1645 285 1513 170 1706 1924 1004 586 238 240 1630 1144 859 1003 458 
minDistance: 4.88709
cost: 250974
capacity: 199311
time: 47901
maxTime: 60000
LS1: 37747/39049
LS2: 413/1302
LS3: 0/0
shakeIters: 859
shakeLoops: 82
