3.92151:579 4.44483:1784 4.56393:2154 4.59022:2489 4.59707:2598 4.60063:2833 4.65399:3030 4.67014:3277 4.68764:4114 4.70465:4264 4.72191:4367 4.73368:4425 4.7352:4538 4.78039:4960 4.80275:5235 4.81716:5378 4.81788:5504 4.82166:8215 4.82252:8290 4.82691:23109 4.85066:23867 4.85173:29783 4.85719:30497 4.86276:37565 4.86853:49628 4.87149:53652 4.87912:55145 4.8917:57311 4.96281:58063 
1367 645 1130 1412 1583 439 1886 1579 1035 1141 253 1051 378 1090 279 86 500 1609 1101 1339 1977 596 976 933 1575 1033 52 1703 1946 1816 821 383 490 74 1329 1040 502 30 1302 1054 1631 334 727 794 310 162 1516 1502 842 1790 325 755 686 575 954 240 1067 1155 1439 751 1764 642 800 509 1193 1464 1788 1625 284 297 58 1100 1852 414 292 229 16 662 936 984 904 1230 1017 1943 488 1997 1144 982 1726 1626 1904 527 283 959 1448 366 47 109 371 1523 1524 158 924 1509 986 1846 227 1749 828 993 1091 765 1541 653 767 1513 534 247 1264 652 276 1507 23 1682 412 1893 944 499 1304 380 301 1316 1486 467 1570 375 918 771 1190 720 464 1399 1268 170 503 677 1586 1645 1004 941 1604 108 1182 264 395 429 1328 530 1865 1416 172 1408 1140 97 15 89 1495 60 584 789 831 1463 849 5 450 1664 705 379 630 1474 663 333 671 37 1630 734 1912 1542 1116 160 777 1131 1560 1097 792 1195 1935 737 1573 1593 1666 341 1194 1368 539 164 1089 1475 1172 1106 846 626 443 729 244 295 1258 834 874 470 1336 1107 1315 1042 59 704 1407 606 1436 248 1453 68 1855 983 243 614 1028 1226 1019 1386 1456 1785 367 114 985 938 1545 478 623 309 119 960 1273 370 637 1442 1959 1002 1815 82 1032 1156 358 
minDistance: 4.96281
cost: 245342
capacity: 199212
time: 58063
maxTime: 60000
LS1: 36990/38308
LS2: 461/1318
LS3: 0/0
shakeIters: 828
shakeLoops: 80
