3.92151:562 4.18949:1169 4.31059:1500 4.51904:2048 4.5752:2402 4.63777:3056 4.71282:3349 4.71675:3575 4.72386:3676 4.73146:4582 4.73368:5066 4.7581:5176 4.7889:7244 4.79717:8065 4.81716:10254 4.82252:13973 4.83291:17593 4.83801:17782 4.83883:17894 4.86276:19187 4.87149:25226 4.89542:43908 4.90564:45384 4.91159:52027 
1019 1191 1819 772 1324 1040 1988 1003 1954 325 351 310 1513 117 450 1507 162 1291 1002 285 1912 1004 933 445 519 842 1211 1749 1580 375 89 1815 502 990 1387 115 1983 1091 60 1728 130 1442 1277 944 991 58 396 381 1244 446 1630 1593 1542 1219 727 309 253 63 1609 1478 821 1933 835 1193 1662 1997 1033 873 1160 164 828 166 300 1407 1011 1828 1659 1854 1216 114 1888 1620 579 983 1351 478 1810 1032 1682 953 792 849 1979 642 302 154 158 74 1687 1222 279 959 57 574 284 1203 1946 529 389 244 865 1042 671 1735 1700 976 652 1579 153 66 1727 1438 1107 681 985 1374 918 1275 1164 789 1902 685 601 68 845 1453 1333 295 771 173 1541 1156 734 1738 625 264 777 23 1084 794 1461 1910 194 630 800 938 1509 1951 924 1116 128 1304 401 198 1283 1777 1162 395 1985 334 737 480 227 824 1089 1903 33 1035 1631 1081 705 331 499 1799 488 1560 673 831 371 1090 20 1155 1180 1666 1280 1886 1106 247 993 73 397 606 584 30 1516 614 16 421 1612 1726 905 1503 596 1486 1623 1118 954 2000 1110 1852 1575 1213 530 1223 1614 1226 817 1051 1702 85 626 1760 960 520 1887 776 111 135 380 1127 1412 715 1865 775 1606 172 1633 1416 1144 582 1491 498 1502 1565 160 41 1194 
minDistance: 4.91159
cost: 243982
capacity: 199279
time: 52027
maxTime: 60000
LS1: 37462/38775
LS2: 421/1313
LS3: 0/0
shakeIters: 868
shakeLoops: 81
