4.4121:1586 4.4126:2182 4.53434:2475 4.61639:3722 4.62066:4143 4.69303:4636 4.71675:4815 4.72386:4970 4.74221:5031 4.76396:5903 4.76557:5966 4.77476:6107 4.78039:7082 4.7889:7940 4.80086:8312 4.80275:8375 4.82151:9481 4.84679:10410 4.8604:10486 4.86729:10799 4.86853:11762 4.87149:21658 4.87912:59237 
1829 1943 848 677 1131 292 982 42 771 1050 429 462 1717 1933 894 1307 1172 1924 1072 1455 1476 108 1351 794 961 1912 1122 247 1631 1683 23 1213 1219 1118 596 255 832 828 1468 1411 68 882 1182 378 285 1192 1226 895 1951 1210 863 1656 1935 576 1040 164 842 264 1014 1179 709 109 288 683 1666 198 1416 219 1342 1360 110 1786 1509 1659 1593 727 1089 461 58 1437 558 1080 1567 293 312 1481 491 366 1019 1369 1534 1517 1643 1817 369 1875 209 507 1347 1946 1830 1720 1402 470 1862 652 554 1523 614 918 792 380 938 2 584 136 1193 111 782 1654 530 1412 1579 498 1662 130 1248 924 396 776 921 645 427 1107 420 1799 1552 534 869 821 1315 519 50 1051 1620 817 445 431 920 778 157 244 81 801 1116 858 1374 1227 680 1828 1190 639 1235 234 1273 983 755 1399 409 1777 1216 1846 1687 1073 74 1420 1339 1797 1988 397 361 308 1442 1614 933 1749 450 1495 325 488 831 990 742 944 86 279 340 357 1652 421 310 1699 1003 60 281 720 1463 1801 705 1996 1515 1046 1127 1144 395 1359 907 686 1575 1705 170 734 1541 737 192 481 1097 1444 253 1888 511 78 509 1071 381 227 520 46 254 1223 43 1177 367 1625 172 1155 124 358 837 985 606 1762 1405 1903 1565 309 1143 1156 615 1953 629 953 1164 382 500 1782 
minDistance: 4.87912
cost: 252132
capacity: 199173
time: 59237
maxTime: 60000
LS1: 36322/37658
LS2: 486/1336
LS3: 0/0
shakeIters: 827
shakeLoops: 79
