4.43996:1562 4.53192:1887 4.55659:2135 4.5647:2245 4.59549:2462 4.62966:3367 4.71654:4315 4.7352:4775 4.78039:5832 4.7889:6053 4.81397:6806 4.82064:6865 4.82166:6958 4.85719:7580 4.86853:7992 4.87149:15677 4.87912:15845 4.8808:16002 4.8917:16093 4.89249:17010 4.90061:17863 4.92702:18237 4.93543:22253 4.93632:22306 4.94709:30140 4.94725:45453 
447 1195 1200 68 924 57 421 339 401 1089 1125 1954 1815 292 488 596 1164 990 1821 234 1455 686 88 282 253 865 1941 524 630 173 1681 193 1580 1211 309 575 1946 476 502 966 525 1507 1226 693 801 625 1333 1865 1910 1268 37 164 16 325 1662 395 1985 270 72 111 384 172 1190 1126 771 1706 1631 794 1593 1002 108 1248 1687 938 905 821 681 60 500 530 1192 1501 897 310 412 1219 1081 1256 66 1556 1227 1614 1846 1086 215 1749 133 1719 1172 474 944 58 917 380 240 81 645 1988 264 432 1017 534 74 606 879 418 99 685 1579 1073 1035 778 1407 1155 22 1091 478 1144 737 1475 695 1304 1542 1216 509 835 1513 1442 899 672 1412 1541 1097 920 1943 1958 2 1842 1609 1314 1264 283 673 1084 1042 1416 1817 345 527 1682 616 1116 954 1786 279 1912 1473 1799 1590 1090 1702 1105 247 94 1633 1022 511 933 244 1180 1463 834 983 848 170 1046 1909 1894 425 410 409 284 1935 15 154 1783 431 1107 397 492 1700 30 1142 845 1444 849 450 480 1131 1351 1237 340 460 1011 1951 467 1959 1996 1130 704 1044 1947 445 639 152 1743 210 160 441 1659 1267 1952 1359 1705 135 614 720 427 1160 1544 341 792 1302 985 1390 1523 392 1182 1127 1515 1620 642 304 1387 1796 1561 1500 491 1110 1277 1213 
minDistance: 4.94725
cost: 246622
capacity: 199188
time: 45453
maxTime: 60000
LS1: 38502/39801
LS2: 389/1299
LS3: 0/0
shakeIters: 884
shakeLoops: 83
