4.42469:1349 4.43253:1468 4.43835:1629 4.53192:2625 4.54279:2737 4.59022:2939 4.62709:3341 4.71675:3676 4.73146:4123 4.75971:4249 4.78039:5107 4.81716:5872 4.82166:6028 4.82252:6100 4.83841:6190 4.86276:6947 4.866:7753 4.86953:7918 4.87874:7981 4.87877:9302 4.87912:9417 4.90474:9585 4.91096:11778 4.92414:12083 4.9721:12149 4.9986:14365 5.00519:15604 5.01641:20526 5.01734:21799 5.02709:41093 5.02766:41963 5.03299:49241 5.05293:51950 
60 983 357 1111 253 1643 1455 409 614 247 1870 688 162 1749 1160 789 1244 1211 1412 987 671 172 1620 1004 1946 396 1216 170 333 1379 709 1030 503 1154 1010 325 1019 652 1148 1584 227 1846 934 1360 1089 375 1573 874 1106 109 673 507 849 1414 1516 491 704 219 771 154 89 1043 653 897 15 1097 584 1719 990 1802 1777 367 378 985 1142 1943 800 1105 192 1179 918 502 1996 777 1416 1796 82 334 395 1033 1509 1314 729 623 1230 1442 1495 340 279 1195 924 511 296 1657 1541 1842 94 1786 1333 1328 954 1182 425 606 755 1090 1912 1876 420 1390 1666 478 110 1409 1743 509 1886 1659 848 1126 792 238 397 1164 1072 1221 1630 1037 1560 767 1213 1044 1756 753 58 1131 119 500 1420 1194 575 1304 1107 1586 158 1155 1738 429 801 1415 1645 931 630 1990 1523 1625 835 596 1935 842 899 488 1744 1902 1727 674 1565 821 839 456 1865 737 1002 935 464 539 672 619 1144 1745 1130 1985 1084 765 30 450 470 1081 1101 446 384 944 1542 959 168 1579 297 88 1035 838 492 1581 244 662 1576 1190 1507 1570 933 292 445 1545 1073 601 215 371 74 421 1463 198 1609 1172 615 1248 1536 1662 1785 1799 976 938 1580 236 828 18 776 431 1513 1486 534 264 1116 164 865 727 259 1593 1590 1569 16 
minDistance: 5.05293
cost: 248460
capacity: 199347
time: 51950
maxTime: 60000
LS1: 39798/41137
LS2: 430/1339
LS3: 0/0
shakeIters: 876
shakeLoops: 82
