4.36916:1401 4.47515:1592 4.52247:2911 4.55227:3203 4.56998:3400 4.5752:3495 4.61639:3630 4.61853:3699 4.66203:4061 4.70465:4264 4.73558:4602 4.75971:5438 4.78039:6704 4.78594:7393 4.7889:8773 4.79995:8943 4.80788:10134 4.81716:10792 4.82151:13059 4.82252:14119 4.82691:14283 4.83883:14414 4.84584:14582 4.84984:15309 4.85066:15424 4.85719:15476 4.86276:16208 4.86783:20693 4.86953:21554 4.87149:43538 4.8733:44275 4.87338:45760 4.8917:45895 4.89542:50559 4.91096:53414 4.91177:53465 4.92012:56571 
1119 193 897 1177 1819 1666 111 297 821 1090 1105 322 1495 1022 1273 1935 503 1182 1580 520 1486 1314 295 1523 270 185 172 378 1002 63 856 983 1943 369 410 933 751 877 1374 729 800 606 165 154 499 1100 1028 198 164 662 1081 1409 921 1247 1799 1333 1630 1142 1368 488 1407 574 1412 1238 1330 40 109 160 1749 1084 1512 375 598 987 1091 1180 1954 828 522 1179 1110 795 58 953 1060 1593 778 310 95 1019 835 652 1106 1017 325 1659 705 380 23 478 1116 1507 685 918 982 60 500 817 776 1855 227 1160 1089 601 157 1437 1073 1662 1328 940 1946 1354 1101 990 777 59 807 1620 1408 1870 1003 1162 1515 367 1797 1513 1453 720 1461 935 1216 501 1817 985 645 68 264 1609 732 1579 1219 1922 247 1590 1951 1463 1004 1035 255 539 1541 1500 1244 1777 630 44 16 534 414 284 370 339 1264 1575 170 509 1144 1633 240 1754 771 1888 1042 431 1910 1030 491 1194 1542 944 1056 1127 1444 1172 1821 1682 456 412 476 1367 1315 737 253 395 1545 614 1304 114 1828 1155 292 1852 1822 1786 1393 727 1657 792 986 899 849 1107 1442 1739 74 1565 1966 677 1614 596 1699 672 361 1414 238 1053 765 938 1387 244 1610 1985 1190 1573 924 837 1912 450 30 1359 401 1781 1087 639 1277 279 
minDistance: 4.92012
cost: 247612
capacity: 199249
time: 56571
maxTime: 60000
LS1: 36959/38301
LS2: 399/1342
LS3: 0/0
shakeIters: 906
shakeLoops: 84
