4.24778:1098 4.55227:2039 4.64594:2344 4.65981:3374 4.68824:3622 4.7352:3816 4.74128:7843 4.74766:7905 4.75422:8075 4.78039:8675 4.78594:11333 4.7889:11679 4.80086:13892 4.80275:13946 4.82166:14011 4.82252:14138 4.8318:14382 4.83605:14534 4.85066:14648 4.85864:16218 4.86017:16357 4.86276:17125 4.86853:22527 4.86953:35441 4.8733:42277 4.87338:43190 4.87912:46281 4.8917:46402 4.89403:47364 4.89542:47462 4.89855:49548 4.90474:50986 4.92414:52497 4.93543:54465 4.93632:57523 
431 1946 2000 987 778 1401 357 1107 1374 285 154 1798 370 1565 931 1354 635 215 511 58 1609 1304 502 575 856 232 596 22 653 1471 1524 938 1089 834 1314 464 1934 1754 1863 1829 164 1399 630 480 1216 584 727 378 1413 1590 396 777 1997 1777 924 990 1172 1743 1682 1125 604 1785 1810 1938 395 960 671 1127 1131 1190 976 677 68 264 944 1643 520 525 1144 1213 821 1716 13 443 961 375 439 467 918 1360 1359 1111 23 1500 292 652 1122 729 1416 535 1035 672 983 1437 1855 877 1799 279 1194 380 333 1390 304 193 1601 170 1631 1072 456 340 1801 1414 381 1100 704 286 441 1699 358 1886 1160 1756 602 1227 824 1293 130 160 427 1086 1073 1786 985 550 1379 940 74 16 636 60 1019 1455 94 1516 941 849 842 1155 1579 1143 128 500 899 1517 300 1454 1749 1056 1589 488 284 1277 1164 1108 1044 1726 1996 1542 82 1828 1943 133 776 1195 601 421 1912 579 1933 1486 897 614 1412 1106 1461 1988 325 1333 1097 606 1268 1328 623 41 429 1575 1580 792 882 1719 1444 85 1735 244 1675 632 450 1468 1954 1662 534 1951 310 1541 30 1032 905 309 982 509 1274 367 119 771 1788 137 247 1823 293 238 1041 1116 445 172 1865 737 1507 1630 1513 645 1244 1552 15 720 801 693 1093 1523 1299 
minDistance: 4.93632
cost: 250715
capacity: 199229
time: 57523
maxTime: 60000
LS1: 36318/37683
LS2: 505/1365
LS3: 0/0
shakeIters: 825
shakeLoops: 78
