4.33425:1468 4.46482:1876 4.49333:2222 4.51633:2550 4.55659:2722 4.63859:3154 4.64758:3242 4.66094:3521 4.69303:3639 4.71675:3778 4.72181:3850 4.7352:5133 4.75422:5653 4.7889:7422 4.79096:7539 4.79995:7725 4.85066:8054 4.85719:8109 4.86276:8220 4.86783:22599 4.86953:23869 4.88539:26163 4.89057:26323 4.89403:30047 4.90474:36045 4.916:37162 4.92414:37223 4.9371:37384 4.93784:42529 4.94645:47203 4.94699:55061 4.94807:58966 
1783 1072 985 686 554 1213 236 834 1191 219 1219 15 685 1988 953 1004 240 1277 1119 987 792 777 1264 1575 705 310 1502 509 264 586 1796 1359 1700 1486 1888 62 99 1573 309 530 339 1586 1314 397 1617 1785 828 1788 1144 1262 1420 1946 371 1513 1523 1053 1819 642 1351 164 296 1180 801 1063 1017 68 954 137 334 1865 270 534 1203 1412 606 1756 1408 1155 1814 74 1630 1067 425 488 1031 1438 1302 917 170 16 574 817 1391 933 1541 1614 85 1211 178 778 1453 1475 1315 476 1073 429 247 193 1951 1030 458 279 1248 821 1705 849 983 1500 409 511 1334 23 1815 1515 665 976 415 1516 1556 1035 585 1560 396 993 450 1659 1107 1666 1943 601 47 938 384 1542 1162 357 1682 1193 73 295 244 1580 1994 645 1631 570 1565 779 1876 331 297 1996 119 1910 944 1118 636 239 276 1022 58 1985 159 1728 111 865 1799 1164 292 1828 378 1609 712 1271 1698 1980 1954 1237 614 1048 1517 720 732 1291 1589 1579 924 1612 1912 848 844 922 412 72 845 1455 800 1726 162 154 1390 395 283 1084 1216 1333 1561 284 771 1886 325 1749 1797 1509 1463 172 1997 1106 1172 1244 630 1160 1938 668 1116 215 421 1816 1283 1399 1699 341 253 202 380 1590 1702 737 210 1507 109 165 1011 596 
minDistance: 4.94807
cost: 245276
capacity: 199193
time: 58966
maxTime: 60000
LS1: 36793/38088
LS2: 412/1295
LS3: 0/0
shakeIters: 851
shakeLoops: 78
