4.14197:940 4.49333:1683 4.55227:2008 4.59701:4760 4.62066:4842 4.62702:5059 4.63761:6162 4.64594:6249 4.66007:6341 4.68764:6579 4.69022:6751 4.77056:6974 4.7847:8211 4.78594:9128 4.79065:9762 4.80175:11966 4.80494:12073 4.82151:12679 4.82166:12838 4.82252:12936 4.83291:14360 4.86276:14414 4.86853:15167 4.86953:19738 4.87149:20010 4.87338:21004 4.87912:24439 4.8808:24768 4.91079:25481 4.91177:26104 4.93543:34407 4.93632:35063 4.9371:35698 4.97472:36058 4.98874:39536 4.98904:40719 5:44146 
1796 828 322 1040 918 1193 1028 990 1934 1777 15 1216 1573 1154 85 1456 1855 1106 1191 1609 74 1586 1743 1131 1545 1219 396 361 478 452 1516 720 94 1412 821 1951 476 1726 1682 370 751 1367 236 1414 450 1888 987 1002 43 334 1273 973 534 1589 539 1110 1442 1780 382 367 1680 776 938 1097 1631 663 793 1645 1728 525 1037 1630 375 1581 1410 639 1509 614 1912 210 704 421 1143 1580 1816 1486 429 1868 1846 907 1195 954 1277 686 792 982 1172 254 509 1702 412 159 1703 284 1819 936 1817 1749 1579 247 1943 238 1304 1315 626 456 520 671 325 645 1044 310 1575 1091 16 737 944 259 114 1019 1453 1221 983 1127 1359 378 1420 1782 227 903 1283 95 630 1946 652 835 1799 777 244 1530 685 606 1032 924 1042 253 170 511 1865 985 212 68 771 1160 395 1996 1057 286 193 264 524 933 1213 82 1495 86 1620 1593 1894 172 1815 1017 1523 935 445 1507 1659 341 267 1994 23 1502 234 1705 240 1035 677 119 340 1463 331 502 1997 1858 115 202 1089 1790 984 1372 849 789 427 1886 1101 1761 1756 243 1954 58 164 279 1786 1024 1144 1274 519 206 1090 1513 801 215 904 1739 684 162 108 865 1829 1003 1500 219 1959 154 1328 1541 834 1472 1542 1155 636 467 339 218 
minDistance: 5
cost: 251623
capacity: 199162
time: 44146
maxTime: 60000
LS1: 37693/39045
LS2: 439/1352
LS3: 0/0
shakeIters: 876
shakeLoops: 81
