4.24913:1274 4.4121:1738 4.43253:1933 4.46297:2084 4.47515:2230 4.48794:2316 4.52247:2449 4.52525:3166 4.64209:3609 4.66256:3713 4.73146:4194 4.7352:4254 4.74766:4356 4.7566:4514 4.76077:4590 4.78613:6708 4.81716:6901 4.81788:7221 4.82166:7295 4.83291:8330 4.83883:9454 4.86276:12599 4.86783:14182 4.86853:18625 4.87149:39062 4.87338:41127 4.8808:43473 4.88709:53815 
1659 606 446 1576 279 1216 1172 1314 1474 383 1782 921 1315 801 1116 519 563 1828 136 984 1080 982 456 1630 1072 115 929 765 1486 23 1057 1954 1682 16 1316 22 821 1414 492 976 1089 1494 1821 310 209 1374 1916 58 331 1535 371 932 1368 1293 1371 92 596 1292 432 1565 1666 1107 778 427 1273 1705 1495 1193 720 511 108 1071 1743 1788 378 834 625 30 1351 614 776 295 844 1022 539 1050 1796 500 1194 441 247 1935 238 1786 60 1342 510 1593 76 289 1819 498 1502 1837 160 924 1609 1720 292 1988 652 1699 450 1444 520 478 86 380 920 938 94 1180 1523 1515 615 119 1248 1579 1101 1350 389 1191 1726 990 1859 445 1570 1344 215 325 509 497 1359 1391 124 159 895 604 1455 525 1311 1190 1545 1439 1687 1372 987 845 340 1422 904 1664 429 1110 1868 1870 1417 42 1631 668 944 609 950 989 414 636 1144 234 835 51 82 488 1227 1179 1996 1542 1125 799 671 1463 1830 983 370 1703 685 616 849 74 865 1865 1777 68 264 1219 726 1086 1407 645 1541 244 1509 933 275 467 1002 111 470 1855 782 1946 727 1590 713 693 1886 85 395 1155 1625 309 1912 1815 771 165 284 170 361 1003 858 1611 1598 95 1091 1533 1412 1816 1237 135 1438 1461 227 918 635 1513 1094 172 1181 293 874 1360 777 552 164 447 
minDistance: 4.88709
cost: 250434
capacity: 199222
time: 53815
maxTime: 60000
LS1: 36249/37583
LS2: 519/1334
LS3: 0/0
shakeIters: 787
shakeLoops: 74
