4.16386:958 4.33425:1445 4.36557:1809 4.47591:2838 4.53538:2980 4.56111:3139 4.5647:3466 4.62702:3776 4.63464:3922 4.63761:3986 4.65399:4187 4.67014:4577 4.78594:5689 4.7889:6469 4.81234:7336 4.81716:7390 4.81788:8259 4.82072:8384 4.82166:9038 4.83883:9138 4.84679:9247 4.85066:10091 4.86853:10147 4.89838:14726 4.90365:14788 4.90474:14843 
1912 1565 1190 1954 1172 1521 1051 1842 1631 383 488 1105 1216 1756 1797 1142 88 491 1368 1486 248 1719 1227 601 1509 1439 635 1495 877 1852 1063 1478 920 319 136 1304 1617 81 292 1475 412 789 771 858 835 534 1614 1855 501 1652 1474 409 1502 358 727 1247 68 154 1985 1194 905 1620 355 1044 331 1053 625 1356 1523 1131 1928 66 987 1580 653 441 238 1524 668 367 481 630 1733 1923 1922 244 1517 1211 1106 1033 1535 1039 334 1767 1086 1091 43 1409 529 1100 1088 396 74 720 1081 152 172 1267 801 1463 1727 1090 1200 1080 953 837 119 1177 990 1408 1828 1816 1225 1786 938 240 1084 1004 1542 509 1144 264 1101 672 1593 157 1221 1056 502 325 285 1060 1573 474 146 333 1017 1437 1685 254 904 1293 1264 1032 395 392 443 1544 58 1782 470 369 1657 450 1625 1513 1777 1744 1011 1586 456 1952 765 1817 1119 986 60 550 614 1367 340 1951 165 878 1589 1195 1354 1097 712 1579 1035 247 1577 645 1739 737 1507 933 1073 637 1682 1022 1089 1107 1405 301 164 511 22 16 284 1643 418 1575 40 500 1320 1329 1779 848 1943 1407 1461 985 1606 1979 1946 1116 964 849 357 1351 705 57 279 800 834 652 170 704 924 297 918 1664 1314 606 1933 1213 817 492 944 563 1237 1155 1003 1541 1500 459 109 1160 1192 773 1179 
minDistance: 4.90474
cost: 252096
capacity: 199164
time: 14843
maxTime: 60000
LS1: 38473/39789
LS2: 416/1316
LS3: 0/0
shakeIters: 874
shakeLoops: 84
