4.03632:732 4.36552:1578 4.43835:1683 4.49634:1986 4.4987:2515 4.55227:2730 4.56049:2910 4.63859:3158 4.64842:3372 4.73146:4078 4.7352:4391 4.75255:4653 4.78594:4731 4.7889:4973 4.81716:6484 4.82174:9386 4.82691:9571 4.83291:10503 4.85066:10614 4.86276:10667 4.87149:10788 4.87338:17600 4.88709:26373 4.89542:26655 4.90061:27989 4.90474:29187 4.91479:35300 4.92012:38003 4.93089:38751 4.93543:38869 4.93632:40263 
68 1107 953 367 1002 1486 264 310 984 954 938 1816 1865 74 782 1954 817 1097 944 340 1193 1756 835 1910 1705 1454 80 1035 284 16 325 1090 1590 279 33 1516 5 1903 247 606 421 293 1367 1100 1681 777 1213 165 1716 192 1172 215 668 1372 450 662 15 1180 987 507 1500 738 119 1844 395 22 1593 1609 1176 1749 339 115 686 764 359 1513 410 849 1463 990 918 534 834 60 30 775 371 685 883 563 705 380 903 1360 1819 617 1216 1959 491 771 397 1703 1164 1004 767 737 1369 1032 1315 1106 172 341 1576 787 1502 1666 1044 285 443 478 645 1846 322 1589 672 1414 1081 58 1868 1003 1091 296 837 848 1579 295 1390 162 1912 529 282 154 1943 1888 1144 1631 111 1786 821 1764 108 1033 776 1495 1199 1603 1580 1011 346 309 253 1409 85 1773 720 130 240 663 683 596 334 535 1358 1019 1935 519 170 1778 625 704 23 873 1536 227 1351 1777 381 614 1754 1273 423 1143 1280 244 437 1678 1257 1455 709 361 1626 652 425 1195 1022 420 1420 152 1523 488 1886 1089 499 727 1630 933 375 1680 470 1881 1194 940 1365 1542 160 1050 185 752 164 1524 800 396 976 500 1567 1560 1371 1533 357 166 1131 238 384 429 983 1620 1541 1072 637 94 1894 1682 1071 1412 439 136 1314 1797 
minDistance: 4.93632
cost: 250052
capacity: 199183
time: 40263
maxTime: 60000
LS1: 37538/38869
LS2: 444/1331
LS3: 0/0
shakeIters: 856
shakeLoops: 81
