4.24913:1529 4.43253:2480 4.43835:2614 4.5387:3032 4.63777:3419 4.66256:3541 4.68134:3832 4.69455:4226 4.74221:4503 4.78039:5997 4.78594:6275 4.80494:6833 4.81617:7344 4.82166:7868 4.85066:8064 4.85719:9421 4.86276:13170 4.87149:15939 4.87338:16049 4.88539:17483 4.90474:17645 4.90867:17720 4.93543:17807 4.94549:25701 4.9468:27626 4.94725:27825 4.97891:28999 4.98874:30671 4.99582:35850 5.00795:35950 5.01641:49773 5.01734:50592 
842 340 1420 1544 381 983 325 60 1977 1142 1888 1902 1374 1359 1852 1463 771 507 653 344 1542 821 1004 395 358 1515 726 32 1455 987 1951 88 1743 596 1829 924 792 1580 85 379 170 1609 1579 1966 68 1019 1863 1130 445 1749 615 1946 1242 601 959 166 1623 990 848 1560 414 1264 72 1216 1738 420 1958 172 1630 244 1988 1412 1583 5 1127 991 264 165 52 210 785 954 671 432 1509 1258 1401 81 15 1490 1107 917 1273 334 1586 1590 159 1861 625 1144 1010 502 1283 933 944 1593 737 520 1056 604 16 236 1720 219 1194 1561 1584 1495 162 509 828 295 247 357 1105 333 1101 1943 807 511 397 1589 74 41 297 1442 931 905 1614 729 1799 310 1164 488 835 1230 1513 938 1172 375 1267 491 1072 1736 743 614 1193 1393 1358 903 1786 1090 1657 1244 834 1179 253 209 897 606 1521 1162 412 30 1739 1333 1475 1398 1219 1454 1485 765 845 1277 1817 910 1648 94 476 849 1913 1035 450 1666 380 1081 1044 282 712 1822 1682 392 1486 1461 1031 378 1828 1994 789 401 1315 801 1329 1366 168 421 1002 292 467 279 1659 1155 227 456 500 575 1645 1091 1160 1314 43 1954 1912 1292 1562 1565 89 878 1541 652 534 1842 630 1106 1478 1777 1996 1573 1003 602 1391 238 58 1935 1360 1865 474 904 1517 985 490 1581 
minDistance: 5.01734
cost: 251421
capacity: 199198
time: 50592
maxTime: 60000
LS1: 38550/39869
LS2: 432/1319
LS3: 0/0
shakeIters: 855
shakeLoops: 79
