4.56111:1746 4.7352:2713 4.74766:3241 4.76557:4016 4.78769:5404 4.7889:11015 4.79851:11431 4.80086:11553 4.81397:16495 4.82252:16564 4.86276:16694 4.86783:43094 4.86853:43243 4.86953:48983 
1130 340 1943 1739 1244 1946 1992 198 460 136 58 1542 445 729 639 381 917 219 1786 1416 1875 327 160 1478 807 334 1980 1371 1509 1180 575 491 1695 1105 1032 601 247 1736 1426 1576 1692 1917 425 897 1213 693 1894 48 1761 1201 1573 1399 1810 944 525 615 1455 238 1219 1951 310 1407 1225 509 1870 1084 1475 846 1977 1802 924 1662 1620 940 1437 467 808 1846 1155 1495 529 1264 1464 1227 755 503 823 1051 1414 412 1273 614 959 214 459 1658 1842 1097 1060 1089 476 1320 253 686 848 1033 74 1517 1912 1316 1953 1952 1629 114 119 1609 1086 23 380 414 1541 28 41 1659 1350 1412 447 689 552 234 776 1916 849 164 1131 1442 879 801 1237 1315 1783 1751 1271 933 1823 1719 157 1682 2 1865 792 500 837 172 1523 1649 210 777 244 1947 775 720 990 1073 358 1402 524 1387 1440 1439 1507 1533 983 1828 427 1815 1819 1121 1593 1799 1054 218 1339 1687 1630 653 284 1825 1172 1565 85 1855 1125 1422 292 395 1072 1614 1886 384 255 1368 16 1988 765 1617 420 1062 1580 1796 645 331 630 539 751 1463 1142 1639 1681 68 789 1110 1935 532 1584 1328 1652 511 458 821 1274 534 960 456 1304 1797 1933 892 1631 232 1003 44 987 243 1972 1749 557 333 1743 1160 60 1107 115 492 371 441 1390 367 673 237 737 341 1022 1985 1893 1357 
minDistance: 4.86953
cost: 247646
capacity: 199240
time: 48983
maxTime: 60000
LS1: 34864/36265
LS2: 631/1401
LS3: 0/0
shakeIters: 756
shakeLoops: 71
