4.17577:996 4.18609:1077 4.32525:1487 4.43253:1785 4.48152:2114 4.49333:2198 4.55187:2591 4.55227:3102 4.56049:4165 4.56111:5317 4.61429:5547 4.62307:5733 4.62681:5936 4.63541:5997 4.64404:6262 4.64594:6321 4.64758:6396 4.65655:6452 4.71649:6573 4.7352:6636 4.77121:7179 4.7782:7446 4.78039:7613 4.78769:7766 4.79717:8733 4.79995:8810 4.80494:9743 4.81716:9938 4.82166:10864 4.866:10950 4.86853:12559 4.86953:15872 4.87149:25932 4.87338:27734 
1609 1093 821 1105 1580 756 1951 630 1842 1701 1160 1817 458 1307 322 1194 475 641 1659 129 1840 164 1315 15 264 1177 785 114 1003 62 1630 1886 944 1391 1909 1116 1010 823 1521 178 1565 1786 1412 237 334 124 685 961 1446 1883 1110 177 375 801 596 1438 1142 1814 1106 755 1815 1590 293 1273 1111 1248 501 1561 491 839 1004 502 1073 1903 1089 1952 456 574 686 366 1988 982 921 234 720 1682 931 1888 1386 1108 445 1760 327 454 974 378 1179 483 775 1865 1544 1072 1828 380 70 259 1405 509 1190 1033 1223 1360 1541 1705 726 1593 800 1855 1314 1328 1910 1227 1034 507 1632 789 1442 1739 1579 1666 467 382 1454 383 22 137 310 111 1702 729 1533 1992 1324 1943 1870 705 401 1778 671 319 849 950 1652 1420 1019 519 481 737 1374 1242 244 672 1182 1523 1163 1164 834 279 418 1667 1583 1736 1946 432 1859 1125 94 500 1144 1633 990 60 488 1990 1439 1560 58 340 23 935 1495 1631 421 172 42 136 1219 1213 160 637 1365 614 529 1416 1455 1472 652 960 1846 597 1598 511 1720 848 1777 431 713 1473 1154 835 1868 74 72 1971 1268 792 1193 1486 476 1516 68 1819 1893 794 420 1912 1054 1041 395 777 154 1716 1172 450 429 414 325 845 1118 579 1513 645 924 253 1767 1243 46 550 210 284 1035 1509 601 1155 1576 16 524 1427 1024 1296 247 918 
minDistance: 4.87338
cost: 249390
capacity: 199222
time: 27734
maxTime: 60000
LS1: 34176/35531
LS2: 602/1355
LS3: 0/0
shakeIters: 719
shakeLoops: 68
