4.16386:1017 4.24731:1448 4.36557:1961 4.36916:2034 4.43835:2287 4.5267:3132 4.54279:3395 4.56757:3603 4.5913:3844 4.59549:4587 4.59775:4777 4.64594:4992 4.65981:5069 4.68653:5158 4.68822:5288 4.69403:5483 4.70133:5665 4.71282:5853 4.71675:6055 4.7352:7158 4.75422:7916 4.7782:8158 4.78594:8389 4.81716:9414 4.82691:9932 4.84679:10446 4.86276:11602 4.86953:12470 4.87149:15060 4.8917:20552 4.90474:39495 4.91479:55316 
944 1014 1143 1461 1216 68 1523 1071 1336 1116 218 623 673 1739 339 60 1952 1625 1910 15 1464 1403 340 534 1517 1620 437 181 883 500 367 1172 1954 1736 23 1550 525 1797 1107 375 22 1219 1292 412 1478 921 1894 1044 844 765 1110 596 1840 1324 1521 1659 1556 1609 170 1194 1817 137 1320 445 1119 1155 1106 1395 1801 458 1293 1226 499 1097 1090 849 456 821 1516 1855 1868 1702 1368 938 165 1828 450 464 41 476 1692 1972 756 414 1416 685 198 1662 1223 1593 1089 192 1315 130 850 1203 983 1211 1022 614 625 727 279 837 1412 1164 704 74 1042 668 1943 1227 635 1040 1902 1512 1631 296 234 831 293 247 1829 136 310 1257 1463 1125 792 529 248 1486 1144 1051 941 848 933 1455 285 427 1859 1643 1616 219 1264 1273 1821 859 51 1575 229 1407 378 1131 1997 16 737 1431 168 85 794 1033 502 1630 1541 1017 1633 1760 244 720 331 483 777 1598 1507 693 488 782 1886 111 1191 409 240 1081 80 1996 329 425 1509 1924 1719 1579 585 1700 1195 1985 865 1933 519 1444 172 990 753 119 325 482 429 729 1959 341 164 1086 1288 1035 1244 652 468 1420 985 319 1233 1446 1544 1614 960 636 1657 1333 1351 1865 467 637 1623 1875 1302 1977 135 1735 1019 1912 1390 918 530 462 380 33 264 1481 1437 789 1726 441 1274 1002 
minDistance: 4.91479
cost: 246902
capacity: 199287
time: 55316
maxTime: 60000
LS1: 37555/38891
LS2: 470/1336
LS3: 0/0
shakeIters: 834
shakeLoops: 75
