4.07859:754 4.14197:1232 4.16386:1388 4.24778:1664 4.25763:2012 4.42745:2475 4.47541:2758 4.52135:3293 4.52253:3486 4.5479:3592 4.56111:3782 4.59022:4013 4.59701:5213 4.64559:5631 4.64594:5690 4.64758:5774 4.68764:5843 4.70465:5970 4.71675:6032 4.73558:6254 4.78039:6602 4.78594:6680 4.7889:7070 4.79851:8140 4.80526:9137 4.81716:9527 4.82252:9602 4.83636:9681 4.86276:9905 4.866:41348 4.86853:51811 4.87149:58085 
606 1193 475 500 1143 1264 762 1420 1416 1946 244 57 1994 1221 519 1426 1513 807 982 1461 52 1412 1101 238 334 1437 1542 938 1573 705 1223 1182 671 309 924 284 1107 1699 1625 1614 953 1172 154 1682 1225 239 917 1507 1738 1865 849 626 367 165 110 1328 58 835 1219 1081 792 170 771 119 1816 397 1629 68 1022 1667 1652 1881 60 1660 1777 635 652 1580 270 1756 1517 420 1601 227 172 160 1062 737 421 279 1609 1620 1632 128 1110 23 80 1271 192 987 1044 1988 1935 1541 1815 1380 458 427 1084 1180 1329 944 1959 511 488 162 1862 286 1575 33 985 630 157 673 1479 1405 1390 1910 395 1799 801 1782 1106 295 1810 310 297 1304 460 1985 370 13 1320 1410 1293 1403 1658 410 1090 685 1160 1593 1796 1821 412 778 1108 371 1767 1199 1933 817 1213 1040 1544 115 1274 1200 1579 777 960 1116 907 1617 1028 1335 100 193 447 1912 1598 396 1021 429 1374 1035 300 986 503 502 1889 1943 218 264 534 1589 459 378 1164 1155 1073 316 847 1764 15 772 1059 1042 625 74 507 1786 464 604 389 1702 729 340 164 1631 1190 1033 1546 491 285 456 1315 1954 1521 1275 1819 834 114 983 1516 1144 1659 43 1886 1091 552 614 663 1863 576 969 1216 1393 886 1089 1902 1500 16 1142 935 1502 219 476 990 
minDistance: 4.87149
cost: 245758
capacity: 199179
time: 58085
maxTime: 60000
LS1: 37546/38807
LS2: 299/1261
LS3: 0/0
shakeIters: 930
shakeLoops: 88
