4.34596:1467 4.46482:1746 4.4987:1989 4.55227:2453 4.62307:3309 4.71675:3653 4.72181:3858 4.73146:4182 4.7352:4362 4.78594:4603 4.80494:4724 4.81716:6830 4.85066:6959 4.85492:7666 4.85864:7813 4.86276:8231 4.87149:25985 4.87338:30677 4.87912:38842 4.88197:40681 4.8917:40796 4.89249:47398 4.90474:52034 
401 1304 1788 1580 431 1475 1645 1495 322 1093 1116 450 1379 1190 1760 1067 458 1910 470 534 244 662 920 1172 381 445 74 1777 1586 1631 369 1372 1943 172 1229 1227 279 1815 1935 1500 1565 491 1541 1193 938 1560 1842 1542 1219 334 1107 1390 720 1828 374 1817 198 1659 984 849 375 1687 907 421 1821 1277 367 765 807 292 1314 1090 918 1063 1471 128 1088 1364 215 255 1374 985 1801 1464 478 737 500 539 1575 1502 1666 835 115 987 185 492 579 1002 1579 668 897 886 637 1164 309 878 1478 1356 1951 936 1786 645 111 1032 499 1031 378 474 1216 380 1416 514 782 85 1727 614 1453 1035 944 554 1682 81 284 1081 606 136 1720 503 1523 709 1472 789 1155 1988 1573 677 1264 1461 5 170 1044 58 1162 1004 563 1643 1263 693 82 817 88 1658 1105 623 1051 771 1796 1371 1954 456 1248 1360 1790 16 253 1412 828 671 1513 50 1071 1420 414 238 33 164 1142 1829 924 108 1630 60 310 1946 527 1507 1376 1994 68 227 289 1609 1545 1011 1703 1662 1127 1097 114 247 520 236 1683 1509 1250 954 1550 340 1213 639 1749 983 157 488 933 905 109 392 596 325 1359 652 1593 1120 1909 100 1131 851 165 1589 990 66 1307 941 1996 1414 397 749 219 1019 1398 467 1625 1516 300 685 
minDistance: 4.90474
cost: 246173
capacity: 199489
time: 52034
maxTime: 60000
LS1: 37732/39024
LS2: 371/1292
LS3: 0/0
shakeIters: 898
shakeLoops: 85
