4.14292:1025 4.16386:1222 4.27273:1808 4.5267:2444 4.54279:3626 4.5752:3843 4.62702:3935 4.64758:4223 4.65399:4887 4.66094:5042 4.71858:5268 4.73368:5380 4.7352:5453 4.75971:6216 4.78039:6272 4.78594:7714 4.7889:7770 4.80086:7916 4.80526:9690 4.81716:11157 4.84679:12030 4.85492:12546 4.85719:12785 4.86276:12995 4.86853:13470 4.86953:13575 4.87338:22575 4.87874:22681 4.87912:22735 4.89249:34374 4.89403:34431 4.89855:37589 4.90061:39089 4.91159:39934 4.9371:40607 4.94699:43967 4.94725:49371 4.9586:54963 4.96281:56965 4.97472:59030 
431 421 1659 1237 108 614 1194 1586 938 524 765 712 5 904 1786 838 1662 672 187 1091 74 341 52 1997 68 42 639 1516 1456 253 58 509 1463 1191 1090 727 1878 859 1387 358 310 432 1645 1865 584 1630 1954 1938 1819 499 236 66 1575 1162 1994 1625 215 1053 1609 488 720 776 81 1219 1004 219 478 645 164 918 1912 1579 309 1894 1180 1154 396 705 1342 737 1581 1182 800 1705 924 615 50 856 1044 445 60 474 534 1570 114 1858 987 119 669 585 1051 172 606 1817 1652 59 990 1959 1040 596 782 1017 1859 1420 1580 1478 497 1071 1390 412 1122 234 1195 1148 1735 1101 1924 704 535 1028 1328 1371 1703 842 1509 244 1097 1127 1736 380 1107 1633 23 334 983 1453 1943 41 1473 1461 378 652 637 1172 31 1130 30 1935 1106 626 1573 1412 1475 247 1486 279 1011 480 831 873 1513 1110 325 95 239 1002 292 82 944 947 1190 264 43 845 16 828 73 1042 1329 1756 130 1749 974 18 1868 395 1359 821 1374 259 568 154 168 849 985 282 1393 1996 789 540 1541 450 1391 1782 1616 1081 227 467 1542 1084 1155 285 492 1933 218 1560 1006 771 1666 1540 1200 89 1803 1144 1010 1700 779 1213 824 1946 1719 1631 671 844 933 1277 1315 1985 1211 1089 1855 392 1777 170 1164 834 456 1743 238 1035 
minDistance: 4.97472
cost: 246051
capacity: 199202
time: 59030
maxTime: 60000
LS1: 38803/40140
LS2: 427/1337
LS3: 0/0
shakeIters: 870
shakeLoops: 79
