4.24913:1454 4.24939:1583 4.29733:1722 4.39253:2211 4.40038:2297 4.42469:2461 4.52766:2869 4.66094:3456 4.70133:3822 4.71282:6402 4.76077:6653 4.78594:6905 4.79851:8425 4.79995:8514 4.82252:8784 4.82691:11023 4.82714:11754 4.85066:14591 4.85492:14756 4.86276:15103 4.866:21830 4.86783:23480 4.86853:24030 4.86953:24085 4.8733:26814 4.87338:26872 4.87874:27068 4.8808:27246 4.88539:27696 4.88709:30134 4.91079:30890 4.92414:31042 4.93543:37153 4.9586:45823 4.977:48222 5.00519:56459 5.02766:57947 
534 1744 771 1142 1248 340 821 396 983 1302 23 1590 1886 865 1054 380 1481 1116 1593 491 1523 1073 1786 1211 1575 130 1176 844 1022 751 1951 720 58 1463 227 52 1412 801 1536 1119 1097 1579 500 1620 511 282 577 1614 410 1565 1044 247 114 1072 492 976 1124 779 157 1700 1330 954 172 1455 1631 133 1719 289 1910 292 596 30 1333 111 615 1625 645 1924 443 1524 285 97 665 845 685 732 236 421 1264 1542 1017 930 1988 68 1420 1912 614 264 1416 437 1029 1031 1011 1222 194 198 953 1802 445 1985 412 778 1946 1933 704 1035 1090 1163 1391 1277 1580 371 987 1829 1657 1544 1453 835 1179 960 1586 1195 1935 164 238 1444 1828 420 1513 433 193 1630 938 85 1893 5 1739 397 1091 924 918 450 170 554 705 60 1799 1643 253 990 775 1162 16 1609 777 817 1943 1172 244 119 1213 520 729 1131 849 15 1194 764 286 378 828 74 1749 1461 284 1479 1560 668 606 782 429 1107 753 1819 234 792 737 395 1003 359 1144 1351 1464 219 1155 933 897 509 22 727 165 146 431 1517 1369 1177 1617 162 488 630 409 476 1004 310 283 1541 304 1478 1706 1756 1870 279 108 944 1500 325 712 1084 652 1702 1234 1094 1032 2 481 1127 932 1822 1314 1865 1573 1556 464 1379 985 94 
minDistance: 5.02766
cost: 245636
capacity: 199153
time: 57947
maxTime: 60000
LS1: 35647/36999
LS2: 484/1352
LS3: 0/0
shakeIters: 831
shakeLoops: 77
