4.38246:1280 4.42614:1543 4.62066:2044 4.65075:2263 4.66007:2331 4.80275:5302 4.80526:5381 4.81716:6234 4.82151:9664 4.82252:17439 4.84679:36001 4.85864:39470 4.86953:44361 
108 502 1127 1757 293 778 1160 825 1620 1187 215 1360 119 1116 391 1749 1354 792 1022 1307 665 673 990 85 286 720 1035 58 932 1816 534 1074 630 488 801 302 461 219 938 1744 1575 212 1659 1438 920 433 1656 81 243 468 817 1293 1156 1097 1643 950 324 1155 369 152 192 969 410 1810 429 1350 172 1507 23 1502 380 623 1455 1681 300 924 319 1500 1086 986 1985 1589 1631 944 173 1314 1014 1205 1356 637 1946 30 559 193 1556 635 309 1402 297 1486 500 299 961 1019 247 1090 933 539 1131 1541 1682 1703 1601 1666 1199 60 1781 1107 1716 1692 1105 1227 1365 1887 1056 358 771 1273 1875 279 1461 46 511 1416 1203 1817 282 1475 421 579 357 427 16 1625 1614 1164 1172 1316 128 1437 1023 99 110 1550 1213 1193 164 671 1339 776 1515 397 1933 1274 375 1881 509 1142 905 284 1959 392 1552 941 1954 137 1540 1642 1680 1521 878 22 1444 1275 1938 418 1580 1151 1143 425 1796 953 917 525 474 13 1409 1372 283 229 68 530 111 800 693 1590 333 244 420 209 652 1916 264 625 604 1087 142 983 74 1315 614 331 987 1223 170 1352 573 1819 1333 674 1616 1216 985 1943 1042 491 370 1304 368 845 160 848 606 1412 248 114 532 1728 1579 834 1912 346 645 1376 1130 310 849 1089 340 1144 1952 210 1219 522 1762 1501 
minDistance: 4.86953
cost: 249172
capacity: 199225
time: 44361
maxTime: 60000
LS1: 36528/37841
LS2: 496/1313
LS3: 0/0
shakeIters: 804
shakeLoops: 79
