4.24939:1324 4.31612:1632 4.43835:2068 4.4987:3414 4.53192:3992 4.56111:4444 4.62066:4596 4.64594:6217 4.7352:6894 4.75422:7179 4.75971:7411 4.76557:8033 4.78039:8245 4.78594:9804 4.7889:12106 4.80494:14801 4.81716:14864 4.81749:17734 4.81788:18050 4.82136:18236 4.82691:18418 4.83291:19438 4.83605:20306 4.85864:20452 4.86276:21162 4.87149:21266 4.94645:25914 4.94668:27856 4.96281:29039 4.98874:32853 5:35681 5.00795:36525 5.01585:37224 5.01641:38532 
1486 1481 778 215 1951 865 954 1091 928 1374 985 85 331 1044 395 1575 1990 1035 821 244 897 570 630 991 170 1475 1369 212 68 310 918 1273 1195 193 1886 1542 1846 1454 1107 1160 1267 370 1464 1172 1453 1401 198 534 848 924 1943 172 792 279 380 1046 421 1888 1680 1815 1590 1248 1089 737 614 668 1412 905 509 445 401 585 282 443 662 1699 938 1545 1822 1455 987 637 771 1003 168 686 30 1623 490 1536 397 645 835 1106 1479 1631 192 476 162 1910 982 371 253 1858 1351 1372 1579 488 467 1912 1935 1865 1360 849 1390 389 1625 1002 1142 520 334 437 247 652 727 1190 297 1586 1630 1296 1786 88 1032 238 1777 176 1101 775 1490 1164 1081 1315 52 1019 828 983 1416 58 1391 1210 1495 1541 1022 1785 1749 1828 43 574 42 1513 111 899 500 1569 1243 1310 60 1230 16 325 375 450 672 1414 539 173 933 378 1868 59 1193 464 720 1662 1903 276 1130 15 1155 525 1090 1796 499 1954 478 94 944 1144 1314 1524 777 1924 308 1194 412 1333 845 1863 1620 704 236 990 164 1359 1702 219 1988 309 227 456 844 685 427 776 1876 1072 108 503 1589 1580 264 1946 82 1509 1797 1501 1666 1216 1393 74 293 357 1593 606 976 429 1624 1179 729 1565 295 800 1743 491 
minDistance: 5.01641
cost: 245223
capacity: 199168
time: 38532
maxTime: 60000
LS1: 36379/37680
LS2: 368/1301
LS3: 0/0
shakeIters: 899
shakeLoops: 81
