4.30298:1236 4.38713:1873 4.42469:2150 4.43513:2267 4.45022:2629 4.52135:3184 4.58704:3304 4.59701:3404 4.59707:3721 4.63948:4298 4.75422:4773 4.78039:4919 4.78594:6099 4.7889:6165 4.80086:8209 4.80526:10532 4.81716:10641 4.82166:14728 4.85719:19080 4.85864:20923 4.86276:24743 4.87149:26152 4.87338:29161 4.88539:29853 4.88709:44566 
1227 1868 1893 276 1699 674 16 1960 938 1507 295 1902 1022 1495 244 1782 247 310 1788 1657 1416 1412 1739 924 817 1100 1219 831 1861 380 370 1035 371 1190 1316 456 1407 1034 1910 1922 1302 1054 1682 1865 597 325 1829 1304 431 685 1749 626 1590 1746 1116 1351 1579 395 1523 60 1042 165 1182 111 895 296 1273 881 499 1560 619 1629 441 1126 672 1071 108 953 625 1111 821 982 765 606 771 1556 1797 1090 944 1004 1019 1855 66 686 470 119 361 879 1409 1541 88 1630 1471 806 446 849 238 1631 1223 1437 637 30 1475 334 179 755 217 596 22 1032 1206 1003 509 1002 313 425 1479 74 1647 1073 917 1059 865 1719 777 68 1172 794 1500 1659 1516 933 1846 990 375 15 834 729 652 1570 1542 1666 921 1513 283 579 983 418 832 870 932 859 1996 614 41 1315 1464 1580 389 264 1089 173 227 136 835 128 1142 1333 1067 1744 504 627 1350 160 1933 1943 1512 464 792 500 1609 95 737 1946 1709 1164 1786 153 253 1586 1502 1785 1738 414 1649 1569 289 488 1985 1314 420 248 663 445 1886 1598 192 55 709 498 1509 284 172 778 1442 492 340 1177 502 2000 366 565 976 478 1084 367 1625 164 292 1155 1935 1359 491 450 2 117 1130 210 437 837 460 1398 985 1938 1912 1368 1959 58 782 300 
minDistance: 4.88709
cost: 245956
capacity: 199160
time: 44566
maxTime: 60000
LS1: 39200/40570
LS2: 450/1370
LS3: 0/0
shakeIters: 895
shakeLoops: 85
