4.16386:912 4.43996:1594 4.48322:1850 4.5031:2265 4.51904:2433 4.53192:2829 4.5775:3152 4.59022:3290 4.61639:4882 4.64594:6219 4.72127:6408 4.73215:6590 4.73599:6675 4.74766:7227 4.75239:7296 4.78594:7826 4.81397:8021 4.81716:8450 4.83291:14836 4.84679:15756 4.85864:19968 4.86276:20397 4.86853:20794 4.86953:23028 4.87149:25002 4.87912:25941 4.89249:27244 4.91096:27435 4.93632:27550 4.94645:27670 4.9586:41593 4.96281:43479 4.97196:45282 4.9721:50525 
529 1928 1782 491 286 983 801 292 1124 1620 865 1106 1909 193 924 1681 1420 808 279 1155 1524 1580 821 986 5 1593 309 1535 1817 172 984 771 1097 1060 1315 111 1719 450 1056 639 932 357 953 1946 1507 1943 1035 253 164 22 1475 848 1042 954 673 210 1855 420 247 146 1244 671 1842 1561 1666 1273 1573 1523 1777 1886 1442 1162 1985 1211 1089 1032 74 1589 1796 1756 514 1044 1172 637 1516 1865 704 1314 1951 1609 1416 179 396 835 1579 1509 1439 1264 1815 625 720 16 1213 1683 987 1749 685 152 409 456 676 493 1367 776 425 215 1455 500 1541 1473 160 184 1631 506 432 849 264 30 1513 737 845 1086 340 43 1617 789 443 1413 480 1542 937 1108 170 1116 1302 1160 985 1182 1703 1374 429 431 657 1024 1502 325 712 380 509 1084 1090 800 1105 601 1500 842 1464 606 412 837 275 935 614 1495 1216 1728 198 1565 1230 1744 1954 777 1063 1461 68 1011 1662 503 596 297 1142 88 974 1910 1194 476 1980 72 240 238 577 792 1412 203 1630 488 1486 705 58 296 119 1304 1033 1144 511 990 1351 1131 1003 938 94 421 284 1560 944 1371 1463 1786 534 310 445 361 1267 1868 162 672 652 793 1017 1552 1283 1195 917 492 1902 395 1614 185 1761 1682 630 334 1517 441 1004 
minDistance: 4.9721
cost: 252774
capacity: 199207
time: 50525
maxTime: 60000
LS1: 38418/39713
LS2: 391/1295
LS3: 0/0
shakeIters: 870
shakeLoops: 80
