4.42469:1693 4.42614:1796 4.55227:2605 4.59022:4812 4.59368:4966 4.62466:5185 4.67544:5514 4.68764:5729 4.73558:6115 4.78039:6857 4.79717:7015 4.80747:7110 4.85864:7783 4.86276:7840 4.86953:8026 4.87149:21639 4.88539:25009 4.88709:26365 4.89403:28531 4.89542:35695 4.91096:35810 4.92414:40010 4.94645:42432 4.94725:42705 4.95606:52094 4.9586:53975 
990 1631 870 695 130 450 396 209 1003 1977 1155 831 1616 212 665 559 1561 1051 1654 1180 247 1935 58 676 68 1606 729 1495 43 2 1799 1172 1796 254 1213 33 1817 801 310 1683 1439 1985 1063 1004 1420 932 1541 842 381 1315 297 1314 357 236 779 295 530 904 334 412 114 1550 1994 1788 284 800 1726 1153 1120 1609 601 429 1523 1463 636 193 848 1412 456 1951 1913 727 1195 383 1692 828 1288 1461 821 552 771 1367 1060 1515 1271 1475 1084 1507 1573 72 1814 227 1868 1216 878 1749 1687 1682 817 834 1116 615 933 16 1664 1786 1044 1320 1943 918 1777 1405 1374 984 74 1478 1659 488 668 1072 1117 1565 1797 792 60 1938 1540 1645 685 677 253 1560 1902 1219 1193 845 630 1579 511 1191 1416 1131 897 219 1162 1738 52 1990 1273 1226 1739 705 380 606 737 1160 421 1455 1630 849 476 1946 23 1097 432 244 983 420 1194 325 1359 520 865 1865 170 1886 1612 789 574 172 751 1360 1756 1517 1453 1292 1580 534 1179 500 938 1237 185 954 1954 1863 1035 985 514 431 614 445 777 1050 1144 1468 765 944 632 776 292 1521 46 1500 1516 1122 704 264 111 1662 652 1614 1351 924 164 1888 584 1996 1703 467 1502 794 85 1371 1822 1988 1107 119 1819 1089 1304 397 673 
minDistance: 4.9586
cost: 244150
capacity: 199223
time: 53975
maxTime: 60000
LS1: 37885/39196
LS2: 394/1311
LS3: 0/0
shakeIters: 891
shakeLoops: 85
