4.41765:1443 4.42263:1559 4.5361:2673 4.58823:2927 4.59172:3012 4.59488:3254 4.60017:3517 4.60497:3687 4.62172:4140 4.62404:5120 4.63856:5333 4.65577:5392 4.66011:6383 4.66308:7347 4.67191:8189 4.72545:8449 4.73959:9442 4.7477:9815 4.74814:10532 4.79123:11757 4.80265:11867 4.80916:14689 4.8189:14771 4.82201:15488 4.8239:16399 4.8265:17127 4.82678:21033 4.83561:34488 4.84299:35376 4.87071:36777 4.90765:42251 
1032 1675 68 1361 1371 944 582 285 292 1797 737 395 1510 412 1630 961 1580 16 1719 645 1933 613 1002 340 1305 792 1912 1903 1162 296 194 1466 1918 1814 1330 1936 1239 853 983 1051 1785 776 1774 574 879 1828 614 1397 1256 1596 1468 1316 66 1229 1403 272 1248 1172 1311 301 199 829 897 1688 23 709 471 1230 849 1437 1096 457 339 1855 977 577 1409 521 375 638 534 397 599 1117 366 1545 507 499 1985 54 192 1151 1585 932 108 817 508 1815 1624 128 693 1743 835 903 1620 1544 874 309 470 1825 1509 1105 1579 777 1350 1213 1296 1979 1274 1264 1277 171 934 509 1541 1405 1401 1508 165 596 429 243 460 778 1873 1360 86 1416 1994 325 585 652 137 1034 1552 821 110 379 1947 1078 1602 860 1017 1121 1738 1603 995 1283 383 1012 1335 1980 1486 1507 1983 1834 423 1022 73 742 1187 1839 1318 80 1197 322 1816 1799 754 1559 573 1492 973 202 1205 1614 1309 1399 842 1521 689 643 180 1476 490 1019 907 179 1804 1192 1536 1359 1694 1841 119 1888 219 1617 751 459 29 1761 895 935 964 1689 1410 623 136 15 498 1656 170 1250 19 1221 665 886 247 1432 1819 168 726 425 1153 20 1528 1069 1164 1626 370 211 1702 117 1456 1373 900 1899 844 621 33 122 31 627 1304 414 497 266 1482 1463 1822 11 1053 
minDistance: 4.90765
cost: 247307
capacity: 199249
time: 42251
maxTime: 60000
LS1: 36922/38198
LS2: 395/1276
LS3: 0/0
shakeIters: 850
shakeLoops: 79
