4.11785:1055 4.26747:1535 4.30126:1784 4.3984:2052 4.45937:2218 4.46801:2611 4.47509:2700 4.47753:3093 4.48871:3700 4.55429:4226 4.61431:6754 4.61888:6830 4.62172:7016 4.63756:8086 4.65846:8679 4.66011:8850 4.70489:9082 4.71239:9270 4.71544:9453 4.72545:9735 4.73144:9834 4.73203:10689 4.76165:12987 4.80899:20110 4.81032:20897 4.82865:46037 4.8317:50595 4.84504:50657 4.86141:53629 4.87028:54319 
665 304 320 1739 1180 1566 1535 1785 1761 455 1069 984 1509 1229 961 87 751 414 614 1059 637 985 1596 1420 1972 1738 1376 739 1357 1552 756 1787 1409 369 1450 1544 1399 1485 136 1053 1172 168 73 1702 1157 1515 1764 1078 1614 835 194 1306 1416 490 534 1264 1675 1923 1410 506 1205 1379 243 28 1797 1626 1317 211 1206 470 849 185 755 737 509 989 626 1582 1022 800 903 749 754 1363 1743 1983 573 1002 80 1256 672 596 789 1894 1408 1965 748 1501 1466 1383 85 1482 1263 1666 108 456 1982 1620 723 1372 643 1559 970 964 709 1437 1121 1192 340 1073 842 1598 693 883 844 1630 1371 807 198 1975 1461 1283 653 1656 834 137 154 1783 1239 1914 1776 1198 1561 500 285 1541 40 1862 1093 1015 1815 1182 1401 1804 847 860 421 1575 117 358 638 207 684 1051 1507 1354 1359 493 630 1857 702 1936 247 1032 1029 1753 1117 920 779 1623 993 792 1604 111 1160 476 492 1683 1052 1153 1012 1028 582 776 689 1391 1672 977 325 831 1277 1105 1040 1092 1361 1631 412 1143 973 1107 119 164 521 1463 1366 1063 1536 66 1819 652 1273 11 1164 1454 571 663 1034 1456 115 1786 275 502 1955 944 1513 1316 13 1335 16 745 552 694 1250 1888 1486 1154 1328 865 1330 355 410 1617 309 19 553 1315 1296 1769 292 1789 54 446 397 
minDistance: 4.87028
cost: 241786
capacity: 199329
time: 54319
maxTime: 60000
LS1: 37246/38510
LS2: 369/1264
LS3: 0/0
shakeIters: 865
shakeLoops: 82
