4.37313:1440 4.3955:1614 4.47903:1959 4.48871:2148 4.50088:2207 4.65846:5051 4.66308:5292 4.67191:6311 4.70926:6632 4.76398:6819 4.7759:6900 4.80265:7650 4.82201:12172 4.82865:13069 4.84848:13194 4.85284:13943 4.86141:41321 4.87028:41928 4.87894:43325 4.88433:48681 4.9456:50247 4.94797:55173 
1450 1856 1330 154 949 1297 295 880 1396 807 31 1379 519 349 1360 944 1381 1376 456 665 1229 457 1309 1142 1717 179 613 1684 1117 502 934 583 1842 1283 1369 1598 1800 2 1785 977 1328 964 1296 1620 322 283 596 1002 737 1230 414 1536 199 1476 577 340 185 1254 792 973 508 1359 429 904 859 1626 795 1861 817 1675 1917 573 1032 626 1063 1205 982 875 1825 1357 1894 1380 1143 1738 87 614 984 1544 117 410 582 1994 1602 844 1383 1683 209 1458 773 1874 932 379 1834 20 772 585 211 194 1513 325 198 1881 1596 733 146 1400 870 1541 1448 498 1342 641 309 1983 66 1682 1427 1401 23 1121 1432 643 754 490 853 1712 58 991 1816 100 1747 1051 1659 1258 1403 1819 234 689 776 1761 301 1797 29 1540 1262 777 739 1630 52 503 1839 647 529 897 455 500 1582 652 886 1028 354 1631 1181 1928 1535 1250 16 995 1420 695 543 1356 1417 229 1662 1248 506 1239 517 1789 358 1804 202 28 459 1743 1815 292 1762 755 1409 1612 936 1361 1980 514 320 1012 849 1053 1227 1614 1164 1446 499 1157 1501 1315 176 433 371 1947 712 865 339 50 729 1407 778 369 1583 247 1482 108 879 397 1022 903 1866 835 1437 1595 114 1672 366 1507 1264 11 204 164 1955 469 1293 335 1256 842 1466 493 1015 1700 1119 860 
minDistance: 4.94797
cost: 247646
capacity: 199267
time: 55173
maxTime: 60000
LS1: 36438/37752
LS2: 454/1314
LS3: 0/0
shakeIters: 838
shakeLoops: 81
