4.30914:1376 4.40973:1908 4.45937:2252 4.5387:2556 4.59172:2911 4.63856:3400 4.67191:3651 4.71239:3864 4.71351:4333 4.77895:4781 4.79979:5196 4.81032:6260 4.82201:6365 4.83639:7492 4.84504:9051 4.84848:9127 4.85264:9943 4.85284:10595 4.86282:12249 4.87894:12331 4.88433:15680 4.88995:16354 4.91662:16406 4.9257:27467 4.9456:32690 4.94764:42137 4.94797:42846 
1398 1277 445 1427 1894 693 1631 1528 1739 1230 369 739 309 903 1620 1544 325 1712 1923 204 1426 1283 1239 455 13 211 1051 1028 1719 366 136 574 1541 1057 1420 1157 322 2 1417 1143 364 924 154 412 712 1482 1804 961 527 993 202 1399 1602 1296 66 1186 1084 685 1410 1304 1237 1450 742 340 1315 1468 853 1409 285 596 1182 1542 776 792 1552 1589 1672 1947 983 904 821 835 122 379 932 262 652 1073 1764 849 1069 1412 949 1423 119 80 1369 52 1816 917 342 1710 499 1507 1032 1309 1383 402 1401 795 1438 397 860 152 1163 395 1674 1943 1908 1017 179 1995 1164 1994 1976 1682 1888 1256 627 1486 630 1566 782 139 16 71 582 97 844 1614 508 1728 1407 433 194 94 936 800 1090 301 1365 745 449 1533 165 365 643 665 1040 470 1019 68 1059 1330 1359 35 1293 1063 176 1789 571 490 1413 1685 748 164 109 1466 1861 1855 907 1612 1187 621 1153 1983 870 1190 1659 1536 1154 1579 1117 1917 831 1105 1121 1694 1229 1738 1866 58 773 944 1335 1596 474 414 1828 973 1797 1716 1834 410 1376 502 512 529 335 672 842 111 391 834 1680 647 1575 60 1490 1053 1248 1192 1012 1258 1255 304 1783 300 234 1630 1400 807 929 50 1264 247 1743 1515 11 507 1617 695 108 653 920 666 439 1626 1508 493 
minDistance: 4.94797
cost: 247937
capacity: 199236
time: 42846
maxTime: 60000
LS1: 37207/38493
LS2: 367/1286
LS3: 0/0
shakeIters: 892
shakeLoops: 83
