4.25228:1338 4.30012:1515 4.40719:1814 4.44862:2817 4.44864:2985 4.46801:3297 4.48871:5660 4.5142:6910 4.55917:7314 4.56807:7957 4.59172:8749 4.63654:11092 4.65203:11423 4.65984:11521 4.67191:11642 4.74905:12751 4.75774:13510 4.76165:16214 4.7759:16301 4.77895:23389 4.78628:23503 4.80577:27312 4.82865:30009 4.84001:30103 4.84504:30167 4.85284:32198 4.8593:43579 4.86141:44324 4.86282:48190 4.86607:54398 
657 88 749 609 1453 502 16 1359 1002 499 653 1309 1486 1936 1240 320 1672 1069 1357 1296 1053 435 1182 1051 1545 1164 1785 629 388 1617 1423 574 1631 652 1400 1450 1947 1143 244 616 366 936 807 613 284 110 414 844 28 898 1888 577 1239 254 685 470 13 1515 358 193 727 80 1227 1221 334 433 1804 1994 1112 712 1032 1565 1056 348 54 119 1507 795 1217 1815 638 111 52 1868 1738 1417 1448 325 170 849 1872 128 1566 304 755 86 1834 266 1153 962 1596 1399 1797 445 161 1403 1432 202 1614 514 1923 58 1302 369 421 1284 1459 835 199 247 1983 1318 1383 1398 944 1816 1335 456 1142 1408 903 1580 397 1598 406 529 534 817 1323 1205 136 677 493 1707 68 965 896 1106 585 1019 497 1361 904 535 109 1912 340 1850 204 1369 842 1157 1407 1059 636 1410 1130 1216 490 455 831 1247 1620 695 1528 1073 1008 457 17 1011 401 739 1121 1360 665 1230 1317 1006 1117 211 1213 140 689 596 1283 1630 870 1875 1172 647 66 988 322 1716 776 1719 829 860 252 476 1764 459 1501 154 1012 778 993 1702 1380 349 1933 1330 262 660 1661 1544 1127 412 643 1839 1144 973 1680 1250 782 1266 309 335 1438 785 1607 573 498 1354 508 614 1229 275 1404 1466 964 194 934 1437 1468 1626 853 1420 31 94 1277 1416 1090 1666 901 1894 1315 985 
minDistance: 4.86607
cost: 251437
capacity: 199153
time: 54398
maxTime: 60000
LS1: 33947/35215
LS2: 468/1268
LS3: 0/0
shakeIters: 770
shakeLoops: 72
