4.15638:1060 4.22872:1252 4.38806:1609 4.42619:1791 4.45658:1965 4.55097:2534 4.62172:3068 4.63247:5561 4.63654:14868 4.63756:15142 4.63882:18897 4.65846:21315 4.67191:25728 4.69383:25915 4.70445:27535 4.71544:31680 4.72861:32170 4.73144:32653 4.79811:34253 4.80577:35007 4.81032:44685 4.82307:54069 4.82865:57293 
82 474 800 1192 615 1063 673 203 1703 983 1078 55 1454 1365 1493 601 334 1315 1815 1501 498 534 1087 1153 1359 117 503 1672 1781 506 1995 1671 865 1143 1342 1214 99 1603 1915 1008 621 651 164 97 122 309 1903 1426 835 1912 1172 884 1272 286 801 646 1783 111 1283 995 459 395 508 1278 1839 1073 1761 652 185 265 1399 944 211 29 858 694 414 1015 920 1317 20 1994 1400 470 1719 875 1223 909 1419 1255 1275 56 950 1876 793 1374 1408 862 1310 1557 1712 1666 715 406 851 1351 1453 1936 1182 1596 1738 685 1403 1860 1379 1541 1784 461 1053 1513 30 1358 176 75 491 1894 1142 202 1562 903 1357 1175 247 1623 1817 1229 1866 285 749 964 1059 695 606 1816 853 371 1216 72 1354 1386 1256 35 665 1691 335 1707 1293 1631 985 693 1205 1777 1630 17 31 402 397 499 119 392 1785 1814 297 1420 614 502 1032 514 343 1872 1330 28 782 1875 460 1450 1404 1861 1436 1834 1369 1297 984 410 658 1540 831 668 292 1043 690 1456 455 817 1466 642 1105 139 742 1476 1069 1264 1054 194 349 988 46 720 1080 1203 568 232 643 339 227 1296 73 844 80 1786 228 483 1624 1162 1614 1405 136 1825 973 1717 369 490 707 1544 1626 366 1828 1230 1648 1463 573 1181 1680 1309 179 1213 535 1416 1062 596 1352 1983 1277 1573 776 1682 1164 1432 577 1852 1743 1012 193 1835 1391 1979 1071 
minDistance: 4.82865
cost: 243921
capacity: 199316
time: 57293
maxTime: 60000
LS1: 34371/35617
LS2: 473/1246
LS3: 0/0
shakeIters: 750
shakeLoops: 72
