4.26502:1198 4.40719:1493 4.4292:1655 4.59172:2366 4.60017:2556 4.62172:6039 4.63247:7438 4.63654:7628 4.66308:8087 4.66666:8786 4.66678:19176 4.68426:19306 4.69836:19427 4.74905:24087 4.77475:24148 4.77895:24381 4.80265:30177 4.82249:31307 4.82538:33442 4.8265:34090 4.83639:44014 4.85284:44068 4.86141:47366 
157 1680 1230 115 1084 87 204 1400 1264 402 285 963 835 1876 1602 1774 1542 122 1361 275 1205 573 1764 358 831 331 1432 695 1626 1846 1566 1681 1614 1555 1640 1239 1783 1315 1398 1012 1336 630 1875 1051 414 35 1631 66 792 1509 185 211 500 265 1369 1182 283 1700 460 1612 470 46 931 1461 334 1416 1983 729 660 453 1702 1508 1868 884 369 819 158 244 129 40 1994 169 499 1468 180 109 613 1630 1033 1620 1541 23 1114 1888 1040 161 637 782 872 1164 900 1297 498 1069 1814 1153 806 904 817 340 1886 391 410 1121 985 1990 1943 490 1849 192 301 739 849 681 1476 1595 886 1017 982 178 1048 534 1240 1309 412 1250 1229 1446 1959 286 1442 865 117 1923 1466 1409 1856 672 1517 1284 1143 88 1669 1596 194 2 1401 1947 1358 1237 1317 514 1192 41 1743 1617 529 1816 152 1672 140 535 175 1247 322 255 29 627 773 875 932 446 1682 1053 1172 842 1738 497 1296 755 860 1634 379 139 1354 1437 1955 1544 1106 435 456 1675 47 1187 1328 1410 1633 309 973 749 596 68 1262 20 1815 1359 1117 1248 316 1407 58 359 1342 1277 16 1256 1320 1490 176 433 1515 1423 366 80 165 653 1710 776 1912 1507 1255 1032 800 1839 1980 54 503 1420 1340 1057 1565 647 1063 397 55 853 1858 28 110 1225 209 13 325 1093 989 903 
minDistance: 4.86141
cost: 248839
capacity: 199177
time: 47366
maxTime: 60000
LS1: 35965/37238
LS2: 424/1273
LS3: 0/0
shakeIters: 826
shakeLoops: 78
