4.22872:1205 4.42263:1619 4.46801:1901 4.55427:2726 4.56005:3653 4.57173:4165 4.59488:4412 4.59752:27545 4.62172:28773 4.63654:29533 4.66308:30199 4.73203:30575 4.76165:30717 4.76261:31467 4.81032:32223 4.82641:32410 4.8317:33756 4.87128:34673 4.89723:35527 4.94797:49137 
165 800 89 374 1121 690 1753 1051 615 1490 1205 1237 1785 371 1683 1743 683 94 56 1915 161 28 1160 613 1997 1175 1225 455 335 1561 1675 439 1053 491 652 128 68 917 1875 1450 1666 1164 1585 1059 749 1620 1544 211 1153 436 1596 672 1293 370 1092 153 140 262 1410 693 1124 835 1399 199 406 498 1283 445 1420 1466 1417 1446 1432 1084 395 1488 962 1602 1448 87 1351 920 459 903 1739 234 1736 1527 647 792 1552 1409 1787 1015 285 682 1356 525 194 119 1012 412 1229 171 252 391 340 279 534 795 582 1975 1983 1542 1179 1586 1802 136 1401 325 1335 414 1296 1143 13 1416 842 626 23 1515 606 993 1217 1315 179 684 20 58 109 433 1106 821 1253 1575 902 568 1105 1277 742 1789 30 1404 1022 1098 1536 653 844 1383 378 907 973 1710 481 1559 397 304 1577 1069 265 476 1391 1186 122 1366 1797 1330 497 961 1630 585 938 470 1626 202 1839 1273 66 779 1702 1028 219 111 1486 207 1824 54 1804 932 509 1994 358 574 1738 1251 152 1427 1248 457 1359 1507 508 543 309 1182 1230 1442 1894 1250 154 1032 1073 1239 685 1672 755 1594 1834 1682 1631 16 1052 1872 1825 247 504 1379 1063 1094 369 1344 110 1680 17 229 117 480 965 837 944 665 529 1361 1257 303 849 1117 782 267 1398 9 596 1521 853 1681 1437 
minDistance: 4.94797
cost: 252386
capacity: 199254
time: 49137
maxTime: 60000
LS1: 34622/35867
LS2: 474/1245
LS3: 0/0
shakeIters: 751
shakeLoops: 71
