3.95473:696 3.96826:850 4.20699:1312 4.40719:2301 4.43309:2463 4.46251:2901 4.48871:3477 4.52677:3736 4.58823:4415 4.60017:5249 4.61345:5374 4.61714:6178 4.63756:6256 4.63856:7091 4.64541:7336 4.64606:7407 4.68426:7537 4.71544:9599 4.72545:9693 4.74856:9807 4.75077:9894 4.76356:10083 4.7759:12790 4.80899:13699 4.8265:13912 4.85284:14735 4.87028:21769 4.87768:28159 4.88433:30060 4.88473:41876 4.89723:44334 4.90765:57833 
1561 115 1442 1954 13 1834 1552 1328 84 877 573 626 1219 209 1839 1250 446 1846 574 1432 1029 1872 1315 685 412 853 1369 1743 1409 1761 1995 1894 211 1814 1815 582 831 1227 1379 543 340 1630 748 480 1685 944 1206 1681 379 1955 1509 776 1486 628 1738 1073 1153 842 985 1959 1416 1121 493 1672 1063 1015 1448 902 1682 849 397 229 993 1157 136 991 1365 1521 874 792 1283 1712 1917 973 1404 470 1361 1309 1705 1982 1866 709 1306 410 262 984 111 500 325 552 1239 779 962 1117 1446 1248 903 1675 663 1012 1466 1059 920 596 1612 1482 1048 1804 883 414 1273 401 1143 860 366 879 164 1230 739 835 1653 20 672 1229 1391 568 369 80 1335 924 1507 279 1596 1040 1258 682 309 1423 875 1164 433 606 1383 1797 139 1626 455 1394 1097 1542 1994 202 1914 1205 977 851 652 647 1106 1450 665 1401 1351 1983 1069 1707 1330 1407 491 154 165 693 1374 1783 161 28 1057 961 1084 529 1691 1359 1979 630 1410 886 936 1032 421 1277 800 1602 1476 767 636 1975 247 1544 1264 689 1454 1092 1172 1093 456 1620 371 504 108 821 1631 1739 81 1053 817 1861 1541 1051 1978 1427 695 847 617 1803 988 571 932 995 66 653 1296 1022 140 518 643 632 1490 87 1828 460 122 227 304 119 1420 684 490 577 1852 1398 1317 58 
minDistance: 4.90765
cost: 251709
capacity: 199175
time: 57833
maxTime: 60000
LS1: 36916/38157
LS2: 339/1241
LS3: 0/0
shakeIters: 870
shakeLoops: 81
