4.31083:1413 4.33284:1648 4.34482:2026 4.3745:2233 4.3955:2361 4.42171:2848 4.44862:3008 4.50347:3218 4.50821:5564 4.5225:6042 4.53061:7123 4.55427:7587 4.59488:9349 4.63654:9431 4.6374:10498 4.63856:10631 4.66192:11090 4.66308:11359 4.71585:13731 4.72207:13789 4.72545:13847 4.73959:14703 4.81032:14965 4.81037:15701 4.81693:15893 4.82201:15957 4.8239:16519 4.85284:22681 4.86141:25196 
529 309 1738 490 1438 909 1566 170 792 1306 412 1510 1575 954 1089 1247 1789 13 749 1264 1059 1283 198 685 742 1995 111 1644 194 1069 1528 1804 1737 1985 1612 1409 175 1490 1761 959 1330 1476 1507 1872 1251 904 358 643 931 779 1983 1017 402 247 1172 52 179 1408 1314 1888 258 596 1683 1825 844 1617 842 97 169 1508 1602 1416 1917 527 1631 1309 94 82 1365 1277 1620 140 199 1595 119 1573 1328 1057 480 379 1442 1105 1164 647 359 81 817 322 262 1873 755 29 58 993 20 1153 573 1844 1262 1834 1954 92 211 202 1051 16 152 1979 1614 1996 1829 108 1903 65 1788 776 906 433 936 973 1336 870 395 180 1366 354 983 1912 1359 1432 1852 1205 203 707 1676 1369 1157 243 1975 1875 645 414 1839 1239 1585 1316 1739 86 193 117 1407 1876 626 1842 455 1495 1681 445 831 865 995 1040 508 670 349 1616 1216 1719 1410 1552 1297 1555 297 54 800 1861 903 1596 1797 80 204 506 184 383 571 1266 1399 500 340 1012 1802 1032 334 1273 68 1315 949 366 756 124 652 1358 1466 223 627 1743 1227 514 521 1073 1015 136 1726 1692 1229 739 849 1689 1226 1143 1448 1053 325 801 66 638 1190 391 115 1498 1404 860 1565 1296 410 1400 1361 502 207 1641 1350 1990 616 1121 88 879 1626 1814 1230 1453 889 1685 164 1354 665 1756 
minDistance: 4.86141
cost: 249742
capacity: 199186
time: 25196
maxTime: 60000
LS1: 36496/37739
LS2: 390/1243
LS3: 0/0
shakeIters: 824
shakeLoops: 77
