3.83126:627 4.40719:1682 4.48421:1919 4.534:2142 4.55427:4776 4.59172:4848 4.60017:4992 4.62172:5824 4.63756:6034 4.66678:6424 4.68426:6871 4.70497:8883 4.72207:9015 4.73144:11692 4.73203:12994 4.73839:13254 4.81021:14840 4.8189:15683 4.8259:15859 4.84504:16035 4.87723:24081 4.87894:24167 4.88787:28468 4.9018:30409 4.91675:31014 4.9456:31619 
782 140 497 1482 1682 961 1401 87 1100 1174 1552 1785 929 1255 1749 119 1456 1626 1093 630 573 983 571 395 658 1672 1829 831 1357 935 621 1915 1256 1143 397 1631 340 995 554 1098 1702 1383 1114 1297 58 1544 1071 1486 1596 152 671 66 1671 1399 596 300 534 1815 193 88 111 1117 1182 652 749 1774 28 1858 1162 60 1710 853 1602 1003 179 647 817 776 445 1432 1446 1846 1705 1844 1296 1409 1947 1542 665 1239 842 1894 194 869 1225 1797 1250 684 1594 1053 439 559 1656 739 792 80 1164 1059 414 1871 1179 603 742 1466 20 108 1283 1416 1040 1507 68 1247 1412 1205 214 1094 773 52 1012 154 844 693 709 490 480 1105 410 165 904 1541 1901 591 1423 1153 1437 1090 412 748 463 685 1585 1436 262 1369 1783 1575 1689 74 1616 1866 325 247 527 1309 1814 498 1011 1277 1903 1468 1410 1400 903 1493 645 470 1933 455 1983 335 846 35 1561 1796 1229 1598 1872 429 1273 1606 1614 1157 1427 1304 122 993 667 13 1264 16 1417 643 1330 508 207 1501 1620 86 1745 1453 778 1230 849 1738 606 33 1852 65 1513 383 920 1450 1121 1972 136 1828 204 192 146 1130 1490 433 1359 465 1743 651 689 795 1187 1315 309 1681 978 1966 1069 1073 1666 1839 252 1381 973 1124 2 1716 1350 402 1155 1994 374 1361 1333 
minDistance: 4.9456
cost: 248414
capacity: 199266
time: 31619
maxTime: 60000
LS1: 36569/37834
LS2: 376/1265
LS3: 0/0
shakeIters: 863
shakeLoops: 81
