4.47735:1472 4.47904:1701 4.48871:2388 4.60293:2778 4.60497:2940 4.62172:3022 4.65678:4128 4.66308:4264 4.66678:4580 4.71351:5127 4.73144:5368 4.75438:5490 4.76165:5943 4.7759:9504 4.77895:9989 4.79469:11301 4.82201:11496 4.83327:13349 4.85048:15943 4.85284:16253 4.86016:19616 4.86141:19732 4.87894:23575 4.90765:32314 4.91675:43270 4.94595:50607 4.94925:57564 4.97207:59614 
119 1829 1330 1442 369 20 647 931 54 1164 1797 247 842 1248 1398 1486 301 935 1090 582 984 1117 164 412 1468 1492 322 990 457 886 1448 476 1749 1501 853 869 1197 1947 1825 1858 1121 211 1106 583 1153 637 28 1034 1550 1681 502 773 1328 638 1980 529 835 1309 1834 1552 1182 1277 1703 1250 161 817 1727 1315 977 108 1517 1461 383 204 508 1955 1403 1230 140 1479 128 1432 499 860 596 553 433 1264 749 1675 1894 1929 490 1819 831 844 1585 849 1401 1420 1493 152 1856 709 1143 1053 340 1841 573 1383 1381 391 1360 1229 1304 755 1923 33 1620 123 1454 652 1785 1623 1745 1596 265 576 1256 11 194 1659 379 737 455 1954 1575 1283 585 982 1466 1910 778 339 199 358 897 397 1450 87 1356 1943 170 1802 68 739 1012 349 456 139 1997 1037 1702 1399 1556 1463 1966 1379 117 1151 445 770 645 961 325 58 1545 1181 1354 175 534 776 1638 80 198 29 1175 1239 146 1743 185 168 1361 1027 470 1485 643 1672 689 136 518 1815 1205 829 414 934 1528 613 1453 1544 902 782 1536 1630 1789 266 1510 429 1032 1761 389 285 665 165 154 1888 1299 1409 500 973 1022 1604 13 1144 1994 1541 1816 114 1342 1423 1400 1817 1105 1839 1410 50 1359 1738 459 1307 1005 807 1509 695 1335 792 1936 1369 663 66 
minDistance: 4.97207
cost: 239144
capacity: 199323
time: 59614
maxTime: 60000
LS1: 38137/39407
LS2: 381/1270
LS3: 0/0
shakeIters: 861
shakeLoops: 80
