4.00809:728 4.22872:1419 4.24145:1507 4.26626:1602 4.36835:1898 4.43309:2133 4.45937:2368 4.46599:3343 4.46801:3501 4.47904:3656 4.50088:3801 4.53061:3925 4.62404:4540 4.62638:4807 4.63654:4871 4.63756:5015 4.68293:5160 4.68426:5997 4.71544:6954 4.72622:7298 4.73144:8297 4.73203:8427 4.74905:12664 4.76165:13963 4.76187:14078 4.76261:15038 4.7645:17922 4.77239:21494 4.7759:21582 4.7848:22409 4.80265:26569 4.82201:31737 4.8265:32060 4.84181:32314 4.84504:39836 4.85284:40616 
185 782 212 117 1403 1979 660 690 801 1626 652 932 1785 1051 1350 470 119 124 1369 80 325 1463 1479 627 146 184 1357 1666 1540 977 693 1335 1293 767 1361 584 414 194 1400 1015 842 285 870 1073 1048 1247 559 480 778 1797 1442 1852 1356 1761 334 504 1573 1093 291 165 596 525 1598 1544 1727 1351 573 1954 1846 1192 1027 358 1164 1214 1815 904 1486 1304 726 1865 1157 1507 207 1273 1468 1630 643 20 292 1834 1360 1716 58 880 232 817 1391 1994 193 1789 1456 884 1556 647 13 1907 192 1680 1306 1947 456 1258 754 1416 1181 792 211 503 900 869 529 1631 339 1034 457 1317 275 1040 1552 651 1050 849 1206 1028 860 1382 1476 1230 1450 1839 316 202 1844 152 1117 961 616 309 412 1774 87 465 68 423 1932 1561 1924 1575 1675 1669 1144 1315 1283 398 562 1672 1069 1182 304 181 853 1053 1764 896 1612 1277 983 931 122 1012 1501 410 749 689 252 136 1707 1423 1401 1256 89 831 1410 1143 199 247 1509 1309 1862 1888 1296 209 66 1239 865 1872 837 1804 1432 1437 1702 521 1059 638 1743 508 1330 433 129 1866 1661 1324 1255 1250 1614 1466 1936 739 112 1022 755 180 507 1624 1017 1328 1123 902 164 1617 340 875 1959 435 1229 707 834 1032 300 1318 1409 251 1420 1620 1264 835 1121 1153 1565 1825 709 1972 17 1596 1874 
minDistance: 4.85284
cost: 237156
capacity: 199192
time: 40616
maxTime: 60000
LS1: 37354/38632
LS2: 411/1278
LS3: 0/0
shakeIters: 831
shakeLoops: 79
