4.22872:1325 4.24559:1472 4.27832:1619 4.40719:1974 4.48871:2339 4.5361:2569 4.55429:2629 4.62172:3016 4.65203:3418 4.66011:3592 4.66308:3667 4.70679:3731 4.71544:3974 4.72207:4114 4.73203:8463 4.7759:12525 4.8265:17132 4.85284:18599 4.85633:25369 4.86282:27790 4.86607:29765 4.87723:32888 4.87894:40168 4.90765:43364 4.91605:51328 4.91675:53747 
2 1743 842 944 429 1871 990 1256 52 316 603 1250 985 411 1675 613 29 1230 435 626 490 1662 1597 547 1264 1164 214 1239 1381 782 574 1583 410 122 1630 1309 1815 1681 800 973 1614 1933 1682 1182 23 1476 1032 1797 1874 1221 1463 1802 606 1053 1575 35 1683 614 1656 754 1283 508 657 1333 179 1157 749 1432 165 1699 961 1493 16 643 493 1515 223 993 1162 227 1513 406 1015 1063 397 1073 181 1509 20 366 9 1229 450 685 683 860 1273 534 964 660 1702 977 1486 1028 194 934 115 358 693 1379 395 831 1672 1401 1717 1305 1456 1908 1323 984 247 1866 1955 1365 180 1012 689 423 1774 1205 292 755 1293 1448 1466 389 1248 739 1197 1912 1335 1172 1728 1626 459 875 414 906 1413 1416 204 211 1420 480 1119 1620 262 1369 1559 568 652 497 779 653 1994 988 983 1975 94 1983 1894 33 1835 340 1544 1800 58 335 1117 672 585 1865 8 726 1206 1657 152 28 192 1361 1761 1836 835 66 202 1804 817 433 978 1796 552 616 573 1979 498 136 1330 425 1357 1227 80 695 807 529 1050 849 647 884 88 371 119 1407 886 883 1351 925 354 1057 712 1990 13 960 507 1427 742 530 1529 1400 379 272 139 667 596 844 123 108 322 1399 853 776 1688 1601 1022 1255 1067 117 1528 1121 1799 1671 1783 519 
minDistance: 4.91675
cost: 250723
capacity: 199198
time: 53747
maxTime: 60000
LS1: 36994/38235
LS2: 319/1241
LS3: 0/0
shakeIters: 896
shakeLoops: 86
