4.22872:1280 4.40719:1536 4.45937:1714 4.48871:1934 4.5361:2356 4.59488:3354 4.59905:3506 4.61888:3925 4.63654:4137 4.6396:4436 4.64505:4528 4.64565:4979 4.65846:5550 4.66308:5772 4.67191:8198 4.68426:8261 4.72861:8384 4.73144:8581 4.73959:10170 4.77895:13082 4.8189:14635 4.82201:34067 4.8265:37306 4.8343:44474 4.83639:54815 4.85284:55671 4.85347:55730 
179 1903 300 480 1121 980 411 450 1092 1756 1357 1335 1839 1738 982 1416 834 860 1404 202 181 801 1229 140 835 194 628 973 1320 742 66 924 934 379 606 152 1028 1975 792 1894 1400 1250 1283 1739 776 529 1358 1528 1495 73 388 985 1399 571 1852 1929 993 1743 1369 961 1515 340 665 498 1401 262 1508 1304 1155 508 88 517 20 695 886 1142 1302 685 1671 1437 960 364 1051 1454 1057 689 1192 1012 1468 1409 334 904 247 1947 729 1230 1923 1172 1284 1631 476 234 1403 1091 1630 35 82 616 869 52 1742 366 1206 1980 242 1614 94 1450 931 214 1006 1797 1361 633 1802 309 1689 842 516 755 527 192 849 1131 643 285 1407 9 1383 1397 68 1728 1456 1675 1513 1794 1090 1694 521 800 932 990 54 1040 1486 211 1309 455 1247 875 301 1862 1565 1143 335 1053 1153 596 13 108 831 1124 1844 1432 229 1105 1287 358 1626 296 1654 1258 16 1264 1804 1561 543 139 917 1466 164 180 1305 1589 1993 303 1117 118 1888 672 694 399 1520 1510 414 255 1078 652 773 749 1634 1761 490 1672 896 325 1162 1239 1783 1359 1620 119 1330 653 497 568 1273 1552 1423 1293 1501 1983 1182 1607 243 1542 1535 1214 87 1774 81 2000 395 198 739 1410 949 817 577 1705 645 574 1427 460 1315 693 884 412 844 117 1114 1032 
minDistance: 4.85347
cost: 255365
capacity: 199160
time: 55730
maxTime: 60000
LS1: 35552/36781
LS2: 337/1229
LS3: 0/0
shakeIters: 865
shakeLoops: 81
