4.00809:893 4.22872:1513 4.40719:2289 4.44862:2826 4.48871:3177 4.55429:4270 4.59128:4421 4.59488:4578 4.62172:6436 4.67191:10244 4.74204:11159 4.7759:12047 4.80265:12934 4.80351:13033 4.80899:15035 4.81037:15166 4.82201:16116 4.83044:18704 4.8343:19453 4.85284:21117 4.86282:22276 4.87894:23010 4.88433:24278 4.88787:28348 4.88995:29663 
359 665 11 1675 55 1258 1874 335 115 412 853 1230 1702 1596 596 571 645 1528 1407 414 30 304 785 1010 1256 1369 20 1019 1106 647 179 1320 108 285 2 1330 1285 623 1044 247 322 156 1728 1262 903 1420 276 72 125 1374 92 1282 490 742 1015 1357 1804 306 773 1361 1012 1410 1785 1296 1124 831 1386 194 1983 366 35 1626 1975 906 82 198 1761 406 1719 1515 1006 1994 909 529 652 1398 1401 685 164 1789 1816 1105 835 991 1947 1825 219 1182 689 568 755 964 117 1273 425 204 1620 1181 1092 800 1681 309 355 1774 1283 58 161 684 1903 844 886 995 497 1164 1229 1309 1912 1192 1396 1053 651 262 1051 1552 1536 944 1153 1172 1797 1277 573 1834 543 1351 1544 1743 1823 1335 1408 192 136 1614 984 1359 433 470 1022 211 300 325 1416 1400 1565 474 552 66 749 1090 1738 807 1468 693 52 1314 358 1193 28 1980 1366 1409 1817 514 776 297 80 498 1121 686 616 1631 265 1759 1110 1886 1866 1356 1399 503 1575 1264 410 1239 842 68 94 395 988 1248 638 801 1872 1712 397 1689 340 973 491 792 1691 1461 1630 88 521 1924 1423 455 86 777 207 1213 1003 1666 1226 1910 562 1350 199 936 817 119 1143 1453 1040 1466 375 1463 932 1617 904 445 1657 860 849 1250 339 1437 
minDistance: 4.88995
cost: 248800
capacity: 199176
time: 29663
maxTime: 60000
LS1: 36961/38302
LS2: 429/1341
LS3: 0/0
shakeIters: 887
shakeLoops: 84
