4.24145:1169 4.40719:1492 4.47902:1769 4.55429:2040 4.58823:2213 4.60497:2681 4.61345:3723 4.61431:9058 4.62172:10151 4.63247:10586 4.65846:11734 4.66308:12489 4.70926:14867 4.71544:15230 4.73203:15330 4.76127:15604 4.76398:15913 4.81032:16799 4.8189:16927 4.8265:17813 4.8317:18493 4.84504:19162 4.84848:21122 4.85284:21226 4.86282:23157 4.87723:24132 4.88995:24766 4.90765:37513 4.90969:38778 4.93548:40999 4.94157:49878 4.9456:51712 
276 749 1335 693 1630 1454 258 275 727 1996 835 1527 1681 829 755 1407 1416 936 1437 1117 748 301 1330 851 1874 1785 1399 504 1436 1453 97 508 1264 932 1458 596 292 1248 1936 652 1888 1943 493 1448 1028 606 503 853 559 423 1456 1239 185 1174 439 379 499 160 1758 1486 1164 88 2 203 1507 1309 603 165 847 16 1866 973 739 961 1315 1376 1143 1862 456 1316 844 842 1528 984 684 410 1420 383 198 917 1379 366 1263 993 497 707 1344 1176 1803 300 1040 1688 1482 457 1983 1305 1283 119 1509 906 1466 1947 1084 1442 562 807 136 1672 1575 13 1369 792 108 1894 369 461 1928 1296 1051 1144 1761 1306 1432 902 969 983 1789 402 358 1153 817 1852 1304 66 309 1105 94 1745 821 1230 1131 340 1835 1738 1614 1985 831 1157 903 1361 1796 1468 490 247 1552 1540 1030 506 1461 1015 28 1617 1596 1620 320 1155 1227 1063 211 685 207 1912 776 40 1819 1256 886 1229 355 1626 982 698 80 1367 665 1358 1994 433 1743 667 571 1401 397 180 1488 1490 884 1583 1359 737 199 1350 615 414 800 325 152 1954 474 944 1834 1598 904 236 901 897 194 1409 1293 964 1205 1797 1237 20 1582 1917 1012 52 322 1728 849 1073 1258 1631 614 1032 1182 1172 1053 1602 412 58 647 507 1749 
minDistance: 4.9456
cost: 251008
capacity: 199162
time: 51712
maxTime: 60000
LS1: 37401/38699
LS2: 390/1298
LS3: 0/0
shakeIters: 876
shakeLoops: 83
