4.18674:1252 4.30502:1488 4.36212:1733 4.38627:1818 4.3955:1977 4.42171:2135 4.47735:2350 4.50861:2532 4.51773:2705 4.58823:3094 4.59905:3183 4.62172:4226 4.63756:4441 4.65984:4577 4.66011:4653 4.66308:4713 4.76165:4965 4.7759:5755 4.80265:6519 4.80577:10068 4.82201:13809 4.8239:14644 4.82641:14719 4.82865:15725 4.8317:15792 4.84848:15972 4.85284:16023 4.86282:21742 4.87894:23896 4.88995:24036 4.89723:29861 4.90765:39185 4.91471:40661 4.91662:41325 
1157 1456 667 1803 1983 1917 1675 1142 211 1399 471 262 508 423 936 1448 301 401 1544 1789 111 1839 1620 1596 1835 455 1059 94 146 1302 944 1488 380 1283 1051 309 1229 517 1069 1552 199 1143 1743 264 1413 817 1403 66 457 984 831 231 1416 853 16 1527 1972 529 178 410 1360 1560 1486 497 1181 1507 1955 964 573 1309 614 665 1985 934 1407 1738 1250 1994 776 1816 1728 1946 1976 1866 1785 1386 835 693 1401 1351 82 660 1387 397 1825 234 11 860 429 1705 52 1630 490 1804 119 1595 685 527 568 983 2 499 742 1346 1975 1947 1053 904 623 842 886 1239 726 1248 801 1382 1454 300 130 1182 412 792 1427 846 1954 1015 1153 470 33 179 849 20 68 739 1264 1073 19 1172 303 371 1703 737 1381 1894 1397 1409 981 1012 1164 1575 58 1420 395 773 821 1513 1379 136 689 73 1002 883 1631 1468 265 1874 1297 122 202 1121 117 1758 369 435 9 777 414 865 1626 1819 1561 1463 1369 884 695 1230 108 1374 990 247 194 1829 1030 325 1032 1607 1366 596 571 552 875 1124 1652 749 140 1293 1437 285 1617 74 576 1681 1127 1410 1008 340 1834 1315 643 449 339 1604 1528 1761 1682 1277 1466 1666 358 1672 1589 977 1098 1694 755 645 1796 1256 1226 514 1614 906 1423 606 1797 642 139 1361 704 
minDistance: 4.91662
cost: 245582
capacity: 199204
time: 41325
maxTime: 60000
LS1: 36958/38238
LS2: 379/1280
LS3: 0/0
shakeIters: 867
shakeLoops: 81
