4.25228:1351 4.27266:1548 4.37313:1770 4.40719:2060 4.45391:2313 4.45937:3549 4.47735:3891 4.55097:8752 4.55429:8851 4.59488:8996 4.62172:9603 4.62638:9685 4.64908:9898 4.65203:10284 4.65846:10356 4.67888:13183 4.75572:14385 4.76165:14698 4.76247:15448 4.83044:22948 4.83561:24462 4.84504:25477 4.85284:27423 4.87496:28421 4.88787:32228 4.90765:36629 4.91662:42180 4.91675:43528 4.9257:54267 4.9456:59906 
507 1844 755 1096 508 358 673 1839 395 262 2 1256 1025 807 628 1507 1273 1466 1680 1975 301 705 480 1416 568 1419 285 35 1367 1417 1073 739 1672 364 1797 1219 506 1799 902 1304 178 1806 534 1912 1084 1012 1409 1933 844 433 1835 181 1410 849 1398 1903 877 1874 1033 1317 470 491 23 1264 684 1700 1379 1015 1361 1691 209 414 1994 1743 574 1394 1834 1450 1702 1063 322 665 1164 577 340 1230 168 886 668 272 977 1544 108 247 1297 1248 777 1385 1316 33 1894 1223 300 1796 1309 1478 821 204 1302 853 1846 165 773 795 1776 1710 932 1034 1320 1620 194 672 296 1283 1069 66 984 1057 782 1596 309 973 1603 776 1461 1866 179 1463 1804 1728 1093 693 1229 1448 211 709 325 1803 1515 434 13 1277 198 962 111 1172 1637 698 92 1098 1947 1630 1533 1983 1836 792 497 512 1595 410 638 596 1032 842 985 1626 1182 1350 498 835 924 831 1153 742 20 708 643 1681 1510 1712 383 1485 1614 647 1955 1437 573 689 614 9 585 1432 240 88 1127 455 990 11 1656 1359 423 1657 978 490 800 1105 1117 1019 1815 613 1369 406 1952 1162 964 115 80 459 1552 663 154 28 1446 944 682 1106 397 1689 1206 412 1589 58 860 817 1250 875 117 798 341 1053 476 87 1239 126 1541 1051 140 1121 1617 988 904 366 1059 304 
minDistance: 4.9456
cost: 244970
capacity: 199314
time: 59906
maxTime: 60000
LS1: 35246/36537
LS2: 432/1291
LS3: 0/0
shakeIters: 829
shakeLoops: 78
