4.24145:1203 4.30502:1496 4.31396:1646 4.40973:1907 4.45658:2293 4.46949:2497 4.47902:2687 4.552:3115 4.61357:3405 4.62172:3602 4.63654:3764 4.63756:3822 4.64385:4164 4.65134:4318 4.68295:4443 4.71544:5617 4.72861:6054 4.73959:6126 4.74186:6341 4.7759:8910 4.79811:10488 4.81032:10665 4.8189:10720 4.8239:10774 4.82678:17716 4.82865:19156 4.83044:19910 4.83561:25756 4.84504:33968 4.85284:36514 4.86282:38889 4.89254:43384 4.91662:46242 4.93548:49786 
1383 614 1356 1682 673 194 1143 1420 1408 853 334 1073 677 1589 1994 576 1002 512 647 628 1410 333 875 1712 80 117 742 1617 66 504 1654 320 227 99 1983 1528 325 776 1466 410 1854 932 685 1403 672 1063 1379 1398 1839 1903 198 556 964 1614 1040 800 584 136 1164 450 1806 1888 1630 924 1666 1399 490 1436 1626 755 748 1861 1620 1509 1032 1430 571 1344 1053 1239 1816 632 247 842 1117 1315 1296 1229 1789 1743 234 264 1012 1361 371 1059 944 579 1501 358 202 1413 1559 412 906 1423 1681 1309 176 331 1468 1728 499 1367 1876 1912 693 292 806 792 1947 865 961 28 1995 984 1803 1465 1174 460 1575 470 1866 266 1544 689 380 301 207 108 411 773 1432 1051 1121 987 168 1596 340 88 300 1835 1008 1376 1943 304 977 1566 94 119 1508 941 265 1105 983 835 1801 20 1409 279 1652 702 559 41 1631 986 807 366 1357 414 663 1834 1248 1764 1894 1149 322 211 1258 851 1541 1454 606 140 1552 1153 1672 1448 573 1849 154 1034 904 586 507 269 1359 285 13 1057 1369 1250 81 934 1442 1335 596 1688 1017 1932 508 16 1857 1277 2 627 369 395 164 1749 1230 1416 1304 1680 1797 1463 568 402 251 181 1426 849 1098 1954 973 58 397 665 185 817 179 860 1910 652 433 1738 
minDistance: 4.93548
cost: 247127
capacity: 199200
time: 49786
maxTime: 60000
LS1: 36006/37308
LS2: 389/1302
LS3: 0/0
shakeIters: 879
shakeLoops: 83
