4.27266:1244 4.34482:1692 4.37313:1784 4.40719:2027 4.47799:2248 4.57774:2621 4.62638:3044 4.64606:3308 4.65134:3516 4.65203:3642 4.65846:3761 4.69052:4405 4.70497:4567 4.71351:4717 4.71462:4938 4.72861:5002 4.74814:5065 4.76398:6680 4.81032:7463 4.82678:8462 4.83639:12367 4.84848:12594 4.89254:15506 4.93988:22504 4.94615:27391 4.96717:35037 4.97629:35686 4.97815:50329 
1630 1589 1846 379 1121 1051 1084 574 1407 503 1391 1420 693 180 1017 370 1596 739 834 844 1738 1527 1143 1815 1432 685 1839 266 1305 1273 1509 1207 339 1842 1251 371 698 1507 870 1728 886 1401 552 796 1486 1854 178 562 1361 1816 322 320 1536 1069 1409 835 936 800 1993 1785 995 1612 853 1044 1277 1266 490 1614 28 632 964 1093 1508 962 1761 1453 1213 1359 1912 16 875 1573 1607 1193 92 455 80 1181 119 1595 1678 1461 1117 1027 1994 1399 1520 1866 1955 1643 1972 628 340 383 683 1712 1264 262 1513 1478 779 1366 751 459 1617 358 1702 785 1626 665 1894 1053 1248 638 944 1646 1365 470 1187 1985 1620 1147 1153 642 695 626 1267 87 47 1577 1482 94 1552 1063 1796 1309 577 211 1872 1450 1975 1521 1834 115 433 366 1416 596 395 1954 1438 1488 423 20 29 807 849 136 1283 199 109 879 111 1229 1175 1778 369 511 179 842 412 210 1743 165 139 204 285 1003 613 304 727 1804 1172 821 1835 1803 684 627 194 1012 1862 33 1602 817 1192 643 248 11 1797 1466 1297 137 773 776 374 1380 792 1726 984 514 1369 414 1604 755 1983 1631 152 1824 292 1030 335 670 573 13 227 1683 397 973 1157 279 1980 108 874 1250 983 1888 23 265 1296 58 140 1606 1230 742 1105 568 1476 614 1379 410 534 1559 1315 198 
minDistance: 4.97815
cost: 247014
capacity: 199177
time: 50329
maxTime: 60000
LS1: 36436/37681
LS2: 381/1245
LS3: 0/0
shakeIters: 836
shakeLoops: 80
