4.20941:1258 4.27832:1566 4.4292:2805 4.44862:2948 4.47753:3069 4.50088:3284 4.5387:6515 4.55427:7008 4.5593:7159 4.58823:7220 4.59172:7340 4.59488:7639 4.60497:7873 4.62172:7932 4.65846:8918 4.70679:9150 4.71175:9935 4.71239:12226 4.73959:13954 4.7759:14710 4.78116:15486 4.79979:18482 4.8189:19409 4.82201:20195 4.8593:21841 4.86141:21893 4.87496:24853 4.87723:26681 4.87894:29360 4.88275:30588 4.88787:31889 4.89534:33192 4.90969:46828 4.92659:50182 4.93548:50356 4.94615:50459 4.97185:51250 
944 198 1975 1602 1589 1277 23 136 776 1666 1022 1995 1912 1761 16 1994 1717 1825 1947 1675 603 1164 903 755 335 1983 672 613 128 1541 739 870 1612 667 835 1399 1328 1625 1623 199 749 1417 1788 1465 795 693 1420 20 1344 860 243 877 1335 571 80 85 1694 54 17 58 1660 29 684 1015 500 109 325 258 636 1631 1360 1263 397 508 456 94 140 596 964 685 275 490 583 1193 792 212 1785 936 647 1764 778 1620 154 1400 1369 1391 250 1315 1143 1707 724 1153 993 1356 1182 846 322 1815 1819 117 1604 1683 111 1972 1745 435 1917 849 369 665 1273 1256 194 285 1743 1130 309 1450 304 695 371 1012 506 757 411 984 211 401 573 52 1239 66 1552 807 1002 504 1230 1266 1409 1844 1248 1797 1685 1051 68 358 119 247 1059 498 821 552 1466 340 1296 875 737 1575 1876 907 1839 1172 1405 1410 715 773 1626 1401 1330 1408 1943 1712 1804 844 1432 529 1476 653 1528 1448 1442 1073 961 1894 1117 959 202 1748 192 164 414 1681 1936 1379 853 1229 977 1342 983 1682 1834 1413 1250 1739 1596 1144 455 1027 1264 1376 652 1872 1407 527 1738 1359 1293 1032 269 1098 470 614 842 1365 1162 886 1040 1888 1997 689 1380 334 1063 949 973 1842 698 1053 1084 1283 1630 1258 1774 433 626 75 1309 1598 1366 
minDistance: 4.97185
cost: 245189
capacity: 199166
time: 51250
maxTime: 60000
LS1: 37460/38715
LS2: 346/1255
LS3: 0/0
shakeIters: 872
shakeLoops: 80
