4.20699:1151 4.26747:1548 4.41765:2931 4.48956:3435 4.51804:4080 4.53997:4185 4.55427:4369 4.59172:5162 4.59488:6150 4.60972:6269 4.63756:6378 4.65134:6792 4.68426:7941 4.70679:10763 4.71961:11619 4.73211:15747 4.74814:17542 4.74905:17609 4.76165:17664 4.76356:19028 4.8189:19219 4.82201:19376 4.8259:22890 4.8265:22946 4.82865:23719 4.84848:23937 4.85284:24052 4.86607:24657 4.88433:26048 4.88787:28490 4.90001:29847 4.91163:30659 4.93548:31308 4.94615:31427 4.94764:33471 4.96401:40337 4.97031:57118 
58 309 638 1774 1797 335 1164 66 860 1743 1151 573 1283 1019 433 1875 212 966 1994 266 739 1407 1476 137 742 1399 1620 652 508 23 445 1093 470 1239 886 1785 1277 1320 340 1351 13 192 122 322 904 500 20 1761 1057 1834 865 1367 1857 1356 1403 490 117 1400 647 199 1092 139 54 1059 1408 1040 755 1410 976 869 1486 247 1363 1315 457 304 1996 1121 1256 1032 1681 1296 498 870 331 68 936 1844 1894 842 1017 1861 1226 853 1943 707 1617 17 29 1266 1105 596 1063 665 934 677 164 55 1602 1255 395 369 884 616 1466 202 1888 698 1028 1738 379 800 179 695 1416 1517 1625 152 568 1230 1293 1359 623 1309 140 119 301 1688 1328 1533 831 1510 1117 1509 325 1423 358 1631 1983 1073 1825 1420 1952 1630 1374 685 1596 194 776 87 1448 1614 1264 476 933 1098 1515 1143 366 480 136 1342 423 767 211 534 1182 1979 399 397 285 276 1153 1446 1846 410 1626 1193 835 1437 94 973 689 1398 1409 185 1936 1542 1273 986 748 80 1012 1955 571 1051 1053 1612 371 1662 932 1069 949 849 514 1394 1361 52 50 821 28 577 1959 1758 672 931 643 1219 1804 1432 1508 792 111 653 411 1205 1789 1369 1482 1839 1250 1947 1354 71 258 1033 1933 412 154 1912 1248 1206 807 1106 115 1468 1463 204 1975 1595 1297 414 
minDistance: 4.97031
cost: 242682
capacity: 199202
time: 57118
maxTime: 60000
LS1: 36584/37877
LS2: 429/1293
LS3: 0/0
shakeIters: 827
shakeLoops: 76
