4.40719:1477 4.43309:1633 4.45391:2370 4.46801:4608 4.48871:5068 4.50088:5273 4.58782:5597 4.58823:5662 4.59128:6033 4.59246:6949 4.61668:7092 4.62172:7630 4.63654:8198 4.66793:8770 4.71175:10949 4.71239:11030 4.73144:14357 4.74905:15130 4.76165:20557 4.82782:27888 4.82865:28237 4.8343:30455 4.86016:37462 4.87496:37656 4.90765:40107 4.9257:40177 4.93548:42266 4.94595:59160 
568 817 853 1142 1486 1888 1304 1127 565 1320 1273 1283 455 954 309 1727 161 886 1628 194 1335 1917 1410 1463 1050 907 1817 695 737 1090 1092 379 1093 1416 1450 211 668 897 1403 1955 993 1500 1069 181 329 1912 652 685 498 68 28 1672 1429 1293 577 1182 933 1063 1819 1420 433 175 436 108 1391 1866 202 904 755 397 358 490 653 647 1682 1251 204 1535 1256 1263 749 642 1515 171 1019 1448 1409 1446 1872 1739 1709 412 616 1432 1874 1785 497 573 1552 529 1774 1121 1073 1797 859 1947 1205 322 949 164 247 990 20 52 465 1556 15 517 94 395 470 136 154 1374 1012 1365 425 366 1427 792 1323 75 122 944 1172 1856 1630 1315 1130 139 1342 58 1317 1385 459 807 474 884 934 1239 410 1008 303 574 665 1258 1015 1910 1360 476 1330 500 1106 514 1399 281 467 117 1829 1596 742 1579 1032 480 66 1510 1789 1153 1943 1264 1903 285 340 1544 119 1626 219 1098 1216 1501 1865 1328 1783 140 615 844 374 935 512 1815 606 31 179 973 1466 1915 1620 1367 192 1685 849 776 1143 23 1680 1248 1311 1230 1631 1417 1614 1105 842 118 297 1603 964 29 1405 643 1164 1287 1022 689 1147 1994 1914 596 334 782 795 262 613 1743 414 508 1369 1647 1804 1053 875 1309 1051 1277 1671 835 214 1398 1117 87 1358 1764 962 325 1250 1758 335 
minDistance: 4.94595
cost: 247273
capacity: 199396
time: 59160
maxTime: 60000
LS1: 36230/37458
LS2: 380/1228
LS3: 0/0
shakeIters: 820
shakeLoops: 75
