4.15638:976 4.40719:1503 4.44862:1625 4.552:2180 4.55429:2254 4.5842:2492 4.63756:2787 4.64606:3124 4.65134:3206 4.65203:3280 4.65577:3416 4.66666:4143 4.67191:4406 4.70497:4949 4.71175:5089 4.71462:5870 4.73959:6030 4.74905:7587 4.7759:8487 4.80265:13620 4.8343:14918 4.84504:15064 4.84848:15874 4.85284:16653 4.88179:24326 4.88787:26759 4.90001:28222 4.91675:29859 4.97031:32273 4.97365:42766 
1315 449 689 552 97 1405 1015 1556 1142 1620 1057 1264 1181 130 1432 178 1453 1376 1117 1063 28 35 1410 339 1758 1448 402 1098 285 562 108 20 164 984 1239 1053 1552 1596 450 23 1012 643 1407 301 1815 309 92 1350 1335 1689 1225 1614 846 335 1980 884 1797 412 247 529 1476 425 410 944 709 358 1256 1309 414 1366 1437 429 1804 924 1002 665 1248 1357 397 421 1681 777 115 934 122 1379 1856 11 1745 493 1205 534 1631 465 1510 995 1566 82 231 776 966 1361 1176 1862 1660 1955 1287 1709 742 858 1816 1463 1541 1164 136 1727 1985 1672 1994 1283 455 1680 119 1657 596 935 647 886 712 1328 207 80 749 470 1277 1977 835 936 693 223 1781 1507 983 74 831 1229 1371 1908 1143 667 68 879 642 1067 1466 1468 1789 1834 844 500 1423 1493 490 497 1954 1293 459 849 792 1153 1403 1243 502 1409 180 87 817 1486 1874 853 755 1032 1513 503 1383 637 1105 1626 1705 1528 1561 1702 613 1492 431 395 33 1381 1743 573 1996 433 243 1461 325 262 842 961 508 773 973 117 58 66 15 1147 1151 310 1216 1399 52 1829 1090 1273 1598 800 517 379 807 211 1947 1172 1400 441 964 1230 179 1416 990 204 1121 1899 1255 1630 1623 1617 638 159 577 860 1420 194 753 1456 1866 383 685 
minDistance: 4.97365
cost: 244715
capacity: 199160
time: 42766
maxTime: 60000
LS1: 37703/39002
LS2: 358/1299
LS3: 0/0
shakeIters: 911
shakeLoops: 88
