4.44896:1640 4.46801:1853 4.48871:1971 4.50088:2090 4.5361:3372 4.5387:3953 4.58823:5564 4.59905:5777 4.62172:6043 4.6374:6522 4.63756:7243 4.65134:7677 4.65203:7750 4.65846:8627 4.66308:8758 4.71544:12712 4.72922:16280 4.73839:16431 4.73959:16601 4.75994:17850 4.76398:18108 4.77416:18665 4.8189:20780 4.82201:48267 4.8317:49140 4.85284:50784 4.86282:56395 
395 1855 573 552 322 1427 1229 1814 844 202 1675 383 349 727 1990 1366 499 1297 685 670 1617 853 1786 1932 1623 1761 87 1738 1739 1019 1040 411 1994 1691 1541 614 227 1205 1874 1051 234 1630 1515 1448 1683 1239 1682 1756 502 371 632 35 52 1596 1781 1846 1501 1121 335 122 1866 1283 508 637 800 1069 1356 397 964 1296 845 203 1446 1117 1910 506 20 1453 1894 1067 1264 1073 1409 1797 470 1815 995 1093 776 244 1361 658 981 777 1466 724 1057 519 1700 695 932 1510 1255 88 1396 316 1804 1053 755 340 460 1008 1688 1947 176 325 773 1575 199 529 973 1182 1631 1143 521 626 1681 1626 154 1227 742 300 1383 498 1022 1590 835 55 1403 1955 1097 364 232 1032 1256 836 1834 1552 694 1401 1277 749 194 1315 1520 317 527 1193 111 1437 1078 1620 1015 643 33 1399 1357 423 831 1816 1059 1839 358 1034 1063 334 991 211 615 1124 1478 1420 274 801 935 842 944 265 179 1410 1213 139 184 1012 886 1743 1509 1486 702 729 66 1993 1248 1699 709 846 1982 1317 1293 379 916 792 574 1230 1398 399 1544 1172 993 140 490 406 1400 875 901 1050 1432 907 970 181 1240 108 1481 1309 80 73 369 1451 596 1710 247 309 817 97 1379 1083 517 961 412 1654 849 1163 984 491 1705 414 1712 1358 128 851 1369 1983 16 
minDistance: 4.86282
cost: 252605
capacity: 199189
time: 56395
maxTime: 60000
LS1: 35971/37254
LS2: 401/1283
LS3: 0/0
shakeIters: 855
shakeLoops: 79
