4.22194:1156 4.28572:1451 4.35621:1702 4.36835:1802 4.3833:2381 4.38627:2600 4.40719:2828 4.4292:3175 4.48421:4076 4.48871:4190 4.55097:8854 4.62404:9089 4.63247:9443 4.63756:9635 4.65203:9767 4.66119:9886 4.66666:9946 4.74905:11900 4.76165:11982 4.7848:14762 4.80265:15719 4.80899:15829 4.8189:15885 4.8239:15949 4.82641:21277 4.8265:22070 4.85284:22761 4.86141:26338 4.87894:30016 4.88995:34061 4.91163:34839 4.91675:39863 4.93548:40705 4.93602:40906 4.94764:43071 4.94797:46324 4.97842:49341 4.98084:54744 
739 140 1009 583 297 1374 1894 778 509 1985 309 1943 29 983 1100 1342 1743 1815 1015 1028 1315 414 1436 499 1256 1513 1335 737 1117 1413 842 204 1626 1359 152 1398 310 1620 1912 1420 1468 82 490 1304 1617 1819 410 1206 1433 58 1229 1450 1349 1432 1264 251 964 1073 1380 397 94 1092 1409 207 1482 1143 807 1003 247 1230 28 742 1623 831 1507 498 181 1596 1536 335 1063 1975 455 1466 1243 901 1802 1606 1541 1797 178 1239 402 1247 1528 1565 606 1227 1017 748 1405 111 1386 1344 1216 1121 849 1360 508 23 199 1828 1423 853 782 433 262 1888 500 792 194 749 429 1012 1631 1153 844 1250 1053 470 1540 1376 1585 1151 1552 1598 68 234 374 534 1566 1789 514 886 596 1084 1706 1764 1277 395 1788 1157 707 673 576 136 1816 1182 973 571 1785 1947 269 412 1381 1350 159 1296 366 1804 1544 202 685 146 949 835 179 1486 1367 1006 16 1237 875 727 11 627 1902 1874 340 1872 212 1515 1190 1193 493 322 66 1866 1248 1682 1448 1059 20 1105 1034 712 1666 1309 776 574 1410 1164 168 1833 653 1437 1834 1040 1508 1630 1994 577 1517 752 1614 621 1458 1090 663 1399 497 169 325 1839 821 880 573 80 775 119 17 1689 665 1803 41 342 1983 198 1107 647 1408 1292 1681 211 897 1589 1283 1493 
minDistance: 4.98084
cost: 239333
capacity: 199157
time: 54744
maxTime: 60000
LS1: 36745/38050
LS2: 442/1305
LS3: 0/0
shakeIters: 825
shakeLoops: 77
