3.96742:861 4.40719:1517 4.45391:2054 4.45658:2124 4.50088:3002 4.56807:3240 4.62172:4767 4.63654:5702 4.6625:6215 4.66308:6419 4.67888:7456 4.70679:7592 4.71544:9577 4.73144:9644 4.77475:9947 4.81032:10420 4.82865:13583 4.85284:15434 4.86282:15696 4.87756:23914 4.88433:24152 4.88787:25219 4.91662:32129 4.92659:37104 4.93548:37398 4.93602:37503 4.9456:42463 4.94615:44970 4.96098:47574 4.97207:50054 4.97365:52812 4.97373:56581 
1466 1105 1528 1311 1985 1442 292 379 677 1250 903 1030 366 1582 192 152 198 514 194 1432 1315 1305 647 1420 1493 1230 1871 1177 1258 582 1485 2 689 866 1417 982 1063 1044 1264 1446 1399 504 1738 849 1863 1589 1369 80 800 844 340 377 1309 331 1728 1815 1306 499 369 739 1330 1894 320 1229 60 490 1507 693 907 1866 1797 726 406 1361 817 1400 1955 1631 1488 628 1476 934 1614 66 322 663 94 525 1350 1943 573 1482 755 58 1575 119 81 773 1825 1007 1193 199 1681 835 176 476 1040 1544 1994 1296 1164 1739 211 1774 1717 23 1057 1069 1861 748 300 1501 831 1172 13 1450 374 615 1381 325 1403 1468 973 1643 842 1239 723 1394 414 782 779 1954 1743 455 433 924 491 1437 1453 1842 949 140 1131 285 874 1409 1143 1804 1983 1283 358 137 456 335 1157 643 457 1912 984 1552 1416 1012 136 1438 1761 1829 1630 606 1596 35 206 840 109 511 904 108 168 1376 309 879 1620 446 1155 1163 1053 653 1839 614 1617 207 410 935 1802 2000 1565 1486 1098 1980 1602 20 944 1566 507 397 1191 164 1936 1153 807 1121 665 1216 1090 571 1682 751 993 1219 1130 310 1463 792 117 1928 383 1872 275 429 255 146 1834 596 902 1304 28 1917 1423 1626 853 165 1117 1359 1006 875 1034 1410 964 1595 
minDistance: 4.97373
cost: 253223
capacity: 199197
time: 56581
maxTime: 60000
LS1: 36225/37518
LS2: 430/1293
LS3: 0/0
shakeIters: 831
shakeLoops: 76
