4.24145:1109 4.24559:1620 4.45391:2437 4.50088:2865 4.58823:4811 4.5933:5715 4.59488:5881 4.59752:7784 4.61345:9458 4.63654:11161 4.65846:12615 4.66308:14286 4.66678:15132 4.76165:17799 4.76247:19541 4.79123:29454 4.8265:31609 4.82865:36042 4.84826:36300 4.8593:41117 4.86016:41854 4.86141:42088 4.86282:56132 4.87651:60001 
1297 886 647 755 114 680 897 1117 689 1164 751 204 1409 1356 1407 474 1994 256 1175 954 1450 875 993 1582 1336 1309 534 1743 412 1777 995 292 1401 1420 596 202 748 1399 86 1416 1012 1822 817 1630 1995 1468 1153 1144 320 1003 1264 1486 211 1183 1685 973 66 2 1330 1084 1105 1528 1489 1866 1834 1691 1256 754 1365 1626 1703 1625 455 176 170 122 652 1359 1774 1354 1761 20 1928 1027 1453 1022 1739 684 807 460 325 1149 379 410 643 50 456 577 1210 1162 35 961 1544 903 1069 265 137 247 1482 154 1369 675 1507 297 374 1320 414 1979 1839 944 498 1159 1448 358 500 1797 821 421 658 1040 1182 1712 476 1513 1614 75 568 695 1983 266 779 162 371 194 1404 119 397 80 139 164 1509 115 902 1227 739 1277 117 665 494 304 1051 1029 340 1340 1785 111 785 28 192 275 1315 1959 11 932 870 851 1815 1454 1092 1427 1423 1463 1606 1982 109 988 1248 1536 1738 685 276 1400 433 1073 88 936 1589 1410 1230 964 842 853 1955 776 1107 653 499 1044 112 978 792 1283 729 94 13 301 614 896 1825 849 490 1317 1745 571 1659 457 16 573 1612 1255 322 165 199 366 1887 1672 1689 1552 904 470 1304 1466 359 1213 1432 31 1456 58 1305 309 1596 1296 55 616 1580 1620 108 800 1239 1328 1379 1250 1914 1121 1816 1706 1367 693 1048 52 
minDistance: 4.87651
cost: 249344
capacity: 199535
time: 60001
maxTime: 60000
LS1: 33618/34874
LS2: 487/1256
LS3: 0/0
shakeIters: 745
shakeLoops: 70
