4.40973:1535 4.44862:2662 4.47596:3137 4.50088:3277 4.52677:4011 4.55429:4420 4.59246:5294 4.59488:5390 4.61345:6569 4.6346:11396 4.63756:11656 4.64606:14623 4.64908:15147 4.66011:15427 4.66666:15656 4.69383:16460 4.70926:16994 4.71175:18380 4.76165:20192 4.79123:20365 4.80265:20423 4.80577:22486 4.80899:25148 4.80911:25204 4.80992:26634 4.81508:28736 4.8189:30067 4.82865:36306 4.84848:37153 4.85284:37769 4.86282:42805 4.86607:47016 
616 1356 1936 523 693 807 1193 1264 1351 1656 1316 1274 412 755 1164 203 1229 111 1237 1273 66 75 1407 860 234 1852 672 960 1176 320 1354 414 1994 931 865 1509 1230 1022 1901 1448 332 300 902 658 358 289 1160 435 1112 1243 309 1975 1796 1894 849 88 397 171 497 806 1420 325 1523 416 1157 1409 1153 1603 1758 1350 1015 1468 984 776 1330 535 1728 1849 571 606 1442 742 1816 1398 798 433 1839 154 1802 410 1216 1729 52 844 995 647 1866 46 202 896 1073 498 1296 1749 1069 165 709 1620 521 1929 673 1239 80 1032 379 179 194 835 340 1836 1875 1059 16 573 534 2000 1053 831 1716 808 966 1528 199 1403 1359 1432 1227 801 339 1399 334 685 1675 1078 614 1297 628 13 1624 1700 1174 1947 1626 1501 20 1868 1371 1983 1817 1293 470 1630 596 457 643 1063 211 705 1681 853 1799 1266 1416 964 504 292 1121 665 406 707 973 842 1437 1162 476 1874 1653 1561 1309 232 1671 265 1982 1040 924 1835 1815 97 1614 214 1797 1774 1544 846 159 1117 1466 1379 81 652 1777 35 1172 490 1910 782 272 1205 1876 28 884 942 17 1012 175 1575 883 800 903 1739 1633 1383 304 1149 638 508 68 170 1410 1719 886 749 1175 1051 401 1702 1689 906 1375 185 792 1841 1705 895 192 1057 1743 1515 152 1761 904 1657 1888 395 1124 739 1182 1277 1486 
minDistance: 4.86607
cost: 251110
capacity: 199239
time: 47016
maxTime: 60000
LS1: 34942/36186
LS2: 428/1244
LS3: 0/0
shakeIters: 784
shakeLoops: 72
