3.05684:1501 3.25171:2711 3.26103:3020 3.27574:3426 3.27586:3918 3.28456:5661 3.31361:5965 3.40913:7240 3.40976:9015 3.42043:12761 3.46307:13338 3.47135:26711 3.47289:29374 3.5261:29594 3.53349:45630 
239 576 715 1953 1502 1899 138 1383 1821 634 503 1311 1114 1535 1817 1571 1761 1796 1926 1935 35 381 1625 282 1390 1227 452 73 1951 737 1569 1258 473 209 683 667 49 98 875 212 1094 279 1550 72 52 480 375 1325 844 863 447 30 28 410 973 1542 207 1954 216 1705 1966 1739 938 185 1350 693 1675 432 1100 1789 700 1912 812 1442 1119 198 801 446 318 1368 1130 123 530 1566 1540 1533 1830 796 1491 1773 643 925 295 63 1459 1054 1561 1304 1623 776 1786 702 1205 885 27 262 1024 918 904 1106 599 450 1511 201 1068 345 306 668 1836 459 595 889 1207 304 1405 1471 1166 1274 1006 460 1453 828 1081 742 465 846 1851 982 1799 1071 1875 499 684 520 96 1580 1240 1771 1210 1689 1346 941 364 1785 1194 206 1140 991 184 1980 1521 412 1662 1790 756 750 1614 1328 159 984 2 753 967 1329 732 1643 1947 1438 765 58 1493 1528 354 1190 1839 414 1823 95 172 1596 1506 1545 115 1419 1 233 494 119 1909 1509 811 1972 1307 971 782 907 1861 647 1051 1330 442 112 726 1858 1670 845 655 1645 1191 69 1835 1208 1564 1160 174 1204 1469 663 223 22 351 1179 1559 1630 1464 1768 1355 389 1078 244 1454 531 1455 1924 1841 687 122 1577 1336 1211 720 1530 1649 470 31 1413 1797 1748 227 1463 202 133 56 1570 877 953 1507 1672 243 1087 921 1030 1040 1409 1626 397 1500 1717 1125 1601 298 1408 1804 191 1983 264 1012 1060 453 1445 622 1894 664 1606 1259 727 1121 1097 642 331 1048 1273 449 1929 367 1270 1886 573 751 1985 8 1667 332 1112 1098 285 192 519 983 1707 590 1401 561 616 773 1399 707 80 1041 149 860 1810 429 156 651 358 350 1203 1624 1403 1801 1933 1364 1865 1745 253 536 1468 829 1552 1526 815 917 1376 235 114 1028 954 550 1318 1915 1306 303 1658 1107 1050 301 527 793 817 1221 1427 712 1862 1709 1524 963 1742 1154 70 1914 1343 944 428 1118 1655 485 1449 357 1598 1378 1178 1056 1045 1872 749 1226 219 597 1214 1904 78 1275 1512 1237 1988 831 292 1446 1846 1314 704 570 553 475 145 467 1702 380 916 626 71 688 947 987 1612 1706 340 117 1579 60 1034 867 1287 1371 1556 317 
minDistance: 3.53349
cost: 368872
capacity: 298740
time: 45630
maxTime: 60000
LS1: 19179/20063
LS2: 447/884
LS3: 0/0
shakeIters: 422
shakeLoops: 38
