3.15536:1800 3.18552:2459 3.18748:3268 3.22458:5219 3.27967:7175 3.28456:9124 3.30828:11004 3.3387:12747 3.39348:13384 3.40976:14004 3.4502:17361 3.46307:17569 3.47135:22539 3.50021:30557 3.5261:31144 3.53349:31483 3.53833:33254 
475 667 1631 1125 1068 1367 1245 1473 1601 452 159 666 601 925 1064 169 867 1561 84 812 1261 1801 1015 1870 1118 47 1346 616 1980 1565 645 306 939 627 429 222 642 561 214 1422 989 773 979 1500 1489 1501 835 1875 1254 206 944 449 18 839 99 461 82 265 411 713 334 1398 1702 1211 1130 357 1917 1886 80 184 1865 1412 1458 380 793 50 1552 279 1571 469 1902 1656 1434 1016 1662 529 1087 1029 1624 12 1237 1996 1926 1097 474 1569 885 1947 1685 831 115 49 161 876 1240 1851 1163 202 1988 122 689 189 1672 933 668 1667 1912 251 1995 718 881 354 1274 1330 262 1984 1893 1355 1828 359 634 505 630 172 1626 146 1469 1309 500 1187 1783 1248 342 1078 322 1043 1471 688 600 1207 991 778 317 1786 906 1446 1904 530 1318 947 1482 1012 1427 303 112 603 345 1468 1464 92 811 31 1705 1002 1034 1846 1675 1971 73 1116 96 1024 379 880 1838 381 1655 1051 1954 1720 1861 1364 54 427 1409 1179 559 577 1190 1 1052 1478 1803 1314 17 480 1810 828 486 1448 1019 207 431 1748 192 1106 1941 1645 1867 1204 46 1153 897 1311 984 583 785 545 176 1263 1888 1072 1790 198 1401 119 518 219 1040 1053 1101 1402 373 1006 1058 1050 117 672 285 1112 1039 1559 1636 1634 849 1296 552 389 1358 829 23 726 1612 904 1928 1191 1544 1507 397 550 1686 343 1107 351 425 494 1835 1100 1273 1342 1164 963 534 1203 52 1983 1221 1509 30 1785 1371 965 371 1158 1333 877 1742 1122 687 751 321 191 456 1215 1094 1822 375 953 1506 1910 643 1455 340 863 1923 807 228 220 604 465 1540 657 528 982 1239 1580 870 1728 1121 1739 527 1169 1119 1154 1933 536 60 1658 1108 1896 817 492 1700 573 737 702 727 1689 1361 264 1771 458 1212 1438 155 1606 1649 1530 749 1761 1378 1329 1596 1899 794 665 776 154 1966 460 227 455 1560 1981 1699 414 709 532 510 128 1194 520 72 742 165 858 1320 987 756 941 1614 996 1502 93 295 173 1829 243 1475 653 421 1180 683 871 1379 1160 715 1773 149 1797 844 954 1368 58 1556 1250 69 1533 298 1707 1736 1600 1849 327 35 1178 56 1200 443 1328 680 424 445 1554 1799 883 1304 1251 
minDistance: 3.53833
cost: 369580
capacity: 298870
time: 33254
maxTime: 60000
LS1: 18461/19322
LS2: 406/861
LS3: 0/0
shakeIters: 438
shakeLoops: 40
