3.04722:1104 3.17429:1797 3.17772:2189 3.18748:2498 3.19625:3097 3.20016:3667 3.20896:3773 3.23484:4464 3.24128:4588 3.26103:5319 3.26863:6514 3.28456:8409 3.30662:10507 3.31361:11338 3.31525:11842 3.32079:12354 3.32419:14975 3.3387:16235 3.44342:17018 3.45003:19548 3.46272:22334 3.46307:24337 3.48335:30339 3.50102:33372 3.50834:33580 3.51897:36457 3.5261:43118 3.52909:43210 3.5311:43453 3.53349:43713 3.53928:43906 3.53929:49034 3.55283:50368 3.55351:53741 
603 976 1002 240 1100 1837 298 649 1627 570 1178 1569 845 599 897 1984 201 1851 450 877 252 1118 1933 1728 1016 1214 100 617 1811 37 1855 726 336 1682 1307 74 84 1030 295 121 243 1862 1655 1401 757 1833 1511 459 1838 1125 1183 1 842 117 1500 30 28 456 1112 149 1448 1446 647 1810 953 508 1928 1485 1570 561 1983 616 687 1891 380 1043 1342 1841 1445 146 568 844 270 1912 207 737 1275 785 984 634 1358 918 963 1182 1205 82 1895 1544 1243 1886 1122 1051 643 921 1469 453 1473 1459 410 1414 1495 675 817 1612 1561 1456 1835 88 573 600 906 191 262 253 1160 1914 1814 879 931 1934 1600 708 846 896 282 315 1614 813 1581 630 1564 257 1882 1649 1380 536 1040 1179 1274 1803 907 715 266 964 1589 198 185 192 709 1675 1744 954 1328 727 925 1304 1839 340 1865 841 572 1273 69 982 782 1771 1158 916 144 1407 889 684 532 1015 1980 1180 160 641 1947 1745 1188 773 1204 458 1208 1333 688 1391 1689 644 1471 232 1552 749 1525 1092 1571 322 1247 303 1107 251 1191 1371 546 1374 1624 1376 357 1116 1507 494 1966 12 873 1464 518 1922 1739 460 1087 1645 1638 1029 1606 1526 414 1509 189 227 1006 1506 1801 1455 1095 429 1248 642 819 535 627 1773 172 1230 1468 159 18 1346 989 49 1577 1896 1465 122 1858 1053 615 1523 175 544 1530 379 601 514 1785 527 212 1856 1442 829 1361 1300 530 1034 432 20 1130 904 73 1821 1580 1080 686 153 1194 664 306 223 1926 793 1904 1556 529 321 1106 1251 470 1276 1438 1479 1211 1972 1064 693 184 1637 619 364 965 152 1318 1761 71 1207 1610 381 47 608 1437 1817 1119 375 1364 1084 99 1626 1533 1221 1663 1794 1426 1050 677 775 1145 583 683 1935 1929 812 1924 521 179 933 332 1631 39 751 534 1226 704 136 1726 1302 279 1742 178 1524 112 350 1239 219 480 1072 1336 516 293 114 853 173 500 93 411 668 1971 1329 128 1305 1054 56 1475 991 1306 1748 72 1283 1797 285 359 115 1159 1844 1623 1019 367 1536 1540 1240 1267 401 78 265 1917 1397 657 863 165 1553 486 837 1073 387 1261 264 550 1154 1830 1828 1237 1502 119 341 888 880 1954 1489 
minDistance: 3.55351
cost: 368481
capacity: 298787
time: 53741
maxTime: 60000
LS1: 17602/18471
LS2: 423/869
LS3: 0/0
shakeIters: 412
shakeLoops: 34
