2.98805:1106 3.07024:1540 3.22298:3033 3.25343:3756 3.26103:4471 3.27574:4834 3.27613:4967 3.3141:5766 3.32588:7890 3.33847:8164 3.39348:8786 3.40913:9102 3.44457:9947 3.46307:10507 3.46372:10991 3.46374:11195 3.47135:13785 3.50102:14219 3.50804:15128 3.52909:15554 3.53833:21209 3.53929:40633 3.55283:51246 3.56437:51560 3.57174:55278 3.57906:57775 
1786 295 1063 99 901 149 327 1491 1246 812 642 831 410 958 1879 1399 1768 56 858 1489 1248 121 1118 1866 1023 488 918 529 1706 849 550 1044 1794 1915 1506 1742 464 1810 895 599 1988 73 1856 215 976 80 1017 1100 1904 1886 334 863 1168 896 1849 704 964 756 749 446 93 1614 732 1464 1526 619 1391 888 906 1862 1675 1057 1612 1444 112 904 1449 1207 1367 1875 1328 709 1114 782 1438 1078 1606 401 1552 1896 1728 1797 1951 71 31 1043 1453 160 924 450 1034 96 877 467 1569 1355 1789 933 239 1852 219 771 206 341 427 1160 871 1903 123 50 1001 233 470 1984 1593 556 1814 1565 1980 1 1655 367 322 1471 172 667 122 272 715 1512 1580 1251 1556 1409 287 74 198 352 1663 925 1229 18 396 748 318 1912 1314 1403 58 1119 753 480 119 1468 1739 1067 340 1623 357 117 702 1320 916 1917 775 982 509 1577 1533 713 1891 1178 1274 1878 1012 397 1131 616 1368 1106 513 1709 1930 844 429 817 1374 1179 765 1790 1158 893 47 1386 991 1335 500 1346 1385 1983 1342 1725 793 1177 845 1555 944 846 502 1039 159 1469 666 995 1275 1191 114 136 380 1736 635 1662 1305 1645 49 81 516 1446 1598 739 236 1761 1358 354 1933 656 917 279 375 1329 1376 389 727 1910 530 604 364 1002 632 1130 431 1300 941 1613 1782 1861 596 202 204 897 60 489 331 984 867 1311 1072 1237 1463 1190 1371 475 1208 1954 137 1626 1143 883 669 1828 1821 707 1226 424 840 265 1475 1495 1415 1434 930 228 22 563 1107 708 1737 683 1364 379 969 1596 963 1914 559 1681 1460 84 460 834 1530 1097 383 1125 1507 1267 1479 1006 445 1799 873 737 243 406 643 1054 455 885 1210 1540 1182 207 1855 1785 1051 1287 412 758 773 262 644 1817 1211 1140 264 1283 573 1304 824 143 1188 201 456 297 528 253 153 235 191 1863 1273 534 578 829 1176 1306 1302 499 432 866 1220 842 1529 1838 1801 411 657 1405 192 1762 1624 449 630 1419 1773 8 381 796 1040 684 223 414 1455 1726 285 28 1024 2 1867 1112 1791 458 1259 1397 1535 880 909 1561 983 1783 443 492 1336 1284 313 1720 837 590 1361 1263 934 661 
minDistance: 3.57906
cost: 367754
capacity: 298776
time: 57775
maxTime: 60000
LS1: 18248/19165
LS2: 472/917
LS3: 0/0
shakeIters: 419
shakeLoops: 38
