3.20896:2251 3.21314:2952 3.21879:3197 3.26103:3595 3.27071:3921 3.27967:5343 3.28456:7220 3.30415:7511 3.30662:7636 3.31813:9375 3.35069:9854 3.35751:15403 3.44342:16691 3.44383:20308 3.46372:21668 3.46902:26907 3.47135:27949 3.47397:28282 3.50804:28504 3.50834:28646 3.51897:30397 3.5261:35847 3.52803:46806 3.52909:51626 3.53833:55521 
530 264 475 1983 875 1928 1119 1456 489 1623 1695 370 931 1574 96 1233 672 227 709 1221 1833 1896 944 1330 1273 902 56 1556 508 1828 703 1836 1579 1239 1926 1913 317 375 492 1895 1215 1658 1941 643 756 1904 1080 1032 247 1329 534 773 93 1040 1742 1759 1438 1342 1643 1200 159 846 916 1066 234 1355 92 1279 668 1626 1624 1736 664 1336 965 1402 1614 1314 1094 1002 1933 175 1685 474 78 1015 817 1789 600 1771 1226 1263 1637 1048 1502 553 1966 115 73 31 380 1530 1240 834 64 1287 776 918 1635 1980 1063 136 657 1878 1526 1773 844 1274 1177 1689 782 1876 119 1364 300 1160 1542 570 871 742 1454 485 1346 297 858 191 51 642 1399 1500 160 1686 1409 1914 1194 1535 807 881 847 550 1561 863 322 1140 967 1797 207 684 976 198 1555 1851 1738 1655 340 621 30 1179 262 1006 1785 814 1050 1849 1550 257 215 532 903 1162 1311 18 1292 837 1912 964 1130 282 885 718 947 196 315 990 722 47 1509 1854 726 60 888 1475 58 265 1237 1019 1675 1569 1195 82 1361 599 1118 1954 1584 737 1565 112 1107 162 1737 272 1403 712 1790 1971 1903 811 298 804 1178 1841 1469 69 590 715 561 1865 1612 1586 1168 202 252 367 1471 445 622 1358 411 801 1667 1927 27 412 23 122 510 778 1600 1106 152 1662 1375 845 1170 266 1100 564 1188 1855 1774 1858 1251 1649 1229 1053 1016 1869 793 1453 1024 429 361 615 219 1799 432 1112 184 813 172 1988 1801 1182 117 751 644 1464 1899 1810 306 619 465 663 695 1596 381 1748 982 626 702 1610 877 1786 651 1506 410 841 904 174 419 480 825 128 8 727 991 1067 1987 49 1455 1412 1190 1306 1495 1985 1335 1283 1213 1846 1930 1446 240 1699 505 891 632 1962 954 285 690 450 99 556 688 1039 1304 1379 1645 193 704 1570 732 713 1984 486 1052 1427 149 461 1395 516 354 350 1426 1449 1935 796 10 1489 192 707 1909 1707 554 1371 1328 771 208 357 1580 559 1468 1559 1739 1606 1405 630 1533 414 1212 901 1034 1116 831 1566 749 1749 1439 1501 1844 603 1571 1891 1990 1191 1012 1432 460 459 812 206 1078 1121 573 84 468 165 1487 683 1656 1275 1072 243 765 332 529 371 1125 1376 1207 1244 1552 687 1593 1318 
minDistance: 3.53833
cost: 366794
capacity: 298751
time: 55521
maxTime: 60000
LS1: 17177/18033
LS2: 473/856
LS3: 0/0
shakeIters: 357
shakeLoops: 31
