2.98541:856 3.26103:2533 3.27215:3945 3.27613:4051 3.30662:4695 3.31525:11343 3.35658:14751 3.35751:16379 3.39348:18624 3.44264:19487 3.44342:19891 3.4502:23662 3.45346:23931 3.46272:24216 3.47135:27010 3.47289:32967 3.50021:34263 3.51622:35069 3.52579:35216 3.53205:35304 3.53234:36858 3.53349:37409 3.53833:46453 3.56565:48541 3.568:50026 
1663 726 846 1204 1745 841 756 10 480 1050 429 1196 1858 1380 1073 1432 1799 931 665 18 835 1594 1489 99 1533 574 1762 233 1833 688 1795 1154 373 1414 73 1569 460 1874 192 1182 1100 897 1720 191 12 1627 357 866 389 1160 796 1930 1842 708 1205 2 1237 1614 262 1912 1649 1226 1768 1624 1034 375 1470 336 1821 849 561 1506 1875 1335 1248 642 933 1630 930 1329 122 1098 1540 1113 1983 235 489 121 243 256 742 877 737 718 1571 446 1861 640 1748 1656 829 817 1006 1526 1626 205 1950 1600 1084 1463 137 1106 1556 397 1442 467 1190 1785 114 1662 1790 1088 380 615 1368 505 1191 1552 573 643 1072 1495 1287 1933 1304 1954 1903 1179 1530 1229 1283 863 160 1904 1118 115 1512 828 1980 722 1742 944 953 1971 1596 964 1015 119 572 1841 1580 1566 606 1178 1389 367 1675 1080 1092 1275 1374 1449 234 713 906 1302 1002 1121 1067 71 873 845 1051 1657 1601 1307 20 1581 1176 1306 78 626 282 1114 1914 1227 1453 1640 1116 1984 1328 358 1865 652 174 1817 1837 1561 1364 1686 1857 1379 1107 600 875 1801 169 1728 80 1053 1398 1879 1177 989 1356 392 354 996 1455 1040 414 993 1330 30 1117 1251 1267 1434 1643 456 1707 1928 164 784 889 687 1577 812 1273 304 254 1726 459 112 1438 1469 982 885 325 1081 1949 576 599 1866 452 676 1935 704 645 1403 801 1371 1570 219 1804 1207 1739 22 1670 427 257 401 63 84 896 1300 1194 1917 1213 616 1783 934 350 1814 475 904 499 1288 207 667 93 775 903 58 1855 285 1385 661 1586 1689 732 1645 1502 1699 1087 1771 510 1468 683 1491 13 883 773 751 292 1810 690 1180 1419 842 340 1039 381 844 315 776 1705 1210 739 1409 918 1828 807 916 1318 470 534 341 128 1924 55 1274 811 1112 675 1367 1446 715 1417 1012 1240 27 1480 1896 1405 264 1054 550 1482 1606 1471 1803 152 1333 265 806 450 1527 901 1270 1386 1655 1708 1539 1794 1320 227 411 295 1125 1623 298 1612 159 707 432 824 185 1773 837 963 1886 8 1311 1262 49 117 198 1376 1985 921 1500 634 1441 1706 1966 527 1535 1797 702 976 146 193 815 941 1358 1789 1658 1130 
minDistance: 3.568
cost: 368587
capacity: 298791
time: 50026
maxTime: 60000
LS1: 17873/18794
LS2: 483/921
LS3: 0/0
shakeIters: 413
shakeLoops: 36
