3.06929:1416 3.07024:1508 3.22458:2241 3.24397:2487 3.25171:2732 3.26103:2914 3.27071:3318 3.27574:3436 3.27613:4804 3.30415:5451 3.3123:6829 3.31703:7798 3.32588:8476 3.409:10588 3.44342:11342 3.44383:11709 3.45881:12092 3.45954:12227 3.46277:12639 3.46307:13147 3.46902:15405 3.47135:17682 3.50102:21490 3.50804:22780 3.51897:25603 3.52909:25979 3.53349:27495 3.53833:27692 3.5474:29923 3.5658:30259 3.57174:30485 3.5745:32394 3.57466:36221 3.5806:36904 3.58333:38794 3.59425:39040 3.59586:40474 3.60655:45102 3.60712:47277 3.60822:53318 
97 518 1073 279 753 1909 1865 944 1361 198 1072 30 331 1251 1858 1933 1283 78 1007 1113 295 917 1914 152 411 1032 28 1835 1043 1432 16 1861 128 1637 1106 546 1071 1356 1738 1720 445 264 1226 159 1544 185 364 600 713 1427 1034 1350 219 192 1842 815 1810 1453 1080 1634 1067 1027 1566 412 1409 724 896 1556 1947 380 599 773 1187 1771 315 1645 1455 1300 941 1227 897 1385 1194 1686 1886 447 1273 1112 849 1419 1203 1728 1554 397 965 1274 1748 573 84 1468 813 1438 687 1870 707 1855 1078 1841 1118 616 429 1896 1912 1535 1966 1342 845 1240 23 480 690 1039 1306 1570 1100 284 1837 976 906 987 208 427 1742 475 1811 166 1598 452 1502 1089 1822 1471 1307 1655 432 1801 527 925 1358 194 1980 1569 982 634 450 1856 550 837 1346 1403 1964 1606 1328 340 765 207 34 841 1051 1199 460 1125 236 1195 1208 80 615 1168 1552 1107 1739 653 1114 1454 1941 1983 49 1335 536 1207 1571 1275 668 184 1509 812 1889 453 304 459 737 875 530 1292 626 590 1662 298 1749 1250 8 19 1529 455 656 1449 1204 1658 285 1084 499 1311 117 1267 350 1379 842 1666 907 858 675 1773 895 1631 1785 1954 1053 1017 1302 904 1817 880 1147 240 665 630 1915 1985 456 1813 709 18 1140 1439 73 901 1533 860 715 1205 60 1926 1237 446 676 1190 1097 1314 829 461 667 1179 47 1028 488 1211 1002 233 954 165 1819 257 191 1838 1456 1996 1561 1019 1092 1924 1736 1761 514 1526 1596 1717 1068 1054 796 1200 69 377 525 1320 396 1507 909 693 883 1799 1012 357 1719 223 306 1482 174 727 1899 679 1851 663 1154 877 70 1840 559 1336 1767 136 1695 776 1446 322 115 916 1706 1143 265 683 367 354 1081 193 1458 1614 1398 112 1935 828 114 1624 1626 991 1364 885 1304 1463 121 1469 684 825 863 1667 1178 642 467 1904 756 834 702 1464 1636 1368 726 169 440 1803 1060 1040 32 243 1371 1833 31 627 852 804 953 924 1609 1124 375 1755 172 74 206 617 122 1091 921 1277 870 1530 1006 1687 844 99 272 964 119 672 1627 1830 1163 1391 93 1675 817 1828 56 686 
minDistance: 3.60822
cost: 369488
capacity: 298853
time: 53318
maxTime: 60000
LS1: 17193/18059
LS2: 422/866
LS3: 0/0
shakeIters: 404
shakeLoops: 32
