2.97924:918 3.12826:1965 3.18327:2390 3.18552:2983 3.22753:3469 3.25343:3913 3.31173:4299 3.31813:4569 3.32079:5358 3.44264:6108 3.44383:6615 3.4502:6978 3.45346:7250 3.46307:7570 3.46902:18612 3.50021:24115 3.50102:28558 3.50804:30834 3.51897:32268 3.52909:32441 3.53205:40358 3.53234:42535 3.53349:43585 3.53833:44708 3.5404:58314 
1556 80 1311 1293 1183 996 1689 458 953 1500 1531 1870 1270 432 121 1554 817 160 1371 1983 1915 959 1479 122 1230 1423 453 475 1614 573 1287 642 1248 570 1785 298 401 1565 765 688 414 1954 577 708 617 84 425 707 340 380 1533 1469 520 207 796 1768 753 206 1649 984 773 1417 804 793 904 266 58 1284 55 1274 877 1645 680 1662 1367 1835 149 1566 136 732 128 683 1363 1342 357 1240 1786 51 364 327 185 1403 1797 1912 1874 198 1118 424 1142 1773 508 527 1888 828 1598 74 1801 1838 1706 1540 1051 599 465 1789 879 1530 1122 672 702 1455 1204 1583 1471 22 505 1106 50 117 1552 643 1561 576 1726 812 684 1495 1067 901 1226 322 60 947 1453 411 1814 661 1741 1464 191 1873 193 1569 1463 1386 1130 63 1667 556 1852 1211 1034 616 1208 392 1012 963 295 831 381 1904 1168 88 240 397 264 1194 20 837 934 1346 1454 1030 1951 1739 450 257 133 544 1761 1267 331 1819 69 1507 687 1437 243 1330 889 1304 1506 1002 1686 1080 153 1489 1626 480 1790 1408 1361 1376 1475 1933 906 751 944 374 1742 492 1687 92 1491 1899 1748 626 1320 664 1368 1865 1851 13 119 1438 933 194 1917 615 624 379 1124 30 529 530 608 1675 192 1176 375 1980 1160 1335 1329 863 718 516 1941 785 722 1328 1759 846 351 1318 1402 845 1053 1542 931 457 1111 839 1728 467 1107 536 1072 175 1494 225 1822 600 112 71 1180 1723 1571 1966 499 410 627 829 552 78 807 867 726 1302 287 1006 1084 152 1794 49 459 1949 1178 228 873 1343 1624 1239 292 93 1630 1720 165 657 412 849 885 367 262 1997 1972 742 1446 976 1606 184 73 1415 18 1190 1926 1121 1078 782 776 1344 1570 446 800 604 359 1736 279 1050 1526 811 1237 159 916 1485 550 704 1844 840 315 1273 234 1623 1024 1086 1275 114 265 1523 1364 253 179 332 429 300 883 1577 663 1314 965 534 1419 921 19 1125 1493 227 1154 1207 1040 844 62 1358 727 1059 1985 1191 1422 70 445 8 1901 1596 561 715 1445 28 1100 1112 641 115 1140 964 1456 1799 1828 1221 138 634 1468 233 285 1179 2 1409 282 
minDistance: 3.5404
cost: 369220
capacity: 298764
time: 58314
maxTime: 60000
LS1: 18911/19844
LS2: 430/933
LS3: 0/0
shakeIters: 478
shakeLoops: 44
