2.97712:1119 3.22298:2253 3.22458:2885 3.26103:3231 3.32079:3770 3.39088:4307 3.39348:4409 3.43977:5129 3.44342:5355 3.4502:7945 3.45346:10582 3.46272:11394 3.46307:19091 3.46841:19319 3.47135:19601 3.5261:20075 3.52909:20415 3.53349:26918 3.53728:32151 3.53833:32807 3.53928:35650 3.5474:48634 3.55237:48712 3.5658:51478 3.57381:56505 3.5745:57061 
1350 1606 8 1106 1863 644 459 1343 1475 1444 1453 1737 253 782 1423 318 194 773 1552 568 982 84 1301 1742 149 367 172 198 1050 979 532 1550 963 1237 804 1801 1335 1063 1494 1795 1371 1275 92 1768 504 853 457 1530 281 1190 1368 1933 1935 1726 933 668 27 1657 429 1728 1574 128 1330 1187 412 243 1875 1662 1904 1725 1789 1686 1581 1029 1210 1205 1302 358 292 1463 136 1130 1614 1840 1926 1554 432 1527 122 1376 1211 1896 833 756 354 1328 1207 1051 807 1700 1649 749 1346 104 1745 1456 1545 1389 732 684 1722 1539 93 266 573 1915 1630 115 1551 991 829 600 119 1529 1879 1471 757 634 1836 1837 879 1620 516 1043 397 837 1996 279 954 881 550 1577 1761 1966 49 846 1469 1040 841 564 849 219 753 1593 947 321 327 990 287 1706 1121 322 503 518 1168 207 160 847 114 985 687 18 1464 1501 1 739 1964 603 334 1899 117 1251 499 904 1445 1901 1116 630 976 642 1284 755 69 1034 351 70 1844 1912 1983 1675 1006 871 169 470 1402 1855 1329 812 1720 983 1738 1078 1203 530 414 1361 1039 1526 1947 737 1561 906 1092 901 1655 1555 1656 663 1771 569 228 1364 615 463 112 996 1230 1785 1154 815 1924 690 1273 460 264 1790 1643 536 1194 1489 1438 1495 298 702 742 285 1307 380 1274 467 1512 22 1073 1580 175 599 574 1067 138 1835 314 385 1455 446 425 1140 450 1017 863 1087 1939 1446 1320 1556 897 1229 130 1226 201 1221 572 443 1107 1378 1150 1803 247 866 1569 191 86 1833 1072 1645 262 227 1627 1318 1748 173 883 601 1941 1596 1118 74 1667 1870 80 639 1428 1985 185 1100 1533 184 379 1405 505 1828 375 1179 1287 765 1971 1502 73 1697 1188 1862 931 817 707 534 1637 357 1267 751 401 1723 1306 1204 1112 1500 1030 1521 453 1886 877 964 1358 1032 480 581 1304 531 529 1178 427 1658 1182 674 152 1142 1314 1917 410 437 1975 166 1414 1012 1191 1984 1468 50 1119 842 476 265 58 1125 340 1084 1825 1626 1739 889 1002 1535 1460 1794 816 1980 1442 1409 1638 994 1239 232 306 19 1311 1176 676 1080 1454 1089 1507 96 715 554 726 1200 208 202 1016 944 510 1180 282 1432 1954 1540 844 
minDistance: 3.5745
cost: 369678
capacity: 298873
time: 57061
maxTime: 60000
LS1: 16905/17785
LS2: 478/880
LS3: 0/0
shakeIters: 376
shakeLoops: 34
