3.07875:1647 3.21879:2777 3.22458:3008 3.24128:3531 3.26103:4120 3.27967:5432 3.31173:7431 3.31895:7813 3.32079:8175 3.3387:8548 3.33937:9060 3.35311:11926 3.35751:12674 3.39088:13004 3.4502:13647 3.45881:14906 3.46272:21663 3.46307:21969 
23 351 1915 357 1500 1895 1744 1050 65 1801 2 1037 1354 367 401 1828 500 812 1112 51 1722 844 702 553 1468 801 309 1786 18 459 665 322 811 1545 22 1610 918 425 1555 453 1273 627 530 916 250 1160 426 1550 904 129 821 1376 1030 643 707 858 160 1053 1901 1401 1614 720 275 573 531 1130 1569 726 1739 1426 174 1142 128 246 304 534 69 1227 1761 208 1473 360 589 1453 227 1190 1825 1705 1876 1444 1274 1526 379 845 31 1841 1221 1540 1208 550 1015 1657 119 670 179 70 647 176 1067 427 1773 1624 1179 900 1116 1080 370 375 1954 1113 800 885 1314 785 1924 1897 1974 656 1419 1346 1681 1122 503 1959 1029 159 514 1276 1862 1107 727 1835 115 793 1125 1399 1240 753 1287 243 1748 841 59 1789 1612 684 1118 1380 1926 1087 1536 1768 807 1660 88 1325 1318 976 1724 212 1521 74 1140 677 863 254 1414 728 414 285 298 897 1194 191 831 237 450 49 1737 334 1896 1996 1980 1506 194 944 526 202 1935 1742 601 1476 502 1278 1904 1072 1204 80 1782 384 1237 1301 1858 1127 561 1313 896 1971 2000 1438 1891 1239 642 1645 967 1211 341 1630 652 1885 879 704 840 1471 1442 1245 1933 505 617 12 276 446 1923 1006 973 1593 1398 813 1459 1100 1763 1159 279 445 192 640 817 1065 26 1894 1207 600 39 965 166 207 1022 877 932 364 1606 220 1176 1498 1983 829 1389 572 429 317 380 1329 1495 672 837 520 962 1149 683 1232 1407 536 1379 1552 1863 1687 1856 693 1479 1813 866 623 583 1364 954 849 751 1254 535 1795 1570 93 461 172 1799 110 1979 1333 1491 982 1226 1463 1081 1533 185 1106 828 1154 1167 1912 1182 1893 1153 846 1530 1566 1601 1626 909 1405 933 657 1695 913 1084 1844 1785 1205 1689 121 165 1797 421 1304 138 1947 282 215 1507 875 732 1143 655 715 564 680 1058 1596 1344 1040 1063 1417 382 1311 1997 907 1420 112 46 1010 775 773 1306 1248 1024 287 1675 734 630 300 708 1975 1485 1180 1090 266 1643 842 1672 1917 871 475 1423 1169 964 1581 1307 1852 510 605 262 175 1623 460 687 247 1461 1667 327 1434 114 1121 73 1183 297 666 1762 1073 1131 545 189 1034 641 1544 1361 862 480 499 1649 1966 1613 184 1953 231 
minDistance: 3.46307
cost: 369378
capacity: 298836
time: 21969
maxTime: 60000
LS1: 17976/18877
LS2: 443/901
LS3: 0/0
shakeIters: 440
shakeLoops: 40
