3.07024:1528 3.18748:2416 3.20384:2564 3.24128:2848 3.27613:3396 3.28321:4013 3.31703:4637 3.32079:5026 3.33836:10045 3.34387:10455 3.39348:11099 3.39383:12776 3.43977:14688 3.44183:17935 3.44342:19342 3.46307:21143 3.46841:29935 3.46902:33901 3.47135:34061 3.47986:46816 3.48335:52688 3.50102:56541 
967 1274 1409 1394 1561 1188 69 1623 849 1569 1376 328 1405 879 61 432 1901 983 1006 553 552 314 1318 1008 932 753 1214 668 749 813 1284 990 460 1485 1560 1828 597 1182 176 1287 49 1706 1368 1526 207 722 1221 139 532 627 1509 600 1426 653 95 1195 1966 1917 39 220 521 1858 448 1971 1272 642 897 1403 93 1739 1417 65 1120 159 1251 1347 996 1610 1738 1226 1606 1689 510 1356 1804 253 964 459 666 1420 1789 1564 984 18 284 88 1904 1369 1374 630 1307 414 237 499 250 1980 515 115 862 877 1784 1899 1761 782 301 1358 1106 904 1246 375 643 1768 1052 1285 285 1342 475 265 707 1361 1073 1081 1530 192 570 1245 82 1868 371 503 429 1851 569 1190 1067 494 1912 1203 1119 559 309 322 1213 837 355 816 236 1346 175 1427 1930 1928 550 146 123 31 1612 664 1275 1742 1849 1785 367 1078 1814 1954 1985 1208 453 1842 1112 1695 1 1391 601 1552 1686 1178 1210 615 198 1330 976 1063 332 544 60 316 1002 1116 1455 954 1057 1709 1033 909 1475 279 1471 1149 1733 1797 1542 1626 561 869 1051 1030 228 455 1745 357 709 567 184 812 572 421 1649 1665 1314 1886 1080 657 1207 191 1533 737 1556 84 1675 1645 1204 1130 458 1984 841 185 166 136 1596 1160 1029 354 47 960 1495 1237 380 306 16 1012 1283 334 834 1383 1627 1941 1419 1438 193 1990 688 1717 1329 1240 437 1571 1363 624 806 517 1450 1885 161 1817 1019 385 1335 345 508 650 1658 1122 941 1311 1017 564 947 1458 1118 776 1179 99 1553 1835 938 1682 1915 1493 465 340 1935 1577 234 1469 58 500 742 411 389 505 10 112 283 470 1502 140 1168 1939 30 1879 114 1554 1816 343 684 80 194 704 921 1728 1790 726 732 793 1454 683 1072 1749 1154 1875 852 785 1891 1399 1107 1748 1087 1707 1494 247 1084 1492 1870 527 384 1328 1736 1125 1489 1662 1983 444 853 1273 1202 1101 54 1640 993 254 1205 1933 173 1512 8 456 863 410 1909 1267 1801 756 1810 634 1614 325 1997 873 676 1620 1855 1566 916 1926 1003 1129 1249 1468 687 1230 298 933 1304 817 773 811 1094 1279 881 119 1100 480 903 535 73 800 651 1888 1837 1292 734 1446 718 270 1456 844 1145 829 845 1794 1365 1940 924 
minDistance: 3.50102
cost: 369136
capacity: 298733
time: 56541
maxTime: 60000
LS1: 18493/19417
LS2: 513/924
LS3: 0/0
shakeIters: 389
shakeLoops: 36
