3.09461:1480 3.17772:2066 3.18327:2563 3.24128:2995 3.25171:3650 3.25214:3963 3.26863:4176 3.2695:4436 3.27967:4645 3.30954:5181 3.31361:6767 3.31703:6985 3.33836:9095 3.35202:9386 3.35751:9597 3.3595:9918 3.39348:10173 3.4049:10303 3.43662:10702 3.44342:11953 3.44457:12093 3.46272:13451 3.46384:13886 3.46902:14059 3.47135:18303 3.50021:18638 3.52237:19339 3.5261:23496 3.52909:23803 3.53349:31542 3.53728:33137 3.53928:37595 3.56565:38048 3.57906:39713 
676 1933 1838 761 1335 380 1283 50 1917 1479 1072 215 1855 1358 556 1147 192 1914 1675 1458 23 708 1915 1032 1720 867 1606 1226 1533 1673 1460 1160 1500 1092 1491 1275 1409 18 115 963 845 1556 427 61 96 165 52 84 322 860 1002 449 1909 1012 1797 1469 675 456 1429 401 69 1819 117 467 1924 756 1464 1306 410 455 1980 159 1168 1638 1738 1204 1831 1287 965 1654 1867 1667 30 423 1941 1997 396 1552 1453 1078 842 1205 131 1450 749 1901 1799 690 1561 1207 287 583 1054 724 1113 858 1773 1361 233 406 1346 709 1530 411 1385 1438 1874 155 1037 10 74 49 1179 1655 1329 185 1125 432 1947 1399 1130 1440 71 883 753 1822 331 634 1877 1154 1314 22 1733 1985 1208 119 1371 1251 459 1355 1735 1444 1828 112 1748 645 178 812 1573 480 1364 193 1804 1801 321 198 982 1926 1493 904 785 1875 364 175 1200 1274 485 1386 1196 1237 1768 748 1709 906 1686 55 1118 99 1830 232 429 953 419 1304 877 1106 1604 1213 375 603 1594 1630 1164 1821 1771 644 1645 1284 460 1506 354 811 1230 1535 194 1307 1559 884 1975 1817 184 1116 1454 828 600 582 1442 695 707 829 414 1495 450 160 334 1086 1502 511 1601 500 499 424 1996 504 879 643 1150 1140 317 817 1507 265 1564 1623 1455 796 1019 1935 776 357 1391 704 931 1526 1143 1084 1719 1188 1863 306 367 253 871 663 1922 244 1825 1888 1966 172 1463 834 1229 1705 1737 1107 687 1649 1489 191 164 189 1176 941 1053 1706 844 264 1613 991 1112 1569 976 1060 1342 782 1211 279 1191 1081 1728 1356 550 243 1624 849 1318 202 723 1227 1726 166 1180 1866 446 732 536 1712 304 751 121 534 1328 1311 630 28 1437 1124 1006 1636 445 88 1870 1145 668 661 1040 1405 1795 1835 1689 1789 1899 1912 1536 297 613 60 285 340 1614 1954 51 1785 1034 1846 1024 1544 1039 1100 1983 1407 122 1739 824 683 1028 623 737 73 1 1239 1742 27 1240 1367 616 1182 1368 1904 343 1330 1570 666 1350 1067 1033 31 1051 1050 440 773 865 1194 715 1626 1190 1333 80 421 897 1178 1540 726 114 934 206 1790 916 1554 1389 1585 718 863 97 530 174 964 1158 
minDistance: 3.57906
cost: 369098
capacity: 298885
time: 39713
maxTime: 60000
LS1: 18901/19793
LS2: 424/892
LS3: 0/0
shakeIters: 434
shakeLoops: 39
