2.98541:1013 2.98805:1262 3.09912:1762 3.12826:2392 3.19421:3130 3.21198:3768 3.21773:4531 3.28456:5491 3.30415:6206 3.30954:6477 3.31703:7461 3.32079:7840 3.32588:9457 3.3387:9704 3.35311:9819 3.35751:10436 3.35946:11169 3.39901:11619 3.44183:12190 3.44342:13702 3.44383:15291 3.45881:15835 3.46272:16215 3.46886:19255 3.47135:21385 3.50021:22855 3.51897:23017 3.5311:23775 3.53234:23926 3.53728:25038 3.56437:25797 3.56565:25974 3.5745:27163 3.57906:36714 
1748 508 1248 871 71 1786 1368 1358 1251 1985 1275 166 1560 236 1493 1723 424 643 884 1080 1230 964 742 1706 568 1738 1739 456 1034 782 185 867 671 889 1017 1566 1208 504 965 340 583 1464 28 279 364 1901 933 1052 658 1612 1401 776 656 531 1552 1636 693 812 12 1371 1131 1865 1903 1460 529 411 944 122 272 756 1529 489 1789 192 1024 904 1438 817 1715 1040 1072 1177 715 1458 73 160 1142 1047 480 1158 191 954 897 1112 574 331 707 1559 1697 1577 1442 117 1364 285 1569 174 1825 1655 1428 1675 262 1469 184 1283 708 152 1106 27 1494 1935 1686 1311 96 450 499 1917 1598 1304 1140 939 1966 1980 165 727 1924 1783 1533 573 888 115 737 1179 530 1249 1473 459 1002 202 1273 375 1051 1507 354 1606 318 1154 684 1983 1801 1019 1926 1063 2000 287 1540 1333 1067 194 1456 215 831 1954 1 1084 947 1284 845 849 1160 334 1795 1594 979 773 895 796 1446 227 266 93 1888 206 352 642 521 1212 1361 1176 1904 56 1979 753 1891 1116 357 876 1328 460 690 1246 1536 640 295 1054 616 159 925 1773 1535 1658 705 1213 306 1130 683 1104 1239 1556 1178 1264 445 1118 1930 1667 1453 1742 298 1402 1380 732 1838 69 516 1314 201 1637 1785 1624 1196 991 1300 1194 1376 397 801 1405 475 668 651 1623 1229 982 1292 1894 367 380 1862 1626 470 1435 880 143 18 807 1409 1630 652 1121 219 1526 1459 1726 824 178 1012 1107 1050 1506 1768 520 211 1875 136 80 1544 253 1097 1468 1561 1182 414 502 264 879 1006 1221 1828 906 1125 600 441 739 1211 1356 883 1041 51 844 1830 1502 1794 1087 172 327 1204 704 114 877 1207 55 1419 1346 379 1596 317 1737 1984 1814 500 92 1495 149 842 983 432 1384 619 1491 1610 1933 1320 1378 1687 1530 685 599 1190 1749 119 1191 1664 49 1580 198 550 341 1695 639 300 885 1912 893 1318 233 1306 1856 265 765 128 1791 1588 1145 1707 1489 1790 534 1375 1274 1570 907 1329 691 175 536 50 304 1100 518 665 713 687 427 901 1258 1970 1728 82 1571 1293 1237 1720 1302 1996 455 1432 112 1343 834 918 70 1471 829 1844 154 837 1385 1797 1799 976 449 1245 1915 1662 153 60 1867 
minDistance: 3.57906
cost: 366068
capacity: 298745
time: 36714
maxTime: 60000
LS1: 17323/18154
LS2: 410/831
LS3: 0/0
shakeIters: 387
shakeLoops: 32
