2.98805:1142 3.22458:2649 3.23484:2960 3.2533:3177 3.26863:3845 3.27613:4258 3.27967:4492 3.28055:5813 3.30415:8617 3.30954:8843 3.42043:10658 3.43293:13349 3.46841:18207 3.46886:18351 3.46902:18503 3.47135:18878 3.47289:24722 3.50804:27620 3.52237:29097 3.52909:39139 3.53892:39323 3.56045:39533 3.56565:45688 3.5745:47195 3.58538:50638 3.60712:55165 3.60822:56453 
1379 207 1361 1917 235 573 1556 1408 626 860 1791 1966 52 782 185 1761 534 457 1689 944 300 1160 70 1328 503 1172 1227 397 1378 160 1612 1248 664 1351 191 1811 1207 389 883 1468 1821 1912 1747 650 844 1980 432 1154 1550 1981 461 583 470 1773 447 84 1333 219 73 728 756 1364 1768 693 1924 380 1817 502 1180 445 906 795 642 16 480 1561 1112 292 93 702 1624 657 1194 1336 492 530 1050 174 1643 1374 1802 916 1446 1500 193 1681 97 1073 1409 1728 846 342 467 285 334 1742 284 1051 1736 1506 1084 1053 1188 1867 1614 184 1590 842 1067 1246 902 1502 424 963 1858 1030 1863 954 1975 1675 1843 907 1662 137 1856 748 715 1833 777 172 1886 1842 1565 1087 354 807 1436 340 1560 276 455 1039 1283 375 1254 973 1368 1623 1626 1456 279 1904 1896 459 1100 616 1536 49 1455 829 1983 1810 1870 453 1 1634 1709 19 1790 201 371 1748 885 1226 1054 1926 727 1950 117 146 1438 1451 1627 925 1012 18 734 743 570 214 917 1121 331 953 1210 1304 220 1273 652 845 962 227 1828 877 122 1498 895 1029 1320 1122 401 1738 438 1475 1596 811 753 460 136 1580 707 99 1204 1107 1274 726 863 937 849 812 1335 888 112 1854 234 1342 1507 1119 1023 921 383 1606 1275 499 1566 1168 1656 550 1655 1081 1835 1058 559 176 1419 475 792 608 683 1941 1470 1380 1734 751 1658 1106 1028 976 1237 684 47 1423 1801 208 173 1464 1706 414 1875 1196 1570 532 28 1215 1376 1453 56 704 1637 1737 121 27 69 1346 1526 749 1954 520 896 1839 1318 379 1125 2 449 1371 757 713 1523 536 1720 991 1358 1314 1554 834 1463 60 1652 1267 875 831 115 1416 298 1797 1444 1306 1229 1841 841 901 381 1221 1545 1329 1211 1540 1579 1953 1795 446 138 1756 1577 742 1114 817 1533 630 1739 357 1735 1043 773 640 933 1530 737 159 1785 1413 601 1645 1535 450 1311 316 243 732 627 1512 1569 600 511 941 1672 1552 1935 1190 1803 1179 688 1017 410 192 1799 1707 1837 699 1915 152 1471 452 840 1118 1899 634 119 322 1509 1789 1593 1933 169 1784 1182 720 1325 425 129 1287 1097 198 619 474 
minDistance: 3.60822
cost: 369125
capacity: 298761
time: 56453
maxTime: 60000
LS1: 17250/18137
LS2: 448/887
LS3: 0/0
shakeIters: 412
shakeLoops: 36
