3.09461:1612 3.20419:2072 3.30415:2754 3.31525:3439 3.35311:3923 3.35658:4135 3.35751:5167 3.39348:6013 3.409:6407 3.40913:6722 3.40976:8565 3.44264:8822 3.44383:11111 3.4502:14624 3.45881:16209 3.46277:18479 3.46307:19647 3.46902:25954 3.47289:26073 3.50102:26683 3.50804:28599 3.52237:31925 3.5261:34183 3.52909:38801 3.5311:42216 3.53349:49609 3.53833:58869 3.54655:60001 
844 453 80 964 223 1401 455 532 1364 1500 1386 1838 1745 1717 1237 1559 1329 715 384 1554 1874 367 873 590 1552 93 1790 1962 1442 739 677 853 944 891 1398 1795 429 1828 1682 1211 1577 991 228 332 1896 1358 683 184 1080 630 1630 1637 1810 1836 1953 707 1870 1328 1553 1706 219 1947 1846 1140 842 841 1891 1125 153 751 753 1205 1019 451 123 227 427 704 709 1471 1251 450 828 1226 1454 973 379 1107 1612 1239 684 690 115 306 327 1378 46 599 1509 1709 380 572 916 424 1662 688 583 1273 1686 1274 846 643 976 1658 1311 253 640 266 341 298 489 192 1427 561 1966 84 934 317 668 748 1178 270 1975 1773 1596 60 931 1318 1797 1191 340 1623 530 1720 1279 708 527 1240 1926 889 1841 737 1749 1368 1789 1258 1051 1855 1902 568 122 1917 658 166 112 1468 1469 1419 1121 1852 1342 933 1624 1814 1909 642 817 1507 1663 906 456 1221 172 900 1355 1412 30 1656 304 461 1446 1803 831 667 834 285 1 58 896 680 535 1006 800 554 1692 771 585 1540 452 516 1034 265 1506 877 1599 1833 1084 849 425 1561 1980 1356 550 1866 595 235 1432 1928 1039 169 839 665 1739 1116 411 811 941 1314 1785 1376 884 191 699 357 1409 663 837 1761 28 1112 494 1742 1210 1325 904 78 1875 1816 1983 749 1380 1858 345 1166 1601 531 364 1705 375 1190 1275 1336 1434 938 114 1939 1399 907 1266 1825 119 1405 563 1867 796 206 608 18 1935 1476 279 1223 1350 1990 1933 1512 152 1844 1154 1361 371 314 208 74 1438 644 1667 1179 1346 1320 64 1964 917 953 1040 1569 1304 159 69 480 459 653 272 1985 1086 1649 1024 68 1333 732 702 449 1207 726 185 793 616 773 173 1067 1227 1626 1050 1287 194 1801 807 632 1728 863 776 1954 1912 987 1886 1464 963 1580 1570 135 243 1113 508 446 1037 772 1645 641 1292 897 982 465 19 1118 1510 816 1015 198 1748 626 847 1526 1164 1159 133 1246 1206 871 202 414 1371 49 1172 1463 100 1614 829 220 875 92 475 331 804 845 1300 1194 573 117 1571 672 1915 1606 264 460 1100 605 1768 1330 1283 1106 859 1533 687 586 1646 1762 1053 742 287 321 1306 1455 600 
minDistance: 3.54655
cost: 367485
capacity: 298860
time: 60001
maxTime: 60000
LS1: 17798/18655
LS2: 434/857
LS3: 0/0
shakeIters: 394
shakeLoops: 35
