3.07024:1284 3.22458:2676 3.25343:4170 3.26103:4349 3.27613:6527 3.33847:7114 3.36358:11383 3.37224:12217 3.39348:12367 3.44183:13352 3.44383:13928 3.46307:14356 3.46372:18793 3.46841:18972 3.46902:21474 3.47135:25659 3.50021:28799 3.50102:29032 3.52237:31222 3.5261:34029 3.52909:37870 3.53349:37970 3.53728:39037 3.53833:44568 3.53928:50272 3.55351:58940 3.5745:60001 
1914 1361 456 1118 906 1624 340 72 1479 782 858 720 300 18 96 835 227 1502 1368 1697 1407 1912 1191 933 1685 1320 737 1511 1614 133 1437 672 645 1274 634 1180 73 251 401 1972 572 1954 1386 590 2 1917 156 817 1237 1637 1247 1054 1893 1720 1512 1825 1423 1492 1817 573 303 1230 185 1507 1448 119 1024 718 1464 112 1623 1560 1112 1215 1802 367 152 1012 31 1001 1491 178 1346 550 232 1649 189 1761 56 504 860 1790 1552 52 800 1181 985 897 1606 577 844 122 30 184 570 455 883 600 1188 1506 1849 1739 20 28 1429 1801 49 1559 74 1785 354 1190 527 1901 885 751 773 80 722 437 753 845 1409 546 739 1941 1814 984 796 1382 690 873 1177 1300 1304 1768 514 1856 849 1376 1100 159 1240 1463 1030 1495 785 726 1865 1158 530 1456 1894 982 1966 1870 334 295 1453 410 1445 149 1314 136 193 941 172 599 1577 1306 384 304 1174 432 583 459 1675 480 1205 1355 972 285 1207 1886 1489 1493 1318 1844 1530 1500 1773 93 1561 704 99 1509 916 947 1117 990 1728 207 1399 1981 1988 1672 1329 757 664 121 776 877 1125 198 445 976 1915 1143 1891 1178 1469 1391 453 1626 429 1726 1335 233 1645 1866 1003 1050 1243 1160 1782 1053 1888 1540 1643 1183 1631 322 1364 1899 616 1929 1686 1106 1438 1736 331 1454 749 1051 1613 1481 1311 262 389 1980 160 1283 630 904 357 1630 298 1533 529 1145 1267 727 343 1078 1072 756 1179 1828 187 1706 879 931 194 1879 1554 446 1667 1875 1040 1478 1004 615 964 450 1526 243 683 1455 1471 1851 1985 1951 1799 657 991 253 1307 516 1904 1058 77 934 1571 27 1821 508 708 1574 321 536 1889 1140 1043 1748 380 71 506 264 1983 128 569 1107 114 715 1273 534 58 500 1154 191 1130 1006 1933 582 1023 661 846 1803 963 279 359 313 1405 1239 1830 460 1935 1556 1947 1580 60 1211 375 166 117 212 457 1419 1874 811 1194 1210 687 1336 1371 1202 623 1569 138 1002 1689 379 115 192 1797 841 195 503 13 414 1990 1358 520 1328 1301 219 440 1716 1142 1742 1333 829 1034 1468 397 1284 50 1909 22 
minDistance: 3.5745
cost: 367627
capacity: 298815
time: 60001
maxTime: 60000
LS1: 19120/20046
LS2: 455/926
LS3: 0/0
shakeIters: 444
shakeLoops: 38
