3.07303:1418 3.09461:1903 3.17429:2421 3.19625:2727 3.21885:3363 3.22298:3722 3.22458:3928 3.25214:4378 3.28321:4791 3.28456:15067 3.31525:15897 3.32079:16084 3.33847:17888 3.4049:18983 3.43293:20775 3.44383:22820 3.45881:25619 3.46272:25753 3.46307:26899 3.46372:33968 3.46841:34493 3.47135:36212 3.47289:36814 3.48335:39094 3.50021:39490 3.50834:39685 3.5261:47094 3.52909:47844 3.5311:52068 3.53728:53313 3.53833:54816 3.53928:58110 
974 1463 1100 1734 817 550 1391 1106 1328 350 883 60 1314 1954 683 1129 758 165 1429 706 1153 1801 88 1087 1614 406 1941 1500 1437 684 114 1667 1097 22 322 80 1529 265 1933 1631 1912 93 1904 1438 147 1342 1361 1060 916 666 465 152 570 1656 1839 1151 867 340 30 1329 1180 1917 306 1320 1143 1613 206 944 1966 1506 829 573 1044 727 84 520 122 1398 1125 409 963 1785 1403 155 202 642 1358 1401 1964 401 1039 1606 1204 1442 457 906 1455 480 574 1364 1248 860 285 1221 715 577 303 1107 97 775 1790 1723 1159 235 58 723 460 1896 1413 561 1233 445 1178 849 357 1980 1571 1491 1226 871 1596 1344 1709 991 925 315 1239 1728 1012 1453 153 70 298 1899 707 1409 1799 984 1975 1756 185 4 555 804 23 693 178 1509 726 364 1915 1040 51 967 1182 1068 875 1054 1555 1889 279 1072 1990 1748 1006 526 1863 1502 1742 486 1368 198 1112 1822 964 1273 976 8 485 891 2 1594 680 773 954 947 1707 380 1833 1601 1593 1561 1376 815 1720 47 1033 800 432 785 1397 297 1034 384 1205 112 831 293 1878 219 1513 375 1649 1570 452 1953 1051 1471 844 1274 1130 1311 600 1237 345 812 863 1951 709 1304 687 1983 1626 62 253 1870 1705 527 819 121 634 668 414 411 1229 1002 1645 1869 1569 828 1168 1355 1142 1458 1968 1386 1306 1624 243 904 982 877 661 71 1867 334 529 1773 665 1675 858 1789 1554 174 1423 695 664 1140 1840 897 292 1527 459 1544 264 300 28 901 753 1566 1371 456 1552 1300 704 702 1028 49 191 1240 1526 1177 751 1533 1347 69 232 233 184 1469 1024 880 907 175 1489 488 1084 845 794 73 56 262 1160 1507 776 604 325 499 1078 371 1540 1275 1346 1283 1118 1971 748 605 1350 630 99 1817 506 1307 1658 553 1050 1207 649 1267 656 193 192 792 1623 1556 1194 354 873 381 172 1405 169 1330 159 1080 793 1662 1464 117 492 1875 1998 616 396 1717 429 449 412 1747 367 1445 119 1191 1415 450 983 1719 115 796 1828 1015 578 708 179 1081 1 1585 514 1976 1179 1838 996 50 207 1914 1446 1542 500 1251 1211 1687 837 643 556 332 455 1030 672 
minDistance: 3.53928
cost: 366126
capacity: 298764
time: 58110
maxTime: 60000
LS1: 17658/18530
LS2: 438/872
LS3: 0/0
shakeIters: 402
shakeLoops: 32
