3.07024:1455 3.09637:1907 3.09912:2100 3.27215:4125 3.27613:4261 3.30827:6527 3.30954:7101 3.32079:7333 3.3477:7629 3.35069:7929 3.35143:8178 3.38917:8753 3.44183:9227 3.46902:10335 3.50804:10712 3.51536:11539 3.51897:13421 3.5261:13869 3.52909:14155 3.53349:29535 3.5474:33550 3.55351:33754 3.56437:36563 3.56565:37172 3.5658:39684 3.57275:48980 3.57466:49093 
56 1251 46 80 1570 532 870 1566 1346 1226 1287 1004 1561 748 172 1378 1924 935 247 1954 1234 1240 727 796 1479 1941 1182 1359 1814 749 529 207 603 1886 695 1006 1012 135 303 1846 1053 944 657 732 1247 1489 1446 285 1438 270 96 1773 726 60 984 411 647 934 1917 751 1463 897 455 1050 1910 527 982 736 1662 1858 1237 84 704 1606 724 508 1299 853 304 47 1825 427 1624 922 1191 1526 232 194 1838 1023 904 1119 844 1983 396 1521 1142 1745 1797 906 1453 1033 1947 688 576 1811 1875 753 1401 1318 739 1333 583 877 1533 1554 1768 1086 817 1468 1320 61 265 193 1267 1230 1667 1031 1293 1512 845 1645 18 1738 70 1802 1614 1556 1816 873 953 1021 49 175 1742 1874 460 1469 1821 967 1213 963 92 112 1130 1471 153 1328 1705 627 1552 1739 705 1569 1980 1273 1530 618 708 1292 1399 1356 470 1863 964 1891 1456 837 585 901 559 1178 1930 31 1657 354 1833 1652 1502 279 1306 600 737 889 1210 1985 1106 1194 1030 1179 334 159 1559 1284 1094 665 1649 1417 510 756 1841 1721 27 1427 1785 626 653 1386 1409 1709 941 831 1689 272 569 1728 1706 771 1361 667 1653 1147 1190 996 1577 185 1801 380 1371 1896 1450 1039 1380 1866 1542 568 1304 1154 2 800 615 69 1311 1011 198 668 250 1638 1445 811 1663 414 683 340 1270 58 1789 121 379 361 375 1358 115 663 1 461 1749 350 1540 1112 1626 976 306 684 99 1673 1084 643 1612 1249 1398 1120 1158 632 931 1040 114 1034 1627 863 16 170 1168 1861 1125 1855 1565 117 1640 30 1126 385 1118 1160 1870 1966 1686 429 1449 174 841 1376 1984 19 1314 219 440 1935 1330 243 184 1899 357 1239 644 191 381 384 656 1830 734 1368 1473 812 1837 1761 923 1121 1580 450 757 1364 1939 634 1207 916 807 325 1211 742 1912 1601 534 834 122 1783 1214 1145 1879 71 933 550 1550 1675 389 1072 1100 1002 813 73 97 437 907 499 201 63 254 1904 1379 367 160 1507 707 298 192 1971 1914 1455 642 1506 1274 1442 119 480 1176 1342 1623 1458 1432 1107 1019 1177 1150 1707 1051 596 1500 1571 1200 93 123 1116 1926 489 1329 1767 1248 690 1844 446 
minDistance: 3.57466
cost: 367597
capacity: 298744
time: 49093
maxTime: 60000
LS1: 18765/19623
LS2: 384/858
LS3: 0/0
shakeIters: 447
shakeLoops: 41
