2.82302:459 3.09461:1484 3.09827:1886 3.11551:2224 3.18902:2815 3.21098:3309 3.24128:3888 3.27967:4179 3.29928:4772 3.30415:5062 3.3387:5251 3.33937:5539 3.38991:6972 3.40976:7644 3.41044:8748 3.44342:9401 3.44383:11023 3.4502:13298 3.46307:13640 3.46372:19629 3.46384:22413 3.4674:22905 3.47135:23889 3.50804:29339 3.51217:29621 3.52909:29707 3.53349:34989 3.53928:41370 3.55351:47856 3.5745:55289 3.5806:55527 3.58319:57331 3.60163:57516 
172 265 1500 1068 99 1801 708 152 642 944 550 1655 1841 1981 1863 933 1248 1722 358 1692 849 1941 1666 1856 690 1012 1479 1562 424 1521 1335 364 33 475 215 1935 499 1263 306 446 1790 18 38 664 69 1453 175 1084 434 1819 227 1720 279 160 1346 492 726 1728 1154 1748 1029 1442 918 1627 1870 28 617 728 514 451 1179 1 1550 729 635 630 858 1569 688 808 520 1501 247 1229 573 727 1205 112 569 737 1930 1318 1274 1221 1150 1594 704 529 1733 1105 1051 1336 437 1358 1596 931 1904 1361 1802 189 379 1006 1529 954 1980 574 128 367 317 1190 577 1571 60 718 445 1100 483 340 1011 1106 1891 702 500 1783 243 1739 198 1842 1405 1475 480 1040 841 552 22 389 1016 114 1034 1833 1058 1142 253 207 504 1624 1535 756 819 74 782 191 1762 1329 1455 47 412 1160 844 715 751 771 1376 1566 354 634 1432 1552 963 1773 1033 117 1371 1107 812 401 1600 1614 1560 1409 1966 1782 1491 1675 1311 361 55 1984 845 429 1626 73 1080 375 219 904 1901 1211 891 1320 334 1119 666 1899 1643 1507 96 1230 88 1985 1939 1990 804 1226 546 1803 1511 953 1468 1791 1660 1667 773 1446 234 1533 687 1652 906 1686 658 983 49 1623 1304 1464 583 1200 603 1747 1243 184 1050 1125 1954 632 871 1938 1735 1895 1662 1140 1273 941 1328 1093 511 1073 1471 964 396 1570 1593 397 793 1555 1350 508 1237 900 1207 815 380 2 240 883 1385 1556 1208 174 1785 51 432 122 178 119 1031 1438 34 202 97 1706 1509 1178 1428 972 1469 503 817 1737 1894 1382 56 357 1962 530 1427 684 1314 193 1210 1561 80 564 322 298 1742 1512 709 1078 502 842 1112 1858 1182 757 1067 1896 1544 716 1191 749 1657 1502 1912 976 1540 1126 1572 1118 671 853 136 916 1391 1828 1180 1926 1825 1844 829 1975 879 860 1458 166 896 1826 734 450 455 665 1027 615 722 1996 93 459 1434 71 831 411 1367 159 1577 877 707 115 1002 1917 693 1536 897 1386 984 106 1971 1797 351 1368 895 1645 1784 676 1130 1429 1526 837 613 149 1375 489 192 121 534 70 1463 460 1530 668 505 1631 1039 1817 300 991 1606 1251 1423 
minDistance: 3.60163
cost: 367299
capacity: 298775
time: 57516
maxTime: 60000
LS1: 17753/18677
LS2: 479/924
LS3: 0/0
shakeIters: 412
shakeLoops: 35
