3.24397:2580 3.25343:3094 3.27967:3561 3.30662:5017 3.3123:5812 3.31525:5925 3.35946:6518 3.409:7298 3.40976:7470 3.42228:8079 3.44342:8450 3.4502:8942 3.45881:9249 3.46307:9460 3.46902:27151 3.47135:27512 3.47474:30622 3.48385:32551 3.49809:32689 3.50102:32931 3.50804:33027 3.52909:33552 3.5311:42158 3.53349:42343 3.55351:43159 3.57174:44411 3.57381:46022 3.57466:48482 3.58538:57390 3.60987:58553 
954 1745 97 179 236 191 1627 1978 1954 1369 475 117 1779 1857 1828 165 28 1614 396 1875 1624 1533 1797 1032 1469 1095 577 1917 1631 1719 645 175 1578 1509 1356 1200 1801 1544 1273 1530 1368 642 195 375 304 1321 440 73 847 1188 707 881 627 1637 811 896 1907 1182 367 1202 262 871 371 632 1749 1012 265 1912 1997 737 56 295 80 1 1468 288 901 115 1380 930 69 1964 350 1821 1238 1179 485 354 1177 889 1837 1540 159 332 1072 782 909 1658 1030 174 146 1409 1596 812 1886 1983 1495 1168 831 844 1275 452 1810 459 253 300 1230 1689 1630 208 1675 976 1728 1966 1118 1747 114 1160 380 722 1842 23 1227 1742 1571 1119 78 668 1091 1163 306 152 1028 742 434 726 1040 1300 1556 49 1097 178 1034 1803 1904 1838 1626 508 1865 357 688 1453 1667 1706 1700 1060 204 683 155 1771 1830 1305 1733 504 1739 1274 944 891 500 1113 1606 1851 58 279 470 690 753 773 1446 457 1386 1084 991 1885 1208 1351 953 603 963 863 446 787 530 1463 1773 331 813 1929 657 285 1662 1276 1325 1846 341 1358 1482 880 193 785 1782 1761 1454 1149 63 1790 1569 1006 842 924 550 846 1311 867 30 600 775 1376 136 397 1226 1248 1267 527 849 941 837 925 1493 815 771 1190 1990 1207 1634 1985 185 1672 1125 1521 298 1849 709 1278 532 119 246 1799 1736 531 1554 1378 883 383 1108 84 702 727 1471 1561 1314 1748 585 427 411 1980 1915 1335 460 1346 568 1073 1329 1645 1926 1318 1211 1017 1303 964 410 1565 1367 1187 166 499 264 340 364 1552 244 1526 634 351 1292 1100 66 318 1720 965 873 112 198 272 1251 1194 1841 829 1427 74 282 877 1051 857 429 996 315 480 1122 1655 18 1107 897 960 860 1342 1649 1535 1502 247 749 88 1043 128 414 1738 1121 449 583 1196 1183 86 1785 1438 1178 630 1768 1112 1455 1277 715 828 916 1703 254 172 982 1445 904 1933 1364 456 1804 450 1507 1457 1229 1817 1240 184 1935 708 461 1302 1858 1328 284 1456 453 534 1361 520 160 412 1879 574 169 201 243 1423 1612 60 1952 432 1067 1580 1856 1154 973 796 202 1080 1106 81 1450 
minDistance: 3.60987
cost: 369208
capacity: 298754
time: 58553
maxTime: 60000
LS1: 16492/17359
LS2: 449/867
LS3: 0/0
shakeIters: 387
shakeLoops: 35
