3.06929:1450 3.07024:1566 3.09461:1773 3.17772:2357 3.22458:2687 3.26103:3327 3.26174:3796 3.27586:5175 3.30954:5981 3.31703:7170 3.35658:7545 3.35751:7901 3.35946:8012 3.42043:9704 3.43977:10726 3.44183:12661 3.44342:12911 3.45346:15050 3.46841:20581 3.46902:20928 3.47135:22714 3.48335:23025 3.51843:23390 3.52237:24669 3.52579:44420 3.5261:48890 3.52909:53290 
739 49 152 1980 300 793 817 1749 853 458 298 358 485 1506 172 374 1865 1053 1802 907 1489 1249 1034 1 1874 811 695 1149 1500 1742 1614 1204 1279 1335 724 704 1797 340 1922 1990 640 1559 1554 663 1094 1888 932 879 688 1054 1810 367 243 1886 1926 1198 1475 916 577 65 1533 1448 782 1456 1292 1855 1564 847 251 1237 19 1030 1320 1720 69 1468 1971 1307 652 1050 829 1966 1830 1540 722 1773 1904 1453 1715 1206 446 445 1896 371 1409 1768 653 967 1438 1481 1789 1190 1985 112 1512 1662 840 375 1570 1612 1912 1140 550 959 516 732 149 1179 683 1210 532 1058 1913 510 1427 1087 239 1927 901 1067 381 964 1624 1111 641 1023 1596 1002 680 1545 702 114 1463 58 73 1709 424 1349 1577 1875 1552 1350 297 99 71 1374 953 50 264 385 1372 601 1177 1638 536 863 159 92 987 1501 1311 1368 209 78 1445 235 272 322 1446 904 1380 192 1941 1051 1112 608 2 1399 1728 198 1739 1432 201 642 804 1160 1118 1188 1121 1984 934 993 80 1361 1593 1314 1328 202 1675 332 1169 1293 480 1119 1801 768 1342 1673 1371 2000 1106 1707 1278 749 554 1080 414 1569 220 871 265 726 841 153 1686 357 136 1047 837 379 1071 751 1364 254 429 666 756 117 527 1649 831 219 1860 1182 456 1856 1783 1939 1785 891 1947 457 684 1685 844 1024 1695 1623 1899 1039 616 93 559 470 1643 459 1402 137 883 1129 1526 1015 1379 1917 1100 742 18 1996 1586 1606 380 1378 1794 378 828 1870 1689 1626 1006 1405 800 369 279 1284 985 1168 1306 530 1761 1226 897 262 889 1155 1885 1240 30 1790 1194 1988 207 1866 345 750 432 773 410 232 755 849 301 1933 53 389 492 1580 727 1556 877 396 1795 1502 1274 1257 412 406 185 1261 1072 753 1304 1012 191 1287 1029 1116 1283 425 583 60 1561 1423 529 350 634 1040 699 1103 1935 228 776 1125 1471 1248 1107 846 1376 1329 215 1262 976 1336 1954 1879 1786 1645 1530 1723 1273 737 1019 1736 1983 1711 1915 615 1153 1207 1017 599 1478 703 1930 1485 160 991 1120 1571 1178 1656 72 590 1849 806 561 1479 947 708 488 1230 845 1681 644 603 1862 600 1498 27 450 1205 317 1839 285 573 1154 465 455 321 383 84 427 1275 503 1748 
minDistance: 3.52909
cost: 370041
capacity: 298800
time: 53290
maxTime: 60000
LS1: 16730/17565
LS2: 436/835
LS3: 0/0
shakeIters: 372
shakeLoops: 33
