3.07024:1452 3.08084:1638 3.20983:3097 3.21879:3410 3.22298:5185 3.27215:6846 3.27613:8173 3.27967:8316 3.30415:8752 3.30954:8983 3.35751:10260 3.3595:10738 3.39348:11157 3.40976:11435 3.40989:11608 3.42043:12502 3.45881:12890 3.46886:13183 3.48335:14011 3.5261:14393 3.52909:14675 3.53349:22434 3.53833:29544 3.53928:30891 3.55283:34526 3.56045:36823 3.56437:46154 3.57466:53664 
1917 184 1500 1143 715 1984 84 617 1306 88 1569 1471 906 172 1423 1720 455 1570 537 904 1403 990 1187 944 600 192 1702 888 982 755 931 322 1336 1040 963 169 577 553 1154 1356 1526 1380 751 903 1801 506 885 776 737 1761 1427 232 1630 1737 883 1771 934 1446 815 1389 1728 50 219 122 1883 1450 632 243 1672 1254 1160 1179 1475 341 525 115 1689 1307 726 867 467 1130 520 1358 1980 93 1903 1361 1533 1178 1935 414 453 1797 534 713 128 380 879 1933 1739 450 817 771 1995 317 1540 1371 1239 56 916 933 1368 1613 1050 207 1552 73 1560 354 684 1205 642 136 1011 1409 1976 80 191 446 1412 984 431 1002 921 1888 619 287 844 1330 773 74 1191 1463 723 1485 618 208 1438 1814 318 401 1768 357 1468 1034 406 1328 410 1624 749 1346 1831 1299 1395 264 1464 1168 303 396 427 1435 1251 796 556 687 1536 1263 882 1507 1436 476 1051 1226 1951 1627 1314 1673 279 1653 371 297 1364 1188 1799 16 1100 902 724 1333 1530 265 1748 30 1830 1706 1562 1439 364 489 849 1686 993 897 1107 334 1741 1274 361 272 546 375 1828 873 1489 1151 1681 387 1066 1863 1623 901 1054 837 1112 1561 1237 119 1250 1606 615 198 1304 1329 175 1311 863 1773 1886 1643 295 811 793 1210 611 1106 1947 1113 300 61 804 1114 1554 389 434 1276 1399 8 1658 532 325 1596 1 1544 22 518 889 1118 1983 253 1794 1208 381 1631 813 1614 1342 429 1320 18 240 1861 1715 734 503 1140 1072 1904 1283 550 666 1221 179 1502 1273 1243 352 782 425 460 1401 1419 1954 1190 1966 499 1556 1938 1577 60 1785 1912 831 1073 480 845 70 630 840 657 112 1145 298 331 1405 1207 1810 152 1655 1407 458 1012 1889 117 262 1782 174 1790 1703 27 1675 727 1804 1043 1817 1454 321 432 1103 895 634 1284 1722 1909 1896 672 1159 1735 1509 1391 1742 160 31 69 1551 1626 572 343 896 514 842 1318 411 1512 847 1227 1926 1006 1374 1590 1125 1571 1442 1711 707 991 10 28 340 1432 1682 114 1874 535 1482 1455 1084 877 860 1745 1645 49 1229 193 1177 459 1747 214 1196 1762 1837 276 1275 812 1600 1506 846 941 1697 1183 1663 285 1870 1169 456 
minDistance: 3.57466
cost: 368015
capacity: 298840
time: 53664
maxTime: 60000
LS1: 16858/17748
LS2: 484/890
LS3: 0/0
shakeIters: 378
shakeLoops: 33
