3.06929:1711 3.07024:2187 3.09827:2562 3.1575:3031 3.18748:3549 3.25171:4334 3.28456:5140 3.33847:7355 3.35751:8108 3.39348:8827 3.39383:10598 3.39901:10765 3.44183:11166 3.44342:12291 3.44383:12618 3.4502:12877 3.46272:16659 3.46307:23673 3.46384:40392 3.46902:45704 3.47135:45954 3.50804:46581 3.51217:46761 3.5261:46953 3.52909:51419 3.53349:59424 3.53833:59566 
1438 704 1935 1783 1790 1675 680 847 475 1200 901 964 73 1355 350 906 172 1248 1330 1158 776 1160 354 1100 357 192 520 410 325 1983 1828 1468 1773 375 1623 505 1017 78 1507 1364 1493 285 1304 1495 165 664 1821 599 860 976 965 160 1556 202 885 793 112 1275 136 1122 1182 713 1386 1506 1851 282 1292 1453 18 1985 272 844 765 1274 1742 1196 1083 70 550 1901 1237 1226 191 1050 1716 1726 908 1912 1874 813 934 1407 877 1336 750 931 1533 446 794 1672 972 559 1544 737 1195 429 449 1320 58 1227 511 1530 1643 708 378 1401 1784 1486 1263 1309 128 1432 425 1056 117 1980 1371 69 1251 480 1846 889 1300 488 499 306 1080 1865 863 1566 1645 1116 534 1799 295 808 432 1188 753 904 370 1378 817 553 1866 699 74 450 1500 56 1502 345 626 379 1748 1686 30 1471 1706 1737 1034 1015 561 223 411 600 1598 1434 1701 1581 782 461 1442 1051 1040 726 732 1786 707 1106 1490 1455 1446 1239 718 590 406 1240 1576 1822 1637 1695 96 456 715 1257 1689 1043 1178 247 1875 1287 742 812 657 206 1801 1325 603 668 749 1667 1926 672 1924 849 1569 1572 788 1067 1176 1655 687 1414 84 837 138 1899 443 1841 994 1649 1749 573 1262 219 279 1927 1552 896 1719 1653 23 1230 194 796 1084 645 1276 811 953 1870 174 842 1728 297 824 467 1469 1559 476 1191 1198 1479 309 414 380 460 1624 1112 1019 979 1768 1403 1593 1361 554 1571 632 630 1113 122 1307 1118 828 1172 465 1314 49 1785 991 1107 332 756 445 1342 115 1554 88 627 1267 1930 709 93 1329 310 1208 207 298 1739 1966 1409 1954 19 28 773 751 1179 254 944 1399 897 304 151 1376 771 2 1283 1606 941 92 1933 1626 1535 1229 702 984 516 866 412 123 939 556 518 1328 727 1886 1129 340 71 459 846 1368 634 1862 318 1840 265 1904 119 1810 1125 1140 114 845 233 361 492 1121 1286 1562 973 508 264 1211 1379 503 879 1835 243 1190 1996 1789 452 1375 831 1119 1560 8 72 867 1346 152 135 1006 1703 175 1207 1012 661 1761 1205 173 1273 1941 1561 198 166 1501 331 397 1463 1825 1154 364 227 234 1614 1380 1247 
minDistance: 3.53833
cost: 364947
capacity: 298774
time: 59566
maxTime: 60000
LS1: 17353/18191
LS2: 416/838
LS3: 0/0
shakeIters: 394
shakeLoops: 35
