2.98541:1208 3.06929:1652 3.1575:2184 3.18748:2522 3.19625:2673 3.27574:3721 3.27613:4681 3.27967:7376 3.28243:9995 3.30415:10114 3.32079:11653 3.33836:12249 3.33847:12551 3.33937:12836 3.34172:12929 3.40976:15626 3.44342:16714 3.45003:16964 3.46307:17082 3.46365:20008 3.46384:21136 3.47135:27082 3.51897:29454 3.52237:36777 3.5261:38785 3.52909:42231 3.53205:53584 3.53234:54430 3.53833:55406 3.55351:56951 3.56045:57035 
1768 510 1606 782 621 1479 1187 726 1017 1067 885 1468 835 844 661 715 637 1191 1922 1024 924 776 1861 1427 30 918 1160 354 1899 73 18 1320 1118 1409 1601 1456 382 1455 1306 1107 1785 1053 1367 1739 227 1463 47 561 1722 785 539 449 812 1521 666 31 600 1706 1997 64 689 1376 1040 756 1237 896 841 1526 1645 880 1329 1436 1901 112 406 1838 1626 1251 279 687 1983 1374 55 1533 211 184 1081 1016 1092 1012 306 173 56 603 1636 1509 529 1275 1749 223 1207 1570 1723 23 149 817 1368 1154 1292 1742 1168 737 1471 1581 1614 198 375 772 1833 84 632 727 1011 1333 427 1976 656 51 1624 377 371 1709 1702 1355 933 683 1361 732 295 877 1239 49 192 879 1182 1267 1335 1311 1801 207 765 1371 837 829 1895 432 630 379 1314 530 1299 174 298 757 1221 1248 332 550 672 411 1507 991 322 536 1356 99 707 559 643 70 72 1602 315 901 1214 521 1561 1797 1745 1728 446 1342 1656 1912 1274 1080 155 1254 1002 1142 410 1328 1980 1476 1230 505 1464 863 755 1211 499 1485 1414 1891 1276 842 1662 904 925 1799 357 1910 954 1100 1773 236 367 208 119 1966 814 1446 1015 74 1125 247 1106 1195 117 1852 93 1129 1196 1748 713 834 657 1695 1194 1951 1529 695 243 1453 172 1930 1084 146 458 1030 583 553 534 882 753 1672 1933 176 931 1032 793 749 1862 1273 508 1143 668 1399 78 340 467 658 222 1915 889 1121 813 287 124 97 684 475 965 1229 395 1699 909 122 115 1649 488 194 1789 804 69 773 1459 514 1454 1941 1790 888 739 1450 262 1835 796 1304 450 1179 114 233 264 1867 771 1560 1858 240 1825 1163 165 1501 152 1122 1569 1655 916 1226 1686 996 1458 881 159 1828 1700 506 642 1006 381 1378 702 249 265 1954 351 1904 1190 1072 801 1947 1498 1841 1566 1971 1571 1784 1719 160 1793 1034 1386 461 1856 1438 480 1130 1996 537 380 1442 1178 378 1246 1112 1379 883 453 191 1552 708 456 1364 1675 285 327 1610 27 20 1019 815 309 220 1475 1559 80 619 897 527 1544 849 1817 1761 460 1491 1979 906 1924 520 276 1405 425 1926 185 1917 1435 1596 612 396 1935 1506 
minDistance: 3.56045
cost: 368654
capacity: 298793
time: 57035
maxTime: 60000
LS1: 19652/20561
LS2: 422/909
LS3: 0/0
shakeIters: 456
shakeLoops: 37
