3.07024:1442 3.19625:2039 3.27505:2722 3.27613:2841 3.31525:3400 3.35946:5740 3.39348:6052 3.409:6257 3.4502:6692 3.45881:6951 3.47135:7259 3.50804:8475 3.52237:10858 3.53234:13958 3.53349:15601 3.53728:15917 3.53833:19078 3.55351:27196 3.57381:27417 3.5745:28884 3.57466:47091 3.57888:47208 3.58593:50994 3.59425:54596 3.60712:54697 3.60822:57331 
115 1509 1230 1810 202 1962 458 1707 1801 739 300 1485 354 1163 1121 1160 499 812 51 1438 375 1190 1856 1926 687 303 1657 233 921 316 191 1875 785 1570 208 1118 73 1728 1613 1771 122 1182 1844 1935 1672 709 987 1874 901 282 1179 1912 829 1094 1125 61 1095 184 503 1361 114 796 219 1666 429 1226 990 1627 379 944 1966 298 795 367 1675 1828 505 1358 529 172 450 470 1990 235 1833 396 1552 1002 1187 1012 47 380 756 35 1930 569 1023 1243 608 1554 69 707 1100 411 192 798 1450 397 1535 877 726 991 1368 722 285 1453 1154 1530 909 1521 27 1643 70 1456 1033 1371 1507 1612 1840 389 1427 1409 1342 1208 1006 849 1626 963 563 715 934 1200 844 1909 236 964 343 440 1177 1773 1785 160 1446 1306 863 634 1229 1600 1851 1574 1405 1769 1565 1761 935 846 1444 1364 1555 1407 545 1194 432 287 667 276 1274 1529 1439 1933 953 1910 1251 577 1654 60 201 227 1314 1667 1335 924 1318 657 325 1799 819 1078 353 933 1857 1954 1106 897 284 1455 1614 970 265 708 228 1580 423 18 1700 1779 1569 185 1016 635 1638 1259 55 30 808 220 480 1512 331 1032 460 173 1475 1261 434 72 982 1419 166 146 1087 176 1240 232 155 1311 1983 1073 334 1697 1561 1783 128 1211 247 514 615 1842 1637 306 1642 1376 1566 1292 1492 414 1870 683 737 351 1183 871 28 917 1442 446 1814 1789 1107 49 1039 1802 58 1803 1328 80 1631 1119 1178 1468 99 1030 1790 1474 1817 1426 1866 264 149 1084 1143 1743 178 1632 97 1304 1577 119 782 996 1747 1346 159 847 1423 1333 1624 373 1027 837 457 1737 833 1145 777 550 727 1863 520 1482 583 1168 279 749 1303 1463 1914 1273 317 1655 883 842 1821 1720 1869 916 906 112 1904 56 1031 66 1903 1858 445 1556 668 817 664 976 1072 1180 206 684 340 1841 904 1572 492 1526 1153 1188 1058 1606 815 1091 84 1645 1540 865 1917 461 243 1464 1053 364 663 1007 456 630 1896 234 773 262 500 1479 1489 888 570 1459 1877 136 1686 341 1210 1051 1134 1249 198 1996 1739 841 931 357 1938 1379 1649 117 1502 1 410 327 1593 941 1980 1445 292 534 1112 
minDistance: 3.60822
cost: 369717
capacity: 298834
time: 57331
maxTime: 60000
LS1: 17906/18802
LS2: 462/896
LS3: 0/0
shakeIters: 408
shakeLoops: 38
