3.00481:996 3.05943:1525 3.07024:1688 3.13422:2386 3.18552:2718 3.18724:3138 3.18748:3358 3.20016:3600 3.21198:4065 3.22298:4213 3.22458:4478 3.24128:4632 3.25171:5952 3.26863:6485 3.27071:6918 3.27967:7252 3.28889:10207 3.32079:11368 3.35946:12257 3.36966:12840 3.409:13533 3.44264:14071 3.44342:14264 3.44383:14410 3.46307:14619 3.46372:16314 3.47135:16517 3.50102:16727 3.50804:17898 3.5261:24233 3.52909:32920 3.53833:36304 3.55283:50694 3.55351:50781 3.56884:56536 
807 1655 69 960 215 1028 1689 1924 136 262 2 702 36 264 684 1251 858 66 1954 27 1208 531 1053 205 901 1040 33 1106 1742 1527 1479 907 991 1402 712 1179 1468 1376 1306 1428 342 1458 1182 1966 1275 499 1643 925 1304 1398 1861 672 458 450 561 1463 272 1556 574 933 1967 17 389 813 1112 193 1720 1855 1863 680 332 461 67 1570 84 265 206 1342 23 583 1445 1681 1645 240 73 569 873 74 1371 1017 1158 460 340 964 411 1196 1630 429 1851 1019 1904 904 1118 1356 1160 1153 974 1914 897 455 642 1953 475 1335 1536 1625 1761 396 1325 97 1125 676 860 847 528 1997 375 1140 1130 1166 845 380 529 1221 1822 1346 627 427 1190 514 331 713 796 883 812 1495 174 364 1500 30 257 877 1151 550 1003 185 459 982 953 1438 1095 576 765 1526 1596 114 1284 1560 178 297 1983 1768 615 1559 1307 1087 1142 1178 172 732 1455 1507 1858 1409 1544 1288 1530 1328 1801 954 532 1305 1841 829 1204 480 693 1748 1229 1917 1107 166 1773 931 379 1614 1034 734 985 35 1726 849 863 656 1624 885 223 1789 1533 837 737 917 1244 1066 56 686 1844 457 154 1469 1901 445 1464 715 918 1657 1054 1419 1293 844 1273 149 1833 1724 1799 143 397 467 1126 1856 1736 1131 722 1561 1318 1119 1797 1302 1030 1177 93 604 687 1051 869 665 534 1739 1116 300 1535 503 184 1239 1456 1374 350 432 1540 1379 616 842 739 165 1771 530 159 976 513 60 1930 1980 1364 1941 1314 1675 1849 1283 51 78 1407 1952 1100 984 1248 617 1050 644 505 1358 811 1453 1205 304 1081 1729 1779 357 947 55 1368 1878 1267 1828 437 489 1444 707 1506 1737 1042 18 208 117 1211 115 1762 1361 773 1300 1509 1566 683 198 295 80 144 1552 1329 1439 1274 600 1059 756 202 1926 1471 916 709 817 1723 875 1426 483 181 973 1627 1311 160 500 1121 49 191 1811 1287 446 112 354 963 879 831 1350 1837 989 1084 1245 1380 1485 708 1246 367 1194 1450 279 1626 1012 1697 128 1502 867 1783 1600 322 1072 1637 834 727 1446 1785 1143 1207 637 1006 751 1067 1606 414 1899 283 298 119 28 81 1333 1934 
minDistance: 3.56884
cost: 369630
capacity: 298782
time: 56536
maxTime: 60000
LS1: 18647/19494
LS2: 358/847
LS3: 0/0
shakeIters: 454
shakeLoops: 40
