3.07024:1936 3.18748:3049 3.20896:3243 3.22298:3401 3.22458:3597 3.27613:4798 3.28456:5488 3.3123:6410 3.33719:6854 3.33937:8625 3.35751:11707 3.35946:11830 3.44383:12544 3.45881:12944 3.46272:13326 3.46307:17566 3.46374:21710 3.47135:25226 3.51733:28378 3.52237:30769 3.5261:44824 
1459 322 1786 47 414 1852 1214 264 189 1163 152 1346 18 1015 1728 652 1374 1357 931 1596 963 114 354 311 287 846 480 996 933 708 240 475 96 1759 1719 1915 1376 1116 1407 1023 2000 233 939 552 382 1561 634 378 174 1460 1024 1113 1773 1606 709 1737 1168 1403 410 1715 1783 112 982 755 699 510 1450 1248 619 355 1283 965 1802 572 1910 1612 1825 1988 954 192 1304 1863 726 194 1438 1640 1329 1761 56 133 30 301 69 117 1706 687 831 321 742 1524 84 964 785 212 257 279 162 27 130 1402 925 849 559 50 1227 1846 663 570 615 707 879 1559 254 1471 191 316 1581 175 1050 1226 1335 1785 1445 1835 1726 306 1140 811 1179 690 207 1700 727 863 1371 198 1554 52 340 1239 817 1178 1386 1405 1172 666 358 1624 1530 1689 243 136 1855 1409 676 737 1391 1533 1350 1204 1187 1318 49 991 1799 1768 215 1275 285 1972 1782 1656 844 1107 1941 505 555 605 881 1649 54 1279 1442 1924 1080 1211 159 1463 462 1100 432 1888 1101 1423 1207 128 1446 1665 1864 1565 1466 1790 1481 115 1917 796 1711 1562 93 661 456 1142 576 1106 906 1495 1293 455 1742 1980 718 227 119 1 99 1971 1707 165 1012 1610 429 1643 1426 1896 722 1500 327 1569 445 1478 1274 185 1797 600 1829 1901 1380 1067 1368 202 688 209 1333 438 664 644 888 1801 88 1361 897 900 1904 446 1311 1862 156 556 976 1699 1200 332 1473 464 219 343 715 904 78 1899 877 1367 380 460 1118 1491 1160 1342 1028 1655 1580 58 535 871 504 1983 1176 669 1287 1419 595 51 1009 732 357 773 1675 379 1180 1468 1444 1053 621 751 804 1762 776 1552 1249 1112 1795 1188 425 1872 1489 375 537 1325 1844 749 867 1506 1926 1570 23 1479 1267 1933 756 1006 1975 757 1251 1314 1856 1456 247 1895 265 1347 1124 39 530 782 1475 1277 1237 469 536 297 684 768 813 1190 161 1976 262 503 32 1935 183 508 381 646 1626 411 829 1966 1273 1771 73 875 1947 506 680 253 124 807 672 753 461 465 1094 276 642 367 172 92 1540 596 1526 668 1870 1556 702 1954 947 346 1154 65 1634 401 1723 1507 1657 1119 574 515 1030 1043 1191 298 561 883 1912 396 793 100 1437 122 873 1328 683 1789 
minDistance: 3.5261
cost: 368299
capacity: 298756
time: 44824
maxTime: 60000
LS1: 17428/18256
LS2: 416/828
LS3: 0/0
shakeIters: 391
shakeLoops: 36
