3.07024:1696 3.20384:2748 3.22298:3010 3.22458:3125 3.23484:3367 3.26103:3743 3.26174:4002 3.27586:4507 3.27613:4602 3.30415:4812 3.31173:5224 3.32079:5571 3.35751:6011 3.46307:6601 3.46902:23525 3.48335:24589 3.49809:24858 3.50102:25134 3.50834:25865 3.51536:27342 3.5311:28997 3.53349:39953 3.53681:40912 3.53833:49740 
604 46 1446 1382 295 1398 907 1593 1489 527 993 1761 713 1195 1006 1180 1928 1799 1742 1449 285 1204 1012 989 724 1158 51 1140 1468 846 30 1501 709 828 378 1257 1706 1649 916 922 185 1194 1081 1361 1400 1207 1229 1947 1376 367 1125 303 1783 300 2 964 1705 207 856 965 702 1717 382 515 1623 1283 1318 1984 202 198 304 93 192 1804 641 1091 1817 1581 875 341 647 1656 115 570 1790 1500 119 1561 918 55 1391 1576 1926 632 1552 479 429 996 947 1371 727 460 401 194 837 1328 1460 1962 1675 1273 166 1701 1237 824 1143 572 1002 1346 1039 184 844 411 672 796 220 191 1216 1107 564 1634 71 777 1797 574 1735 117 991 1453 1904 734 100 576 1667 1314 1482 325 321 554 1556 954 489 23 867 1858 209 1448 1094 1507 1810 1550 1249 897 1626 704 408 1364 1601 1726 103 159 739 154 845 1123 1160 1822 450 1438 944 18 1526 1066 121 532 1442 982 1910 69 1213 1151 1344 279 1570 559 152 265 817 1833 1773 811 322 776 1502 248 715 357 1464 553 1699 561 253 243 1533 1359 573 1471 804 1122 1131 485 665 1051 1954 327 1084 1297 1455 1951 1248 606 1933 1571 1439 1862 175 1894 1835 467 1924 684 1050 1 1542 1681 298 1304 1368 1606 1182 315 1995 1768 906 251 1631 446 881 1015 1785 375 1419 904 1485 122 438 1311 1320 1239 1820 1251 667 62 379 1463 1643 1719 441 976 1019 262 1106 1966 1330 642 1748 264 1407 1596 373 1861 1535 1369 172 983 380 520 80 1875 508 1183 1655 1154 1869 1215 1434 751 1479 1572 334 1240 514 424 1509 1709 1672 985 1080 1190 114 626 873 615 793 1971 1574 1530 1390 1414 1981 8 1865 1179 812 1689 1695 1983 1624 452 1912 756 1896 984 921 165 1794 1637 1227 683 801 953 600 1830 497 112 1078 480 1274 556 345 1071 657 1112 1841 1293 1333 1707 247 971 1378 282 27 1686 1569 316 1728 1221 1653 877 1657 340 1100 1678 1627 332 1506 1801 705 1560 510 885 1056 173 1544 1495 1432 687 871 1559 831 99 219 1739 748 1118 1555 1953 1409 788 1771 49 1329 1119 902 1893 1673 550 1403 1191 73 1335 1980 749 1178 414 397 492 680 931 458 1565 938 12 174 475 664 
minDistance: 3.53833
cost: 368806
capacity: 298870
time: 49740
maxTime: 60000
LS1: 17004/17911
LS2: 483/907
LS3: 0/0
shakeIters: 400
shakeLoops: 36
