2.98541:1137 3.19625:2409 3.20983:3117 3.22298:3664 3.25214:4262 3.27586:4573 3.27613:4797 3.28006:5175 3.28055:5300 3.30415:6871 3.31703:10792 3.32079:10969 3.35658:15724 3.35796:16459 3.35946:16859 3.40913:17822 3.43977:17950 3.44342:18179 3.46307:18431 3.47135:18942 3.47289:19212 3.51897:23756 3.52237:23884 3.5261:31270 3.52909:35154 3.53349:57554 
1569 34 1861 115 817 1169 1226 494 885 460 1529 1571 1907 411 1024 1768 88 722 604 345 1858 1455 306 470 550 383 351 1502 683 370 1997 1129 1329 1637 653 184 178 1072 516 1029 1330 1379 1664 1442 1630 265 867 1810 897 627 198 1855 530 726 1016 1276 1158 1471 191 1783 680 1717 1656 1107 1695 264 227 135 456 1368 924 685 1521 1785 1143 295 909 792 128 303 1799 1794 1446 30 1645 192 254 1844 775 599 1506 1580 1460 1240 1495 1667 828 1459 1060 1606 1589 1556 545 1378 1160 1802 69 996 364 298 1578 906 1789 801 1821 1675 642 1154 236 1084 1386 315 871 1320 1721 785 1475 873 1909 27 1361 1112 1726 1830 119 991 839 1530 1438 1453 616 1274 753 1116 765 1414 813 1865 202 793 1168 1376 829 246 1915 1106 934 18 1118 1926 1742 776 31 561 1576 514 603 788 1203 1371 713 121 931 1002 1130 1275 123 568 630 62 58 1190 122 500 1119 1328 1399 1006 1917 1230 480 941 750 1525 844 1086 1552 397 412 318 1745 1912 1899 1790 756 288 1507 279 1105 1795 465 1356 70 336 837 652 401 1862 715 904 357 641 1966 316 615 1889 380 1614 1389 1211 845 458 634 1451 117 1179 1422 1239 1463 301 1019 1779 1904 410 1719 1581 1612 446 771 423 1662 573 1335 1747 707 640 1213 1195 749 317 56 384 1350 676 74 1724 136 22 1624 536 1297 1980 1409 1875 1263 235 1273 1941 432 1501 80 1626 527 1180 1838 846 658 856 632 1 944 1364 1924 918 1594 1894 702 93 262 1469 1080 51 1468 1473 450 583 71 340 1801 214 475 1177 1051 976 1073 452 863 824 1153 73 564 1533 99 1649 983 92 1384 1479 907 521 483 485 1728 55 1100 532 172 10 1071 1596 243 600 1344 331 49 375 1478 982 1964 1797 459 1623 877 1786 1564 112 709 499 23 1841 230 201 1182 159 1227 207 1318 1178 11 314 1866 834 1803 175 1304 777 1739 1828 807 644 1930 1351 1202 285 684 1121 334 1985 782 1482 812 1015 1191 1748 773 1194 1140 1914 643 1174 1544 704 1287 350 1437 1931 1125 114 28 921 1358 964 1947 165 1301 800 723 732 1207 1380 668 761 1727 440 860 1176 938 427 1014 968 1773 866 831 849 1983 857 1346 1954 1246 1561 
minDistance: 3.53349
cost: 370021
capacity: 298865
time: 57554
maxTime: 60000
LS1: 18379/19270
LS2: 449/891
LS3: 0/0
shakeIters: 416
shakeLoops: 38
