2.97924:951 3.04722:1400 3.06929:1881 3.07024:2207 3.27967:3789 3.28456:4536 3.30415:4804 3.30662:6735 3.3141:7390 3.31813:7846 3.32079:8755 3.44264:11295 3.44342:11641 3.4502:11837 3.46841:13739 3.46902:13954 3.50021:16041 3.50102:16309 3.51536:16909 3.51733:17134 3.52909:17244 3.5311:19350 3.53349:34820 3.53833:36537 3.53929:40959 3.55237:41955 3.55351:43409 3.5571:43713 3.56437:45539 3.5745:45814 3.57466:50328 3.58538:52860 
1356 1502 1386 1707 141 844 1990 600 737 668 1624 1468 432 1428 931 1244 1655 1052 1533 520 642 867 817 875 1427 410 418 293 340 499 782 690 1375 1442 772 298 192 1687 953 97 1706 1364 1118 1909 119 1207 812 1208 1785 1384 173 1333 1106 306 1221 1556 52 19 1116 1844 1464 1675 863 1802 1954 1121 835 1526 964 1215 712 1160 944 651 1438 1029 1307 147 550 227 1415 1276 1529 1449 459 634 1390 207 530 112 480 1130 1469 1475 1596 93 1084 1874 565 209 1709 1980 84 829 1613 354 1446 1213 649 1191 357 1667 1571 450 1738 1926 828 1915 159 1385 1742 1560 1376 1773 234 934 1761 198 845 1941 1112 166 49 1614 516 1120 1810 1737 1048 172 1513 1024 1033 247 748 1086 1274 1194 1006 1858 1107 1060 546 1051 1637 1040 114 1067 1251 292 23 556 1068 938 1899 214 206 122 1017 756 73 891 1346 135 1821 455 1500 604 793 184 1816 475 1535 990 1799 1320 702 513 1717 31 397 947 70 219 1015 1664 1358 69 460 279 833 1983 1311 536 1409 1453 1351 709 1542 834 1016 1606 1078 704 941 140 1801 599 1143 1631 583 1768 1179 1748 121 1870 1544 30 16 1275 1 1336 1177 371 1100 1831 1566 1405 27 1725 1838 1119 71 445 617 1168 1050 401 1034 1841 1226 1584 1796 331 364 1434 1229 1273 1658 264 904 228 1489 427 285 1896 99 1293 191 1540 1399 1790 1087 243 652 1125 1328 1645 1929 1227 449 1903 883 1507 916 383 1314 706 1455 856 707 1156 146 1912 60 1401 708 429 534 1966 1361 1329 18 1580 115 965 590 1188 860 1211 726 976 81 1509 1205 494 470 1501 1094 645 1267 133 287 1771 1371 1797 1862 573 753 739 265 1904 727 92 82 765 683 456 28 80 1369 1879 1342 375 858 1554 1178 576 322 1304 1569 1318 165 1623 1002 380 22 1985 1471 1846 1389 1561 1649 1379 42 773 1237 411 813 152 1368 1886 824 1579 47 877 967 297 987 117 1933 1978 1249 1053 552 1283 1530 1672 461 1784 1158 414 1570 1833 846 123 136 1720 58 1246 1012 1856 751 1354 1739 1552 963 201 389 657 220 819 1114 452 1204 1795 1747 1200 544 334 849 1867 1662 1419 626 1626 532 1917 991 
minDistance: 3.58538
cost: 369523
capacity: 298787
time: 52860
maxTime: 60000
LS1: 18940/19808
LS2: 383/868
LS3: 0/0
shakeIters: 453
shakeLoops: 38
