4.46294:1336 4.46741:1515 4.53997:1886 4.65013:2492 4.7158:2690 4.71895:2789 4.72246:2927 4.72634:3379 4.74169:4868 4.7839:6394 4.78811:6577 4.79513:6635 4.80302:6797 4.84347:8938 4.84684:9227 4.84721:9338 4.8831:10015 4.8931:10067 4.89644:18062 4.90316:20197 4.93552:22381 4.9657:22444 4.96589:22497 4.97206:47322 4.98521:52816 4.98752:58880 
829 433 1717 1126 1283 219 601 1092 1328 1972 459 1874 1314 100 938 1229 902 917 1501 42 757 1320 1210 1814 849 1641 907 1849 1507 1683 572 869 1879 493 1356 568 77 262 482 165 1015 606 253 185 1302 1098 309 1919 435 1093 1216 1681 1658 520 1273 1407 1975 1729 841 243 1737 708 1788 1200 5 798 1603 777 1589 1369 1495 1118 734 1342 963 1852 1030 115 897 335 209 748 614 1451 101 825 74 1094 1954 647 1032 961 1659 380 808 535 1797 1883 1248 1120 1626 1655 82 1582 1634 560 81 1299 509 1306 932 58 764 1461 23 1695 1401 1134 1798 480 1335 161 1156 1351 1384 1700 984 1031 1990 1604 773 1810 12 729 628 184 835 1544 534 1368 194 934 254 1844 410 1654 73 710 617 1535 800 189 1376 280 512 1817 730 129 406 1886 1579 1709 1201 192 379 266 1891 1806 1953 1213 313 807 1226 1385 1002 1924 397 627 279 499 1078 312 953 33 76 1056 290 316 1437 1828 178 121 1762 1749 727 467 669 686 1515 1463 378 702 1427 1915 1888 488 1443 1875 859 973 1912 1293 1267 1512 1416 137 1573 635 817 1105 317 987 704 1044 291 838 1783 1090 1190 1412 1063 1610 879 1244 957 1596 1453 1114 1408 543 1756 1513 1404 426 616 1439 119 1842 346 1211 297 168 762 114 1033 667 304 689 1576 1938 1019 1735 1933 504 1205 1894 
minDistance: 4.98752
cost: 239904
capacity: 199189
time: 58880
maxTime: 60000
LS1: 37645/38981
LS2: 448/1336
LS3: 0/0
shakeIters: 862
shakeLoops: 83
