4.20833:916 4.47064:1492 4.48694:1772 4.55146:2055 4.62336:2508 4.62509:2662 4.68178:2965 4.68968:3022 4.7162:3535 4.71895:3609 4.72246:3791 4.72634:3981 4.76705:4115 4.78811:4300 4.78842:4427 4.80798:4536 4.80831:8993 4.82964:9174 4.83746:9355 4.84066:9650 4.8468:11773 4.84721:11833 4.8831:11948 4.88986:12064 4.8931:12900 4.89642:28700 4.90316:30011 4.9154:32027 4.91677:32167 4.93448:32274 4.93744:32323 4.94059:34927 4.94532:34976 4.94633:37829 4.95145:37882 4.9545:38680 5.00546:38846 5.01153:40766 5.02355:42698 5.02673:46495 5.02902:50735 
426 1247 177 1119 614 1248 653 1717 858 1576 1623 459 1240 1372 798 776 1796 574 842 1002 406 1720 821 1655 439 1359 1695 1781 1488 782 272 100 1909 616 1183 1862 202 1143 1810 1891 298 825 279 1320 1048 1764 184 1507 1160 1463 123 724 534 1309 1190 1448 1801 355 1601 1954 1093 1933 1283 1072 1437 1356 907 482 81 1035 936 1176 1797 645 357 431 879 1852 976 1493 1975 506 1658 696 730 1304 1229 1059 460 58 1521 101 801 1385 371 807 989 764 433 55 1573 1481 598 1281 1632 865 902 1943 567 325 420 1495 1106 110 767 291 727 265 310 1134 1879 1510 1063 379 1273 689 1727 179 795 1205 166 233 1819 704 1620 756 384 74 985 1672 282 875 1262 859 1610 1302 1221 1892 468 117 630 639 470 1050 247 1163 480 1195 625 1736 115 226 509 1609 1649 800 917 1631 1030 709 266 1383 178 1344 853 835 1863 1776 1023 693 1535 47 1697 1582 410 1267 1094 642 461 1192 1306 1244 1428 808 737 1032 1615 493 579 304 1274 520 73 652 1979 1935 5 1137 1254 1990 1216 203 1579 1486 1515 1888 1464 715 1654 86 297 88 1501 1798 554 633 340 527 1468 111 1604 1391 1453 1700 695 1560 1788 395 556 848 1983 1407 1611 254 33 1328 1580 1466 1735 1419 1342 1436 729 577 295 1090 1681 1451 869 897 192 134 1293 1369 
minDistance: 5.02902
cost: 245791
capacity: 199187
time: 50735
maxTime: 60000
LS1: 36651/37971
LS2: 421/1320
LS3: 0/0
shakeIters: 858
shakeLoops: 81
