4.21385:965 4.31129:1295 4.42802:1553 4.43878:2028 4.50765:2451 4.54449:2846 4.64459:3056 4.68516:4123 4.68968:4230 4.69092:5058 4.7158:5209 4.76705:5342 4.7869:9884 4.78811:14464 4.80798:14661 4.82015:15100 4.82139:15156 4.83479:15331 4.84066:15412 4.84721:19202 4.8931:19392 4.90131:19525 4.90479:19627 4.93117:19828 4.94532:19997 4.95434:25634 4.96204:26983 4.97206:28264 4.98956:30687 4.9907:30739 4.9954:32661 5.00133:49931 
1728 279 1063 1191 300 1949 1072 1190 435 864 1892 994 1164 342 1883 1262 1735 491 1463 219 1681 55 476 358 1376 380 295 614 1057 1700 734 1798 383 1788 1954 1645 1226 849 165 1506 1118 782 613 101 1293 254 304 130 1385 1915 1521 1209 1469 993 1658 1090 1852 953 1488 1501 1466 1205 1879 115 1143 1283 667 77 367 310 530 1120 1727 710 1623 1009 433 493 669 1032 1981 1535 727 291 1456 1033 1917 112 1573 193 406 1739 509 379 313 1404 708 1495 961 194 691 82 439 1182 1193 1515 1371 879 80 384 628 1486 1107 1478 1781 269 1507 817 1437 1094 1248 1014 480 1796 800 556 550 1273 1356 1910 1797 1756 322 535 63 686 616 460 355 803 684 137 479 23 1158 450 114 461 1830 534 1367 527 1315 1335 821 1369 1019 1105 1814 499 1653 835 987 446 1213 1616 913 970 226 192 1983 1134 1649 340 73 1034 1163 1383 292 520 1502 58 66 100 825 765 74 1865 897 1828 831 702 1938 695 875 1975 1274 693 1579 626 1031 902 1267 243 1229 224 247 645 696 595 652 938 1913 1451 1187 1461 178 88 1328 777 715 1620 500 1419 932 426 1891 1924 1035 1412 1427 184 209 917 334 653 1601 704 482 1161 1810 1816 1002 1582 136 1359 1862 42 1275 865 773 1239 551 297 1044 1439 579 627 807 798 375 13 
minDistance: 5.00133
cost: 246064
capacity: 199216
time: 49931
maxTime: 60000
LS1: 34434/35761
LS2: 473/1327
LS3: 0/0
shakeIters: 822
shakeLoops: 78
