4.21385:1262 4.36744:1848 4.43878:2085 4.49386:2292 4.53997:2538 4.55819:2618 4.60489:2859 4.64781:2918 4.70279:3188 4.74345:3250 4.74376:3412 4.7869:3570 4.79513:5639 4.81547:7168 4.83479:7392 4.84684:8419 4.84721:8481 4.84875:9206 4.9003:11521 4.90176:11587 4.90316:12448 4.90488:12628 4.93117:13492 4.93448:13550 4.93744:13607 4.94532:16495 4.9497:27335 4.94976:32598 4.97206:34116 
459 1302 1990 63 480 829 1275 985 1495 70 115 806 211 1320 1680 917 579 1090 125 1315 1057 1626 1512 406 1761 842 1654 58 136 1828 1464 616 530 1439 964 1667 509 773 433 673 1582 1359 1788 782 1659 1488 340 33 439 23 632 126 999 1416 1123 800 1114 863 1658 831 1335 844 149 367 380 178 1229 1535 253 1735 322 1019 613 325 122 1078 379 556 1100 727 708 1283 1926 1682 601 1205 704 606 1190 1954 1830 1120 1810 720 1404 764 1274 645 1273 1254 1223 1501 675 626 491 184 627 1094 1915 369 1879 119 1604 209 1454 185 653 130 1747 342 1569 726 1481 1451 291 572 1383 1293 987 1384 1134 543 1324 1376 1943 55 1160 334 460 801 983 1485 642 1367 1248 1891 1700 1412 254 1006 667 1816 1193 860 1790 835 128 709 1385 1645 961 1560 1118 939 88 1391 1455 1507 450 534 1844 1949 897 75 66 29 412 1419 304 686 1461 1798 798 297 535 1261 112 1267 1975 101 1466 1913 1938 5 1299 884 693 166 358 285 1386 1681 280 461 765 785 1703 875 1226 821 628 1781 1087 161 879 991 1250 194 1892 346 1244 1976 1469 80 1002 1195 1579 227 1614 100 953 520 1804 1672 1797 1883 1924 214 1063 1888 175 1031 1573 137 165 531 1985 1502 695 243 1846 192 993 482 1556 1474 247 266 690 1673 1513 1594 551 1262 295 666 
minDistance: 4.97206
cost: 237851
capacity: 199170
time: 34116
maxTime: 60000
LS1: 37593/38960
LS2: 514/1367
LS3: 0/0
shakeIters: 824
shakeLoops: 79
