4.36623:1227 4.46294:1475 4.50076:1779 4.54449:1970 4.62509:2502 4.68968:2704 4.72246:4148 4.72634:4251 4.74376:5368 4.78811:5768 4.80831:6645 4.83746:7012 4.86092:7778 4.86193:8664 4.90176:9880 4.90279:10745 4.90444:12628 4.90479:12786 4.91677:17868 4.93448:18739 4.94532:30650 4.95246:31000 4.9907:31174 4.99111:47324 4.99333:58426 
467 1594 159 325 726 1320 1328 1078 89 973 902 1659 177 1110 1735 1892 243 1582 380 1631 1181 1654 1739 1842 1817 1943 1009 1902 1267 1118 1419 44 64 989 1823 1828 375 1990 1090 1116 433 1573 1813 406 1468 829 1709 1810 1356 938 669 598 708 1521 247 1717 1481 1158 601 825 1058 932 491 450 1254 115 1507 1032 1836 1956 838 1733 689 259 476 459 1205 1601 82 686 80 58 1971 1002 395 192 1888 875 1031 1087 1632 1643 1620 1244 782 1404 100 1399 1949 73 1448 730 1371 1315 577 613 1463 30 184 904 1089 1814 835 1626 1469 1120 1681 709 646 704 897 1695 1182 1030 1028 178 1451 297 1368 88 379 616 1874 800 1140 233 1306 821 1299 696 1335 1274 693 1909 702 737 1675 1958 474 1007 1305 834 1180 1283 1106 439 1797 879 519 1478 913 623 1390 1579 1791 773 1019 1612 248 509 1210 1935 744 817 384 1164 936 727 1071 837 1456 807 493 1929 525 460 628 1532 520 2 1190 254 574 764 1796 11 1134 1493 1700 1072 596 482 798 55 627 1369 1658 272 1891 346 363 1216 1430 1799 1702 1501 77 1479 907 991 1142 1033 426 101 1938 1727 776 1486 1050 685 1439 1913 778 219 421 1309 464 1384 1248 253 1862 1847 961 1495 1894 1408 848 1273 499 1756 194 1063 765 534 556 756 1655 1541 1427 1609 1107 279 645 1640 1036 119 445 1017 1502 
minDistance: 4.99333
cost: 246262
capacity: 199157
time: 58426
maxTime: 60000
LS1: 34619/35968
LS2: 567/1349
LS3: 0/0
shakeIters: 757
shakeLoops: 72
