4.43047:1177 4.46294:1337 4.48646:1671 4.49386:1896 4.51708:1985 4.55655:2145 4.56921:2261 4.60489:2324 4.65013:4363 4.66955:4659 4.67313:4777 4.68495:5217 4.7158:5396 4.72739:6806 4.76468:7124 4.7839:7215 4.82139:7381 4.83746:7500 4.84875:7558 4.89126:7707 4.90997:8398 4.92569:9051 4.92797:9139 4.94532:10561 4.95246:21282 4.9657:24107 4.96589:25153 4.97206:59029 
756 579 1226 710 1033 1019 313 1143 194 1681 406 1700 794 1520 1764 1072 82 1797 1486 1659 953 1118 247 1385 1683 1134 1990 1042 470 248 1852 1938 309 250 222 495 1787 772 1495 642 58 765 1883 219 1190 321 129 1063 535 543 474 1007 835 1274 119 75 604 1502 112 1229 551 798 1335 627 70 1501 695 667 1786 825 838 879 865 727 1796 1830 817 1098 617 322 629 456 1894 1451 165 230 265 66 346 764 1784 378 973 1267 1057 1058 325 1126 1512 178 1579 902 1180 1067 1493 435 108 92 653 1149 28 1328 226 427 1213 395 1437 1756 262 970 1412 177 1090 488 1255 279 1902 821 1781 1521 1654 1875 831 1401 1915 1630 567 73 426 1248 534 1087 358 1371 74 1131 334 1453 834 1846 1205 1891 1862 1192 291 1839 97 254 1594 1582 1155 1273 1872 954 693 1080 1107 1299 318 1142 130 994 1230 192 1856 340 1176 520 1535 450 297 778 1463 1315 1956 1466 907 1419 1697 227 669 923 1828 1593 431 938 1565 184 935 1386 1369 689 1892 933 1975 1183 686 917 88 1384 952 1120 1716 626 304 807 453 1040 1119 1303 1655 1151 1089 1359 897 137 1727 829 647 1810 1573 1739 1461 556 433 1913 467 1163 1391 499 1561 708 145 212 1863 11 532 342 1320 995 193 1114 1094 1912 696 1702 1110 819 1117 1034 206 1631 1223 1404 531 
minDistance: 4.97206
cost: 245619
capacity: 199173
time: 59029
maxTime: 60000
LS1: 36160/37490
LS2: 410/1330
LS3: 0/0
shakeIters: 892
shakeLoops: 86
