4.41296:1188 4.46294:1464 4.49519:1787 4.51708:2244 4.52572:2464 4.60193:2973 4.6085:3079 4.62336:3513 4.62417:3595 4.62509:4052 4.65944:4180 4.68968:4928 4.70195:5851 4.7158:6270 4.72634:7542 4.74376:8423 4.7839:16182 4.7869:16242 4.82139:16326 4.8436:17058 4.84372:17922 4.84684:20593 4.84875:23168 4.85312:29006 4.86092:29229 4.86534:30641 4.87085:32972 4.8831:34457 4.88382:45203 4.908:46783 4.92729:47464 4.93189:58539 
821 1092 1672 1342 1368 778 897 1056 1118 1058 1756 685 531 1632 1469 177 502 89 271 342 1273 1589 1716 304 1416 280 1090 1819 1817 863 189 1385 1088 842 254 297 58 1695 1886 687 1244 1892 748 1248 653 490 1328 1943 476 249 1654 568 1002 574 1495 265 1211 1842 1810 707 993 380 499 1094 1419 1782 673 1009 166 459 1762 1738 1468 1315 1633 1359 1673 1200 1913 270 1474 628 977 1888 666 1601 1976 13 550 1107 684 212 243 379 406 2 1463 808 1194 194 1466 1788 1485 954 247 154 785 222 961 1412 480 223 627 1749 825 1042 642 1229 1794 219 1795 1990 1655 727 585 645 693 1266 1446 1509 584 1140 470 1011 1369 119 1814 433 506 1351 426 80 1579 730 1799 331 100 248 556 1089 535 509 1120 973 312 1797 164 1796 1067 460 1544 503 737 82 262 88 1681 1123 1512 66 901 667 1408 1521 1255 1367 1507 654 1953 1401 994 1180 450 74 1883 227 67 720 807 1134 165 1205 1019 1071 520 346 128 944 1915 1828 1398 336 1571 1283 272 906 474 482 1078 1983 1156 984 851 1510 1087 382 1735 975 652 467 724 456 1031 316 209 1213 357 675 970 806 534 137 1439 1798 1614 1306 1239 623 184 953 1700 1494 1305 1267 1580 33 1891 1160 1490 907 616 1335 1513 1844 938 253 1246 1528 487 1727 205 1309 1776 1023 991 
minDistance: 4.93189
cost: 246534
capacity: 199248
time: 58539
maxTime: 60000
LS1: 35556/36846
LS2: 433/1290
LS3: 0/0
shakeIters: 825
shakeLoops: 77
