4.21385:1043 4.41296:1556 4.41439:1665 4.45837:1799 4.46294:1966 4.46741:2539 4.48009:2622 4.48101:2810 4.48646:3013 4.58295:3441 4.5839:3659 4.60193:3855 4.62048:4212 4.62207:6127 4.7158:6477 4.71895:6936 4.72634:7000 4.72955:7211 4.74345:7441 4.74376:7505 4.78271:7576 4.7839:7634 4.82139:7698 4.8436:9299 4.84372:10348 4.84576:10405 4.84721:12603 4.85105:12713 4.89781:12861 4.90176:13032 4.90279:13481 4.90488:13693 4.95419:13799 4.9791:14620 4.9907:14721 4.99111:19273 5.00133:19895 5.00176:36534 5.01949:59694 
134 1915 1463 1084 756 100 1975 297 58 653 2 652 1582 977 1356 1502 1187 684 474 1786 1609 1299 1658 879 1446 1478 801 600 574 1078 1602 865 1544 1089 304 101 482 114 1799 973 406 798 1030 1221 1990 470 1342 456 1798 1862 693 623 73 1105 764 1156 178 737 1479 970 1205 279 1801 556 1216 673 1788 1888 616 1972 1032 817 488 254 1810 1640 1909 1015 535 1448 991 807 1315 433 1575 55 95 129 1530 1847 990 509 667 1368 1655 412 1515 1601 1891 1306 184 627 642 342 280 1814 1248 86 1041 1455 272 1324 1796 1035 137 375 1213 1828 1486 378 953 765 1495 727 1098 1631 520 1797 1673 450 907 1623 74 243 1839 626 1500 1739 708 499 1947 531 358 1118 521 1842 1776 247 1229 1700 166 500 1384 189 961 54 1180 1579 808 1507 313 1092 33 782 686 1274 889 80 1938 253 1328 821 835 168 1512 875 1913 1794 778 729 1071 1983 66 753 695 459 1090 1160 1335 1408 806 704 685 82 1302 1727 1521 628 689 1385 227 1863 1501 842 1466 1369 1614 1886 480 1273 467 1645 1747 1002 177 1107 534 1022 1190 1383 1894 1101 1437 1320 1143 426 1034 1773 1451 435 897 1932 1883 286 1094 1412 1019 431 715 1120 369 730 1756 1063 585 1270 1571 270 777 1573 1762 379 1815 825 165 495 136 1176 161 1359 77 
minDistance: 5.01949
cost: 246109
capacity: 199164
time: 59694
maxTime: 60000
LS1: 37004/38323
LS2: 394/1319
LS3: 0/0
shakeIters: 886
shakeLoops: 83
