4.21385:925 4.21439:1100 4.41882:1789 4.45837:1878 4.5839:2242 4.60474:2491 4.63451:2565 4.69092:3246 4.7162:4291 4.72246:4363 4.72634:5655 4.74345:5977 4.74376:9454 4.7869:10823 4.80302:13596 4.80506:15145 4.83746:16046 4.84066:17927 4.85105:18848 4.8831:19083 4.8931:20121 4.89781:21452 4.90176:25096 4.90479:25409 4.90488:31367 4.90997:32042 4.94288:39166 4.9657:41743 4.96589:48442 
1451 101 667 459 1486 1751 1273 1754 1019 1735 153 1137 1213 1030 433 247 1820 1604 1891 572 699 1306 1844 1078 916 869 2 1404 513 11 205 903 1819 742 897 1544 932 219 493 1033 439 1391 507 1609 917 1506 1397 379 737 1681 1367 1976 458 1342 1320 939 693 88 1482 819 642 991 1658 1063 778 1972 863 1883 313 1302 1094 708 1089 1582 792 913 272 1180 1118 1951 782 889 1594 1248 1034 798 1620 1002 467 800 304 1856 226 1667 388 410 1190 1727 1384 371 297 1756 1328 938 627 358 443 309 1481 58 1878 1031 1466 1205 193 1781 1513 126 406 1216 972 530 1657 520 1351 704 137 1731 653 859 973 1626 47 1929 331 970 100 480 1700 460 1601 184 1913 1141 1610 1071 808 1659 1743 1015 499 509 1645 1493 1211 322 841 1183 209 687 488 1427 684 1244 583 1385 825 474 166 534 613 1072 1229 614 1407 748 1959 953 726 104 720 1116 1223 685 1110 73 1463 1789 279 262 1996 1847 1892 48 165 1144 862 777 1842 1456 1283 1383 1233 80 82 1655 178 910 202 829 415 1479 1654 248 961 1012 1834 1344 1512 1267 567 325 1369 456 1160 1579 1502 1225 527 1940 1828 1894 1210 1915 1274 426 623 185 74 1788 33 1495 254 730 626 907 616 1090 1372 1490 1716 482 1702 1376 1009 192 502 807 429 346 821 317 1412 44 1469 491 
minDistance: 4.96589
cost: 241275
capacity: 199289
time: 48442
maxTime: 60000
LS1: 37045/38360
LS2: 448/1315
LS3: 0/0
shakeIters: 838
shakeLoops: 77
