4.21385:924 4.60474:1779 4.66186:2617 4.69092:2681 4.70902:2925 4.7158:2986 4.72955:3395 4.74376:3971 4.7839:4056 4.7869:4694 4.83746:4767 4.84066:4845 4.8436:6779 4.84372:7883 4.84875:8057 4.86362:8127 4.88462:8858 4.88731:8996 4.90479:9051 4.90488:9172 4.93744:9399 4.94976:38946 4.96589:41151 4.97206:43922 4.98465:55482 4.99111:56178 
461 1797 1521 645 1990 1814 1216 835 357 1681 737 1573 1842 1739 1579 530 1878 1235 1291 346 695 627 1764 467 1469 1852 1495 1401 209 970 1105 194 80 975 1461 101 653 1657 1116 1555 724 709 863 1160 1416 961 838 704 1816 279 917 1892 1391 1032 520 879 1751 708 953 1324 579 177 1342 1654 1820 429 568 358 1181 406 460 1655 427 844 1244 1620 1063 765 556 164 1507 1700 342 58 1451 136 1237 841 466 262 1846 313 60 1577 166 1320 815 1084 1594 550 527 842 1172 1229 165 902 748 1994 1283 778 516 1190 384 371 88 534 1427 354 1002 1463 286 726 669 493 379 247 1810 964 907 1118 1506 936 210 794 1727 253 1737 1891 1420 1998 1658 11 1626 410 1090 33 1030 291 800 192 1976 184 297 1273 340 1068 1886 1756 1248 119 254 1022 446 1954 1953 322 886 1226 126 74 1682 973 1883 1791 776 1788 439 498 1254 755 1299 1698 1504 211 1302 450 1535 1828 1367 829 798 1501 1836 1140 987 292 1844 913 1094 100 1134 509 431 825 1143 577 1697 1582 591 551 1031 1141 178 1575 1716 932 1213 685 261 1486 647 1466 782 1645 1019 47 730 1702 1056 318 1590 114 821 1328 777 519 1773 1404 227 1350 459 693 687 614 1894 1183 73 1015 1072 1481 115 817 613 1205 233 1919 443 1359 667 248 1659 585 1315 1400 
minDistance: 4.99111
cost: 245860
capacity: 199170
time: 56178
maxTime: 60000
LS1: 37224/38573
LS2: 467/1349
LS3: 0/0
shakeIters: 856
shakeLoops: 81
