4.40714:1202 4.49816:1622 4.55146:1843 4.55655:2040 4.57664:2420 4.67313:3760 4.68942:3821 4.68968:3877 4.7162:4878 4.72246:5079 4.72634:5241 4.72955:6115 4.7839:9159 4.79513:9245 4.83453:9396 4.83479:13516 4.84066:15161 4.84875:16413 4.86193:17453 4.89781:17800 4.90479:18235 4.92569:18847 4.92572:18945 4.93448:32131 4.93552:33935 4.93744:38951 4.94532:50071 
1888 759 1332 254 724 1734 1213 534 994 199 782 15 642 1315 857 1320 81 427 1244 1107 647 1384 848 1274 821 556 579 73 704 1579 130 842 291 1891 803 380 1667 1439 1589 1140 1783 209 88 1367 1735 1796 1183 1913 1779 460 1248 715 1328 673 1468 1350 1205 247 1344 279 808 685 1063 1092 897 80 426 1084 939 371 730 1191 691 304 1273 192 961 1573 1401 165 493 1601 1512 474 340 1700 100 785 1247 74 1507 491 1385 1163 614 475 134 1306 798 504 1727 82 829 1015 720 653 1892 1192 467 800 509 459 500 669 1474 1090 865 11 1985 316 626 1799 938 378 987 1764 1223 527 55 433 1797 265 696 1261 520 248 1959 1110 859 879 1883 137 1088 1094 1810 835 1481 1428 1190 1502 1535 1915 297 667 1996 5 1866 1839 1134 788 1031 1863 572 1756 1466 310 1330 1852 628 689 616 1226 1798 1486 1050 159 482 1412 101 487 499 684 322 1789 1924 531 1407 336 765 193 1118 807 1675 737 906 1495 1201 863 1356 33 645 1655 1216 1436 1494 687 1654 869 379 1594 1657 58 1820 1180 1801 1788 1844 456 1576 443 1399 1582 1929 1816 1160 406 1645 727 1463 1943 1087 262 1681 1493 1369 1912 1658 1513 1894 973 933 1916 709 632 178 907 1229 1461 1562 184 1283 1720 189 1980 480 1210 902 1157 1762 1002 
minDistance: 4.94532
cost: 237751
capacity: 199162
time: 50071
maxTime: 60000
LS1: 38309/39647
LS2: 427/1338
LS3: 0/0
shakeIters: 884
shakeLoops: 83
