4.28871:1228 4.46741:1559 4.48646:1866 4.53997:2151 4.55146:2573 4.60193:2687 4.62336:5209 4.62417:7818 4.68516:8087 4.70195:8239 4.7158:8359 4.7251:8499 4.72634:8676 4.72955:8756 4.74979:8880 4.84584:9372 4.84875:9555 4.85611:10225 4.86092:10725 4.87969:11474 4.90176:13025 4.90479:14106 4.91239:16875 4.94473:17767 4.94565:17820 4.96002:18110 4.96589:18160 4.98752:18320 4.98783:18379 4.9907:19229 5.00133:19678 5.00813:19732 5.00942:27972 5.01153:28440 5.02212:28552 5.02673:28616 5.03071:30985 5.03127:31038 
1582 778 1801 1573 1620 709 1891 1459 1791 33 748 509 248 936 1611 800 1626 1110 1140 993 642 379 848 1970 1315 1902 253 1463 247 1229 1181 1466 58 1863 1107 1283 577 1419 1495 73 1654 192 643 1481 520 493 1010 227 1094 1059 1814 1658 1556 1659 1797 1063 1090 1072 1031 1216 212 129 224 1810 1267 1727 1698 1657 777 1116 136 1451 1972 165 1302 426 304 1143 233 1515 1160 1428 995 1892 1508 1427 708 1141 1681 371 1179 202 1105 317 433 653 66 1959 1856 1933 902 976 829 1521 74 88 115 626 695 1844 1975 431 1888 1579 807 527 1383 1847 178 77 479 1248 875 55 291 973 1244 177 727 296 1420 798 130 835 1756 1501 1915 1739 82 384 1142 1359 80 685 1221 627 961 1035 272 1697 318 1306 460 222 261 342 879 932 782 1886 1330 406 1199 1423 1852 764 1163 450 1089 1399 1609 534 1532 704 825 1808 313 1274 1002 1655 1356 689 693 101 1819 767 1493 1875 1190 395 209 1828 179 970 730 567 817 1078 1894 297 1700 1369 1796 1193 639 100 128 467 1436 1320 1486 819 1391 421 480 1786 1205 1254 254 1230 1213 1273 1535 1776 184 1328 1799 1180 474 696 1409 1144 647 1291 439 724 1342 953 1384 2 1119 499 1601 498 1461 1032 126 309 897 1344 737 1735 1720 47 574 1631 243 111 
minDistance: 5.03127
cost: 243196
capacity: 199208
time: 31038
maxTime: 60000
LS1: 36704/38008
LS2: 345/1304
LS3: 0/0
shakeIters: 921
shakeLoops: 85
