4.20773:956 4.36744:1359 4.45837:1676 4.50076:1846 4.51708:1925 4.55819:2088 4.57664:2391 4.62386:2628 4.64752:3669 4.70195:3886 4.7162:4090 4.72246:4204 4.74169:5693 4.74376:5881 4.7839:6158 4.81547:6332 4.84372:7239 4.84875:7416 4.86092:9314 4.8831:22464 4.88682:31310 4.89028:32994 4.89644:33087 4.90316:37356 4.90488:38197 4.90997:39717 4.93307:45734 4.93448:46951 4.94532:47069 4.9657:51674 4.97206:52466 4.9791:55650 
322 1094 247 1797 166 909 1743 11 80 673 1916 115 1374 1451 100 1092 1376 164 568 1909 1385 1654 1929 617 1226 1883 631 1579 985 1195 482 653 209 530 1211 410 835 298 304 346 233 601 1126 1192 801 1735 74 1181 1507 1002 1372 1205 1844 1886 1397 1662 652 1275 264 875 917 318 1072 1262 248 625 130 194 1464 1183 961 953 1160 554 1008 1683 1315 520 1872 821 193 470 1120 459 479 1589 543 1369 1164 1419 1247 1118 1966 1134 764 499 1335 177 727 192 1474 1105 340 1990 556 1495 1501 642 227 807 152 704 88 929 1328 1342 1180 1391 1305 629 817 1090 210 316 614 1530 1143 214 825 1980 1915 33 1835 426 498 1261 272 1913 358 1302 310 1791 126 1727 1702 1237 509 1030 577 460 1244 1356 1801 1199 1031 1839 82 291 1229 165 1254 932 58 806 1672 73 1901 1267 435 55 1320 667 1107 1488 708 1796 1033 535 380 384 1535 1401 1306 1193 178 1697 1891 1439 865 991 1788 1605 406 1739 42 715 1023 1466 1798 378 184 1737 1819 1963 1761 297 1367 1273 1359 1748 1151 1416 1655 379 1680 823 675 254 1111 1007 279 1938 975 1786 829 1615 488 1582 480 1019 993 1764 970 534 1804 280 1274 1063 1248 2 645 879 1216 1521 693 222 1299 1594 474 1632 724 450 798 77 782 70 1283 1756 431 1560 1140 1443 859 869 1681 1953 579 
minDistance: 4.9791
cost: 242325
capacity: 199171
time: 55650
maxTime: 60000
LS1: 36874/38225
LS2: 504/1351
LS3: 0/0
shakeIters: 815
shakeLoops: 76
