4.41439:1478 4.49386:1949 4.50765:2760 4.53608:2851 4.53997:3307 4.60193:3450 4.60489:3510 4.62336:3644 4.62509:3936 4.69092:4336 4.70279:4677 4.74376:4750 4.7869:4985 4.78811:5037 4.81033:5126 4.83479:5246 4.84875:6669 4.86092:8544 4.86534:11844 4.90176:14956 4.90488:18220 4.90997:23461 4.92797:28083 4.93744:28608 4.94019:28773 4.94532:28954 4.94976:32821 4.96589:33024 4.96936:34227 4.97206:35462 4.9751:37957 4.98267:41045 4.98956:43587 4.9907:46512 5.00133:48310 5.02212:49661 5.0254:57207 
1493 1528 1569 112 1226 406 1943 1524 1659 1288 476 58 498 1404 100 808 773 230 778 295 932 1544 1229 1451 829 1590 1176 532 953 1507 1143 1620 970 1883 165 1565 318 1468 1655 1610 1512 519 1118 765 1399 314 613 1114 1570 279 1356 270 1909 427 509 653 209 74 737 55 421 626 973 1612 1002 1654 1495 627 572 865 128 1134 101 433 1223 129 1502 1274 1796 199 1874 1756 446 1463 459 1466 1283 961 1799 535 309 184 817 450 803 1216 1015 47 467 1842 1847 1810 1658 1033 848 80 1640 577 31 77 782 1071 936 322 1486 693 1119 431 550 1140 800 1455 1163 825 1324 1210 821 224 119 1333 1631 1479 1107 724 1601 1205 115 1828 1902 429 1030 345 807 1469 879 1273 727 1383 1481 704 265 1267 66 798 1351 1063 358 1747 1836 907 875 178 166 247 1078 342 1248 482 1371 1090 1094 1302 1964 1875 1181 1342 689 1700 556 1801 493 534 776 1385 73 379 1419 1791 1626 934 1739 708 506 1972 1344 1105 695 1579 1160 1306 198 835 297 513 1717 663 647 1369 1594 1645 1975 82 136 253 125 938 1797 1448 1788 1328 254 520 426 1933 114 1183 849 897 1192 1190 1382 1180 441 516 1142 1575 595 1391 1089 1320 614 1908 203 1582 1852 1573 527 1456 1106 1681 499 461 233 460 709 
minDistance: 5.0254
cost: 244380
capacity: 199200
time: 57207
maxTime: 60000
LS1: 37547/38856
LS2: 363/1309
LS3: 0/0
shakeIters: 909
shakeLoops: 84
