4.35204:1100 4.42802:1308 4.48793:1506 4.54449:1828 4.56226:2007 4.61936:3390 4.62509:3522 4.63228:3945 4.67061:4192 4.67736:4592 4.68385:5400 4.69092:5553 4.77283:6047 4.78811:6162 4.82964:6278 4.83479:7236 4.83746:7502 4.84721:8256 4.86362:8986 4.86875:9884 4.88462:12830 4.90279:13949 4.92569:14027 4.92572:14082 4.9791:14260 5.00522:17388 5.01214:18553 5.01279:19935 
246 835 262 601 1199 994 254 1507 433 1239 456 461 1028 1419 100 58 865 1131 999 247 1894 88 897 1288 577 756 628 1033 1954 695 1090 704 1451 1915 114 917 1248 1192 1210 1053 1649 1776 1501 1717 1892 80 128 243 1654 1194 379 1256 1482 1872 672 165 450 1495 55 20 1513 1216 467 629 406 825 693 613 1430 203 975 253 265 1540 468 1938 192 1203 869 953 849 224 782 1385 1502 1030 384 1609 1631 491 420 219 519 879 39 410 1883 130 479 1814 647 1839 1521 1094 1330 1816 1356 1681 1720 1142 1120 1428 1735 266 821 426 859 1481 1328 1797 1468 1556 470 1221 1810 459 829 778 309 123 1573 112 1274 617 1464 1601 1017 97 129 1891 1697 1157 1250 989 527 642 1626 574 1315 47 233 1306 1031 1342 1788 1267 1137 1111 936 1063 1695 1576 304 595 1620 1700 534 1097 1391 667 33 1181 446 23 178 708 817 1582 1604 689 1438 1293 991 421 1105 1875 1658 1399 1544 1247 1463 1283 1847 702 1351 1358 1909 1655 807 297 1093 727 1059 808 1659 498 13 1996 1118 1933 184 1727 1645 42 1616 460 1907 1151 1448 1193 1709 1844 1569 1632 1002 1205 73 1369 1575 482 1594 248 1913 1486 210 1436 1229 177 1213 1672 556 509 798 1924 1309 1134 614 645 1943 1791 764 5 68 1596 1244 623 378 520 1350 1479 
minDistance: 5.01279
cost: 233925
capacity: 199215
time: 19935
maxTime: 60000
LS1: 35077/36374
LS2: 378/1297
LS3: 0/0
shakeIters: 891
shakeLoops: 85
