4.28157:1201 4.34301:1474 4.49386:1896 4.54122:2241 4.55655:2855 4.68385:3202 4.68516:3269 4.7251:3449 4.72634:5465 4.74345:9608 4.74376:17080 4.77858:18852 4.78842:19915 4.7912:22646 4.81074:24338 4.82964:24542 4.83479:24883 4.84066:24969 4.8468:28066 4.84875:29388 4.86194:30190 4.86373:31481 4.87639:31631 4.8831:32964 4.89126:33462 4.90488:33565 4.90997:40288 4.93189:40342 4.94976:40394 4.97206:41136 5.00815:41797 5.01153:43114 5.02212:49433 5.02673:51032 5.02867:53784 5.03415:54932 
1786 1620 460 1582 807 1579 474 74 1798 1031 488 1863 1844 1589 1367 737 1118 1943 1342 1134 1463 456 756 1427 178 782 1261 693 55 426 707 897 1659 748 1739 1810 88 1544 1929 1330 938 1385 1063 724 2 1384 708 880 1094 1160 280 1655 1090 800 33 1408 128 316 889 58 1762 829 1401 1344 1520 1894 165 685 1376 379 520 1428 1163 431 1479 577 1797 1107 1436 1828 119 667 1320 936 1891 1302 795 1071 42 530 81 1626 1615 1512 470 1084 467 177 1116 189 907 1187 493 1866 616 1328 1369 798 1507 1502 1439 1938 572 222 342 97 433 704 1839 1190 272 1990 556 1493 842 117 1105 1501 276 203 1609 1735 642 1377 1702 808 318 1561 973 499 509 219 233 1442 792 1573 953 1087 835 1736 80 1451 1368 1359 613 270 801 1002 1181 628 1681 1131 1914 129 388 1541 1274 645 875 1466 1354 1032 111 1888 1658 184 825 227 1614 1590 986 1799 450 1356 134 1788 253 627 136 534 623 1791 1446 322 1229 1017 863 297 1306 1649 1700 243 380 727 371 1727 1283 406 369 240 1305 1560 1737 987 421 100 849 1875 1180 1720 970 776 1216 254 1273 1211 459 248 730 1842 1205 1924 1248 1140 1594 1695 821 1680 435 1030 1244 1892 879 817 279 247 1815 1195 1975 1351 397 290 687 841 653 
minDistance: 5.03415
cost: 244589
capacity: 199182
time: 54932
maxTime: 60000
LS1: 37030/38344
LS2: 465/1314
LS3: 0/0
shakeIters: 813
shakeLoops: 74
