4.47875:1442 4.4827:1557 4.60193:1895 4.6059:2267 4.62509:2597 4.72246:2989 4.72634:3792 4.75777:3934 4.7839:4178 4.78811:4296 4.79513:4444 4.80302:4758 4.80831:14398 4.82964:22827 4.84372:23142 4.84793:23849 4.85312:26221 4.86092:26298 4.86875:35242 4.88986:35345 4.90176:38119 4.90452:40759 4.93307:42835 4.9355:54080 4.94532:54845 
961 1575 222 1399 1264 1342 482 824 1299 165 1019 1107 652 1402 973 1654 136 1382 1201 342 1087 292 55 1090 1401 1675 1891 203 325 1796 1494 1819 1698 798 192 1594 233 303 1094 1919 316 653 782 1836 1872 954 756 1190 1894 1350 519 527 166 1830 1658 499 897 987 58 1369 574 1283 1516 1681 591 1892 1638 1275 654 80 534 1335 1886 1844 1951 1463 1655 689 935 1423 865 1810 1680 1653 1601 159 1924 792 647 1385 312 474 1012 1397 1632 1779 1273 488 807 685 1328 1933 1120 1088 1274 1781 627 11 1817 1756 1057 1590 1983 378 1461 1315 1649 1205 272 84 509 737 1248 67 1419 129 1229 1863 456 1788 993 1033 331 1164 604 1180 1657 1367 461 1846 645 100 1513 1451 777 279 184 1240 1302 1695 776 1990 297 1582 122 450 219 1852 886 1495 1589 42 1799 1839 296 1437 568 953 45 253 421 1593 551 1929 696 1359 803 178 1507 1320 75 1192 1828 1309 1118 727 2 821 572 932 1481 532 1044 1031 1110 194 1700 535 487 406 1404 161 1904 1623 863 817 88 1121 1143 1795 724 262 1126 1416 248 265 1351 1078 1579 1717 1577 1063 1727 1356 1127 1002 1361 1875 693 467 667 675 1783 1466 379 508 1814 384 1160 616 291 1244 1267 82 254 264 476 227 1913 938 48 1883 247 846 884 970 33 614 730 1754 130 1134 
minDistance: 4.94532
cost: 246728
capacity: 199298
time: 54845
maxTime: 60000
LS1: 35335/36676
LS2: 499/1341
LS3: 0/0
shakeIters: 817
shakeLoops: 78
