4.20833:958 4.45201:1654 4.45837:1729 4.49386:2072 4.55819:2432 4.6059:2882 4.62417:2956 4.66186:3150 4.66883:3442 4.6693:3562 4.7158:3953 4.72246:4552 4.72634:5426 4.74345:5489 4.74376:5575 4.75507:6343 4.78271:7396 4.7869:7451 4.78811:8336 4.81074:9036 4.81517:9128 4.84372:9945 4.84875:10278 4.89126:10341 4.89781:18781 4.90488:18839 4.9154:19415 4.92569:19472 4.93744:20290 4.94565:20951 4.9657:21697 4.96589:27750 
446 174 177 108 1604 313 1710 630 304 1797 1501 456 1476 1304 1735 1459 112 617 1419 12 47 550 1891 1344 1397 184 1094 1915 530 1137 509 1050 520 450 1914 1033 1654 1200 1573 1210 165 973 1118 954 1872 1512 841 1919 1248 73 1048 312 1486 1063 762 55 1756 1466 829 689 506 1839 1579 67 1008 1354 126 101 817 1175 1357 433 512 371 859 459 1959 1385 849 1825 1852 1916 129 1230 1720 219 1320 178 724 193 137 499 939 100 467 1626 534 906 792 504 773 1658 653 1933 1786 742 851 1244 1391 970 1515 1342 406 1156 227 277 1273 1582 1134 1953 821 74 1934 1213 1057 279 251 1544 81 346 639 576 1810 185 1003 1180 642 1448 1535 309 748 1727 917 1190 1383 82 560 455 202 1565 1121 1886 1523 58 1090 1467 460 1131 1463 562 1883 1912 879 1369 1996 1844 426 825 209 1205 1274 798 1601 1789 1683 1751 1256 934 626 1655 1980 568 1828 1116 1032 1913 1856 1955 1513 1975 474 897 1412 1659 616 543 1160 1239 427 1609 1481 1283 254 379 166 80 1645 1087 759 1495 161 1924 297 267 572 808 807 69 1306 482 1014 480 777 322 1356 1681 863 1223 1758 342 168 1842 1631 527 1044 1667 1111 730 262 1464 1560 247 802 128 1031 727 835 1267 1427 1875 1351 528 1979 1384 782 907 1376 627 687 192 1315 421 1229 1328 1909 358 270 556 
minDistance: 4.96589
cost: 246783
capacity: 199183
time: 27750
maxTime: 60000
LS1: 36901/38205
LS2: 434/1304
LS3: 0/0
shakeIters: 838
shakeLoops: 77
