4.38334:1110 4.39769:1313 4.39885:1466 4.45837:1659 4.47875:1753 4.56804:2049 4.58856:2231 4.60474:2381 4.6059:2760 4.61936:3181 4.62509:3464 4.66955:3706 4.69092:3871 4.69888:4046 4.72739:5772 4.72955:5882 4.73983:6648 4.80831:8364 4.83479:11876 4.84066:12030 4.84875:12509 4.86092:13966 4.86534:16012 4.8931:16886 4.90316:18861 4.90488:22695 4.90997:22850 4.92569:23080 4.93744:25188 4.94532:26587 4.96589:31246 4.96936:35153 4.97206:35261 4.98752:41230 4.9907:43097 4.99111:53935 4.99325:56979 5.00133:60001 
270 991 764 1160 815 499 74 825 126 340 184 304 906 1213 817 1886 1658 1029 982 720 645 1180 917 1682 1535 474 51 970 380 384 879 15 1190 247 1254 313 1087 243 1692 1569 427 1090 1875 756 527 161 1226 614 708 1205 667 1209 129 1892 318 80 1700 354 689 1654 647 1842 1248 253 1466 100 189 342 1428 762 935 907 1384 1469 227 1210 765 569 604 1507 1631 642 849 1883 1439 953 1261 693 459 81 1915 437 439 1681 1057 1776 1980 1580 480 73 137 808 1788 1114 1577 88 254 55 844 865 233 291 66 1017 1739 568 1019 1521 961 859 128 33 835 357 1448 1385 1356 798 1540 406 1814 1728 672 821 1368 42 192 482 1118 1888 279 1283 1762 686 1031 20 1816 493 123 58 1797 1094 1891 1306 1481 627 1798 178 737 1461 37 1033 1142 800 1320 1089 1302 1120 989 932 1756 801 1182 1501 727 1913 704 509 379 194 211 897 803 297 115 1796 1134 1761 1274 1256 973 1601 1299 358 166 1790 1634 1573 1697 1683 1804 829 1078 223 433 1909 1632 1407 1486 881 1735 709 535 1786 782 556 1063 1455 1929 1002 1828 1582 1119 412 1990 1810 520 1098 938 1863 616 1727 1675 1659 367 165 1342 534 983 112 1383 875 1335 1419 1975 777 1107 838 1645 1530 1315 579 1649 1380 1737 316 1420 1495 1894 
minDistance: 5.00133
cost: 246157
capacity: 199447
time: 60001
maxTime: 60000
LS1: 36243/37603
LS2: 465/1360
LS3: 0/0
shakeIters: 856
shakeLoops: 80
