4.21105:1167 4.28157:1408 4.36623:1718 4.41439:1919 4.48694:2323 4.48793:2419 4.50613:2666 4.52496:3095 4.52553:3402 4.55146:4556 4.60193:5106 4.68968:5417 4.72955:6894 4.74376:8370 4.80302:8778 4.83479:8866 4.84684:9153 4.84721:12142 4.86958:13787 4.87085:13843 4.88579:14042 4.89117:14097 4.8931:15248 4.90488:16963 4.93189:18822 4.93552:20001 4.94532:20294 5.00133:24447 5.0254:25049 5.02673:25131 5.03071:26886 5.03127:28215 5.03451:29586 5.04269:32297 5.0554:45478 
1094 995 378 929 1535 178 1089 1959 66 1105 1573 379 39 708 1796 653 1791 1002 863 1464 1247 247 737 467 1141 291 765 1735 193 1391 869 1788 879 709 1727 695 1894 1304 482 973 1087 817 1183 1114 1482 1975 1275 446 1267 1273 480 1947 835 825 476 100 1190 1033 1229 530 1369 1486 33 727 693 74 1610 616 669 2 647 1589 1513 450 1700 1645 1521 715 916 1328 310 821 1556 128 192 1658 1384 1019 1463 1846 1160 1797 952 1302 1697 626 456 1601 773 1386 1814 1134 224 227 421 1515 233 1801 1205 28 689 1063 633 509 1892 1453 161 527 1667 976 1856 1120 807 623 270 1649 704 1359 1244 166 645 1915 1216 304 1367 1335 1954 1090 606 318 1844 1739 1416 534 130 598 493 1408 1839 297 1324 1609 907 556 993 358 1164 426 1466 829 425 1863 1351 667 322 1575 101 897 1320 1274 819 1356 577 627 58 1544 209 1007 1720 406 1334 970 520 1187 272 1072 367 1385 1980 460 1299 1107 88 800 1031 1261 1451 628 55 1401 801 165 433 384 1455 313 179 999 59 1495 782 412 764 849 1626 212 614 1914 865 184 1032 1030 902 1910 889 875 117 991 1501 777 500 1888 853 642 1799 1461 1655 73 499 1582 1248 859 112 1579 1181 1886 1681 1101 935 1213 685 803 1830 435 1092 254 
minDistance: 5.0554
cost: 236924
capacity: 199348
time: 45478
maxTime: 60000
LS1: 37577/38882
LS2: 361/1305
LS3: 0/0
shakeIters: 909
shakeLoops: 82
