4.45837:1429 4.48314:1831 4.48646:1911 4.51708:2110 4.60193:2376 4.60489:2500 4.6059:2661 4.63451:3542 4.67313:3783 4.70279:4086 4.80798:4246 4.84372:4361 4.84508:4746 4.8468:4819 4.84875:5228 4.86092:6875 4.88731:12153 4.89781:13144 4.90316:14844 4.90488:16308 4.96002:17793 4.9657:23568 4.96589:23684 4.9907:26935 4.99111:51128 5.00133:56857 5.00813:56924 5.01949:57010 
178 906 708 1886 848 1255 304 1116 1205 1655 953 292 33 31 1328 1501 1120 129 1213 1794 1463 693 1387 115 1180 77 1299 1535 1739 777 907 535 1315 973 821 426 1107 1276 1798 262 161 1407 28 556 1883 859 623 1273 15 917 1359 291 550 88 1384 527 222 727 100 1521 224 626 709 825 1520 628 1233 74 1515 272 729 1229 579 734 209 737 869 1728 474 1464 595 1976 1716 1916 1423 1461 1862 309 1975 1579 1094 58 1032 203 66 707 1320 210 1092 1056 1090 534 1126 1839 1087 1019 744 431 1819 297 1672 1626 1474 1183 482 1649 1702 379 1495 1419 1640 461 798 1735 568 1658 1556 817 1111 1342 1267 1659 1486 1980 1412 177 227 645 823 1254 1667 316 1439 1072 724 1080 1781 1216 673 480 1512 1002 1814 137 939 1891 1428 1176 165 1801 994 476 1634 1156 1131 778 991 849 598 1033 111 1160 902 1654 897 1293 1751 667 1248 1892 1582 1788 808 1466 1306 412 1609 1894 1727 313 47 610 1141 616 614 189 1681 254 879 467 101 499 358 1369 1700 704 1720 1118 1577 1914 509 1764 1842 247 82 867 520 406 1063 1437 354 1872 1335 340 1420 653 647 999 184 1810 1913 1507 627 1769 858 1408 1211 1401 1573 166 1266 1453 276 1828 829 154 460 300 1478 1134 1314 1506 97 1756 1915 1924 285 1530 1589 1190 1283 835 1875 1796 1797 807 433 
minDistance: 5.01949
cost: 246187
capacity: 199241
time: 57010
maxTime: 60000
LS1: 37154/38465
LS2: 404/1311
LS3: 0/0
shakeIters: 879
shakeLoops: 84
