4.20833:1116 4.36623:1528 4.43878:1716 4.45181:1977 4.46741:2269 4.49538:2581 4.49816:2672 4.60193:3021 4.64459:3457 4.65013:3516 4.68516:3579 4.74469:3757 4.78811:3870 4.7912:3977 4.80831:7665 4.84684:7835 4.86092:8053 4.86534:9068 4.8831:10320 4.88462:10377 4.89781:10926 4.90176:13095 4.90288:14497 4.90316:15924 4.90479:16085 4.90997:17460 4.91677:18178 4.92572:27207 4.93744:27360 4.94473:30399 4.94532:36960 4.9657:37761 4.96589:43796 4.97206:44565 4.9751:45894 4.98956:45989 4.9907:55767 
491 1468 322 111 568 1796 1798 1367 433 1717 1485 280 696 410 831 1655 161 1654 1320 117 1658 467 476 1929 253 406 1451 1190 1883 879 1273 1118 1463 346 1575 973 254 488 165 1033 1601 499 1620 1594 1915 535 817 1354 1437 298 1385 1356 212 358 1506 1682 806 461 601 1703 1283 1935 450 1810 704 1902 742 1335 1580 1495 1110 47 1577 1063 426 708 137 178 209 1719 166 58 1151 1107 1507 1892 782 825 1469 1009 1391 314 1605 1383 1180 932 1727 1278 835 1990 23 1697 1030 970 1481 262 1596 1997 645 1094 1764 829 379 764 1216 303 1614 1464 1681 184 1306 247 530 1031 1328 1609 520 753 670 1191 686 1090 73 1573 1267 100 991 304 628 384 726 459 1528 1797 1299 936 1579 990 897 1384 1419 1143 194 211 1479 534 1739 1274 1123 821 1087 1735 1844 1315 236 1894 1888 1649 1878 798 1842 1816 693 1019 1171 1205 1120 1427 80 1702 1513 1561 198 626 1975 1134 613 1210 55 136 1626 606 340 1053 1114 325 119 1043 556 334 1569 1160 493 1576 192 279 74 972 177 509 1466 1781 953 1002 734 800 1913 460 1183 1874 1521 1486 1582 917 297 115 1213 1659 369 112 474 1404 1428 1248 1244 1078 667 748 502 1891 737 961 498 1293 1788 1912 778 1455 88 863 727 579 1007 33 479 1412 
minDistance: 4.9907
cost: 243248
capacity: 199288
time: 55767
maxTime: 60000
LS1: 36712/38049
LS2: 400/1337
LS3: 0/0
shakeIters: 900
shakeLoops: 83
