4.28157:1248 4.29081:1326 4.29594:1541 4.38334:1746 4.40142:1835 4.45837:2017 4.53232:2531 4.54449:2724 4.56496:2865 4.59925:3657 4.60193:3715 4.68942:3870 4.7158:4164 4.7251:4330 4.72955:4414 4.75426:5067 4.7839:5217 4.80622:6050 4.84875:7570 4.85225:7858 4.86092:8469 4.86193:8734 4.86362:10199 4.87487:12318 4.8931:12398 4.89781:14949 4.90176:15805 4.90279:26799 4.90479:29267 4.90488:32136 4.93189:32222 4.93448:37898 4.93744:41919 4.96589:42658 4.97206:43276 4.98956:45892 4.9907:59848 4.99141:59903 
1888 346 406 879 429 1116 500 792 74 621 1358 1438 1002 642 1486 1205 1515 137 456 841 1163 817 1917 261 934 1658 458 800 247 1134 572 1302 1367 576 689 222 543 825 1739 1230 1350 441 1727 253 1781 653 1248 1320 777 727 1306 1437 847 1427 1446 859 1479 66 1351 28 1825 1233 1090 1683 1180 1274 209 1844 1494 313 534 1797 1938 1863 1451 748 80 1952 1837 55 1601 1369 1463 130 1407 907 829 119 1089 1210 1667 1828 227 509 1814 1429 1659 459 527 708 467 667 1229 1216 821 1582 1466 875 808 1031 1226 371 530 1482 1183 1211 1098 670 1315 835 23 1561 673 952 1003 179 1404 184 1030 1512 178 318 1764 1105 426 1788 1072 904 1071 1092 520 421 1883 1634 704 778 556 1428 248 159 493 358 1160 1495 1573 439 627 1078 764 431 1626 1615 1892 1328 461 964 693 638 1996 457 1929 1819 1273 953 726 1019 279 451 970 1894 101 367 1547 1033 1810 1267 1293 254 1560 917 782 1736 1990 616 1384 1632 100 1119 513 73 798 1063 226 1261 1852 418 1412 1481 474 379 1953 1469 1295 849 897 1344 1391 316 266 1579 1700 1035 1501 626 1356 304 1784 82 772 995 1213 1720 1199 1915 532 838 1681 1820 1493 177 1141 1190 1756 1420 1654 591 709 1816 1798 1577 1891 297 112 1244 961 433 1908 1801 1342 525 1144 1785 
minDistance: 4.99141
cost: 244385
capacity: 199230
time: 59903
maxTime: 60000
LS1: 37956/39287
LS2: 413/1331
LS3: 0/0
shakeIters: 880
shakeLoops: 81
