4.50765:1590 4.51708:1723 4.55819:2342 4.57836:2927 4.60193:3051 4.60489:3567 4.65013:3823 4.7251:4380 4.7839:6270 4.78811:6396 4.79513:10674 4.79619:13356 4.86092:13562 4.86362:13680 4.86534:20012 4.89781:20078 4.90176:21367 4.90316:21561 4.90997:24369 4.93189:30831 4.93744:30956 4.94976:32357 4.95419:32512 4.9545:32694 4.98752:34976 4.98956:36565 
459 973 1369 704 1872 938 1909 1391 47 304 1609 1063 1953 272 1515 1446 907 80 1463 829 247 1362 1902 817 1954 1205 1839 604 264 1094 1002 335 627 101 838 1306 628 1481 730 1735 177 1739 977 433 254 874 1521 219 184 1254 1727 1030 645 737 1781 720 1407 1501 534 1949 1468 1126 579 1160 1302 917 1156 379 808 629 933 1118 1625 470 1275 1451 1559 1728 1466 295 357 1654 1221 253 535 1216 1455 1288 1461 1886 1582 455 1248 1879 1975 429 1814 431 498 531 1200 74 1223 667 853 1315 967 62 482 1328 1495 1385 1239 1229 1017 1883 1194 765 1210 623 781 1183 1330 897 1120 509 1990 502 708 476 73 461 499 1399 953 1507 590 467 1342 2 970 1427 520 1256 835 285 849 1032 112 1556 1356 506 1796 1033 117 807 1614 1797 1658 1842 1579 1798 1659 1048 58 77 1436 869 354 1383 1344 1089 426 1601 978 209 1700 137 1273 1448 669 556 1034 1512 1111 825 1116 460 325 764 1031 821 1874 165 291 178 1283 1247 100 1915 1913 322 693 1456 1274 1009 742 1486 782 194 1408 798 879 406 1535 1078 1737 1908 1810 340 1142 1213 1933 1493 1384 55 1412 11 875 1575 410 316 724 1844 1863 1788 1163 480 1267 1107 1596 373 748 727 990 1630 689 297 1943 114 1655 932 346 126 1912 1695 615 1631 726 115 859 
minDistance: 4.98956
cost: 245562
capacity: 199170
time: 36565
maxTime: 60000
LS1: 35969/37269
LS2: 415/1300
LS3: 0/0
shakeIters: 859
shakeLoops: 78
