4.15235:862 4.20833:1040 4.21385:1117 4.35499:1464 4.46741:1802 4.54122:2208 4.55655:2407 4.60193:2951 4.60489:3037 4.62207:5637 4.66186:6265 4.68516:6380 4.68942:6507 4.68968:6739 4.7158:6852 4.74376:8275 4.76803:8520 4.7869:8835 4.78811:10349 4.7912:12622 4.82964:15597 4.84066:17046 4.85105:22637 4.85611:24672 4.87085:24734 4.88682:25652 4.89117:29035 4.89644:29097 4.90288:31273 4.90479:31930 4.90488:40206 4.90997:40298 4.9288:40387 4.93448:42829 
85 1799 426 954 1797 1244 863 1334 474 1902 509 651 1019 1662 623 1814 47 253 675 1254 1466 1144 1943 798 502 918 1118 1739 488 1306 715 1107 1223 1913 1031 1582 1416 1657 194 628 1798 756 1344 708 1315 667 1032 1072 1180 247 388 642 654 977 1384 262 39 1362 1385 865 1972 1475 1575 1110 1274 897 1089 406 491 383 243 1863 751 1030 1369 317 689 1134 248 673 97 1302 730 87 1275 219 1959 722 291 1427 129 180 470 18 456 724 1847 1552 1191 1909 1654 1033 1762 1478 1267 128 1324 616 652 720 443 1194 614 1697 1675 1912 1891 1383 1756 1273 1451 835 904 1090 831 1521 134 753 737 669 643 1734 88 255 23 1707 82 1594 1717 1727 433 1894 527 1283 1839 1023 1162 1376 1490 499 577 530 1248 1828 384 1143 358 1448 1286 1502 1735 1601 178 297 1681 1210 1071 1328 1264 342 192 807 1468 1940 101 970 1596 1229 1561 1320 136 100 371 1844 1842 1464 1404 627 1878 776 322 695 1590 1495 1700 1216 58 1009 685 727 1163 125 765 1391 74 379 879 764 1213 1888 949 309 825 1372 1063 626 759 84 1367 1356 467 1463 953 1949 1702 177 1493 1645 119 325 1412 782 254 33 184 973 73 1379 432 1111 421 450 693 1131 1788 702 1481 1494 1872 1015 410 1796 1579 264 80 279 1140 1576 1983 583 1655 1350 
minDistance: 4.93448
cost: 246106
capacity: 199180
time: 42829
maxTime: 60000
LS1: 35821/37137
LS2: 447/1316
LS3: 0/0
shakeIters: 835
shakeLoops: 79
