4.21439:1009 4.45837:1513 4.57664:1796 4.60474:2192 4.60489:2538 4.62509:2903 4.64459:3799 4.72246:4037 4.80302:5186 4.81033:9461 4.83479:11506 4.85928:12964 4.8831:13127 4.90176:15747 4.90997:16487 4.94532:35381 4.96589:41560 4.96936:43128 4.97206:43303 4.9751:45556 4.98956:45720 4.9907:46373 4.99111:50518 4.99252:55595 4.99325:59335 
1797 470 1117 234 1501 1735 272 1163 1176 184 346 534 1118 1654 1610 821 407 825 1412 1385 1468 1739 1342 1183 406 687 1180 1464 616 1842 848 1909 1384 1943 1466 686 1539 707 1030 137 1205 119 1002 842 443 1602 1796 1320 1560 1875 653 177 1107 1810 1019 357 80 1700 1886 642 270 1506 1383 112 1230 1933 1437 1814 778 1894 193 1828 1210 509 1302 1996 1196 1156 129 865 702 1883 1727 1144 1244 379 1461 459 1190 1063 1351 1728 1888 1844 1451 1481 808 300 604 168 615 917 985 1632 247 101 1399 1798 1561 953 1990 318 1299 1515 279 1615 530 709 77 1283 342 520 2 74 426 628 1915 1762 1226 439 513 995 1788 1248 410 297 879 254 1601 1067 527 626 1764 807 961 115 1756 82 1427 1659 136 572 591 1626 316 1032 782 1852 474 1367 932 1913 1582 888 165 1350 1267 1736 493 194 209 1328 970 47 800 460 58 55 708 765 730 20 1667 973 1784 1891 431 1404 1573 455 322 1105 219 1335 1134 1369 1569 1463 354 1929 964 1486 1535 627 798 358 576 1392 222 764 1372 704 1216 1123 126 1863 1120 554 262 568 838 897 166 1356 835 1094 1512 1229 159 178 829 684 317 579 189 433 742 817 1655 291 1211 737 1781 667 1495 1106 1681 693 383 1306 450 1726 907 727 304 1274 1034 614 1089 1448 
minDistance: 4.99325
cost: 243143
capacity: 199342
time: 59335
maxTime: 60000
LS1: 37267/38591
LS2: 469/1324
LS3: 0/0
shakeIters: 830
shakeLoops: 78
