4.25262:924 4.43878:1345 4.49386:1644 4.60193:2045 4.60474:4560 4.60489:4668 4.66186:5146 4.67061:5333 4.70195:5584 4.70902:5649 4.72739:5944 4.77858:6186 4.7839:6417 4.78811:13517 4.79513:13577 4.79619:15841 4.83479:17314 4.84875:18118 4.86092:19039 4.86193:20522 4.8831:20639 4.93189:20819 4.94532:32485 
626 1594 1273 975 777 1412 406 1032 647 1839 1739 1852 314 929 1275 829 1659 1019 1883 58 476 297 995 1863 1894 798 1996 23 1053 230 322 1616 340 285 1994 1063 802 1828 1419 1915 1976 1324 211 1089 938 1728 1912 693 1797 1274 800 1254 108 1582 1953 1190 1949 474 530 1761 1466 987 101 1420 653 342 673 1223 41 279 1810 567 551 450 1012 459 1968 1796 1756 742 74 1116 425 1216 426 834 248 641 1842 764 1229 985 1267 1387 904 765 227 1971 253 33 1486 1888 1304 1090 313 460 247 1657 923 304 184 897 886 1580 875 222 82 1123 1502 303 1172 1226 516 1601 1959 453 1427 1479 1048 1244 1365 1344 1320 1474 1569 177 704 1716 974 1512 499 863 243 456 748 1248 591 1798 562 178 1408 642 579 1834 828 1350 835 825 1131 1506 1626 129 1306 309 1118 1031 1747 759 782 1230 121 917 1495 435 1210 1205 1107 1913 1654 1199 498 1579 708 1717 1100 432 1675 1451 224 627 1416 1916 1612 1749 226 1875 1160 1278 209 709 1886 470 1573 796 1357 1385 88 1892 617 334 1552 509 136 1163 1293 1593 463 1735 192 73 137 695 1213 1825 724 973 817 670 1315 1702 1372 1033 1328 100 1681 1342 1561 493 572 1964 254 1383 1698 128 1947 1295 901 1180 1453 1844 907 1817 1494 317 1653 39 1092 879 970 698 1134 378 1105 1367 1030 534 
minDistance: 4.94532
cost: 244164
capacity: 199169
time: 32485
maxTime: 60000
LS1: 35826/37145
LS2: 484/1319
LS3: 0/0
shakeIters: 812
shakeLoops: 78
