4.20833:1067 4.43878:1534 4.45181:1644 4.45837:1723 4.60474:2056 4.67061:2194 4.67313:2273 4.69092:2539 4.7158:6155 4.72955:6395 4.76705:6518 4.76988:7400 4.77858:9712 4.82015:11343 4.83479:13558 4.8436:14222 4.8468:14687 4.87085:14784 4.8931:14879 4.90479:15552 4.90488:18453 4.93117:19122 4.93189:20674 4.93448:24168 4.93744:24302 4.94532:24652 4.94976:26112 4.9545:31851 4.96589:36099 4.97206:44898 4.97367:50642 4.9907:52607 
247 250 1601 1655 467 1160 851 1180 635 628 527 1541 1427 534 11 2 322 1030 4 709 1852 821 1153 1912 627 1190 136 1764 233 848 1134 420 184 1304 60 1481 474 1380 63 1556 1087 1924 227 1727 509 1594 1163 817 1391 1002 1739 1342 1275 1463 224 1902 1846 1507 1223 1735 1640 884 1419 1451 616 1193 1888 1681 1998 897 1466 1205 425 1183 1105 1738 1675 1535 687 1140 1573 675 275 734 304 1369 85 1521 829 764 421 1579 614 1367 433 194 1589 902 556 253 318 726 406 165 1959 380 1799 656 1118 285 1187 1110 807 1248 73 271 1468 1892 506 1356 1244 1874 209 58 1273 86 1094 1816 1700 480 1143 1657 693 77 1865 1401 987 653 1093 1302 1632 1283 999 730 696 853 1844 1797 1090 33 1464 567 82 101 1802 1120 439 1756 1938 342 1910 1274 1254 1072 1315 1036 613 1615 1158 1915 1903 645 1439 531 667 1067 875 248 5 1328 1385 530 1261 1796 535 128 490 1384 1798 456 551 1788 1501 1063 704 88 309 800 222 1469 1736 1436 737 384 460 1560 1913 482 1842 626 80 748 1330 708 1659 74 798 1033 720 1267 450 479 1943 1582 1810 1863 695 727 177 297 28 973 178 461 1299 1975 1226 1828 1801 1176 1776 1023 1320 1495 1680 765 918 1416 568 395 923 689 493 1116 266 1335 1048 1891 1620 686 835 1516 192 1216 669 879 1210 
minDistance: 4.9907
cost: 244882
capacity: 199271
time: 52607
maxTime: 60000
LS1: 36919/38299
LS2: 556/1380
LS3: 0/0
shakeIters: 792
shakeLoops: 75
