4.31129:1017 4.49386:1651 4.55146:1932 4.55655:2358 4.57836:2474 4.60489:2533 4.62417:3642 4.63451:3758 4.69092:5435 4.7162:6099 4.72246:9168 4.76803:9455 4.78811:10310 4.84684:11202 4.84875:12078 4.86092:12846 4.8831:13287 4.90488:13546 4.90997:14351 4.93744:16666 4.94532:17548 4.96014:18818 4.96589:19484 4.97206:30773 4.97644:37963 4.98521:39595 4.9907:46410 
762 1205 1015 499 92 851 165 1515 111 358 1601 817 1183 340 1609 1816 1093 1143 704 849 47 193 1142 73 626 318 1328 1229 1657 1119 410 708 1021 649 653 993 686 1071 192 80 74 1134 1463 233 100 23 1819 806 1485 1990 1118 647 1267 101 1358 459 1561 115 441 219 773 709 672 1216 136 460 1111 1649 88 58 897 1479 990 378 435 929 1244 1631 543 467 1975 1883 1274 1495 1720 807 973 1507 1359 761 534 172 1151 303 1356 280 254 673 1320 1072 535 1180 1427 1788 757 933 342 1439 1306 209 918 304 1839 1971 1051 667 1342 474 247 1299 1915 1902 1929 33 808 379 1828 848 1131 178 1862 82 166 1680 1502 734 579 1382 1335 835 137 1892 1120 1700 1891 346 1107 426 970 1030 152 81 782 509 1160 286 214 1163 451 1540 689 1634 1654 85 645 1658 1089 279 1486 1002 623 1315 726 693 1573 875 1033 1872 1863 316 1428 1420 1756 1451 266 829 384 938 1508 1953 617 1888 1933 1943 1913 227 1090 161 1589 764 335 1283 1092 1681 1798 1248 825 119 506 748 1172 572 1302 1105 1764 184 1796 1369 1810 1735 1582 1717 1113 248 1280 314 1659 450 1176 684 1842 406 297 917 357 1655 953 498 907 1901 627 977 972 1094 1797 1019 97 1466 1114 177 1672 1614 508 720 1739 1385 879 1063 1607 1233 
minDistance: 4.9907
cost: 245985
capacity: 199274
time: 46410
maxTime: 60000
LS1: 37206/38558
LS2: 471/1352
LS3: 0/0
shakeIters: 854
shakeLoops: 80
