4.42808:1224 4.49386:1571 4.5052:2136 4.55146:2348 4.55655:4020 4.5773:4221 4.62417:4326 4.68968:4506 4.7158:4631 4.72246:4702 4.72505:5033 4.79619:5393 4.82563:5918 4.84066:5992 4.84347:8603 4.84875:10144 4.8831:10265 4.89126:10637 4.89644:11338 4.90176:11446 4.90316:11514 4.90488:12211 4.93189:14541 4.93744:19484 4.94532:20967 4.95419:49115 4.96589:53977 
1601 995 1283 1273 821 825 209 488 1359 1681 1267 280 577 819 100 1856 367 556 1894 433 1180 1437 88 632 1254 1916 653 1127 1910 1229 929 1466 1094 930 535 1123 1328 435 1847 276 321 450 1163 254 193 1053 1179 82 628 1056 1796 807 907 1891 532 297 897 1211 1105 298 626 1485 475 1589 782 1913 801 165 1797 210 1040 101 1367 938 1419 233 1842 1031 498 606 976 1980 270 1463 1756 1739 1213 1914 964 55 441 686 1342 108 74 1610 2 1205 425 426 1114 1976 178 765 1594 1758 1391 879 272 1655 194 845 1030 835 463 382 1764 1569 1090 1187 500 1530 453 1451 1839 495 863 806 1019 1975 534 572 342 990 1486 1160 1810 33 737 651 1369 1278 482 1888 693 1626 222 1512 379 304 1667 1490 136 1620 1455 313 1573 1244 1990 1506 849 1495 1120 179 279 1700 322 1493 1266 115 406 1248 1302 1828 727 192 1662 474 114 1428 47 829 1126 961 917 412 467 318 316 1275 913 226 1953 531 1107 58 1230 1784 785 358 1582 1156 1579 1872 309 684 695 1385 1747 1479 1216 641 1335 1063 579 177 889 1408 1401 710 28 480 1844 1863 1915 262 973 458 708 1320 509 212 1576 184 1814 1509 705 1801 1183 247 1133 1306 1226 729 80 72 1611 584 1384 443 667 764 1852 704 1883 340 642 1409 1781 1223 1728 1194 1299 
minDistance: 4.96589
cost: 241356
capacity: 199164
time: 53977
maxTime: 60000
LS1: 36371/37749
LS2: 528/1378
LS3: 0/0
shakeIters: 823
shakeLoops: 79
