3.28658:2309 3.31025:2571 3.36363:3231 3.39526:4264 3.41306:5018 3.433:6670 3.43825:7658 3.44292:8882 3.47211:9208 3.47397:9723 3.47563:10435 3.48024:17515 3.48888:17780 3.49575:18075 3.5196:19431 3.51966:19652 3.52191:22191 3.53677:22529 3.53713:23766 3.54943:28901 3.56444:29740 3.56609:30085 3.5701:55583 
995 1909 671 380 705 1063 1177 1059 680 1409 1927 1668 1569 550 385 1420 204 467 238 1214 176 115 1314 119 1897 732 509 1029 873 227 1962 1162 569 626 804 1200 563 1342 196 74 576 1942 1254 860 1703 379 1979 1468 381 170 1390 1023 1412 1415 414 209 397 224 1273 51 175 632 1779 295 1180 1762 834 1092 266 421 1351 1344 750 1097 1876 1305 534 1810 1955 734 1500 1396 961 1164 1541 504 1894 1466 1381 556 1745 1662 431 1089 837 1011 625 222 1395 1794 1847 1359 223 819 996 147 1886 630 597 519 1729 1652 1553 889 309 439 1631 1081 1655 453 42 1423 213 825 984 1107 1374 884 638 1958 432 1090 1570 4 831 1408 193 1058 800 525 1566 128 1329 821 520 849 617 1766 1042 47 1475 503 1234 1144 870 532 60 511 1960 490 375 955 801 1223 1444 1078 416 425 976 1669 152 315 466 844 778 340 933 1414 1461 1996 1954 823 575 1893 777 684 100 293 1842 574 623 1203 111 68 1407 1761 1680 50 406 214 886 856 1350 1473 155 628 1777 1017 1121 1844 58 1371 1797 938 1207 110 498 1035 1304 795 1313 363 1614 211 136 1540 1972 1479 828 178 1053 1040 1300 1284 447 1782 1929 1709 1645 1649 1229 459 1915 1726 435 1835 1171 1788 1536 845 259 450 1888 1901 1943 983 1910 1575 1878 1542 125 672 1071 1427 160 985 1118 1137 429 668 880 1125 30 328 1715 1227 868 715 1139 673 1700 1119 476 765 1084 506 1142 1696 548 1375 1248 164 1933 1783 461 55 133 23 247 1391 883 1021 794 1257 1454 229 1310 1369 1008 478 470 1194 418 368 1195 1609 1875 1513 1817 1140 1051 512 284 596 114 953 1502 1593 902 639 1054 558 1526 1900 474 1596 944 198 727 1983 77 793 1994 1772 1402 866 829 197 156 637 1952 396 702 891 931 297 43 1451 1950 1938 234 772 616 388 1478 667 771 878 1459 65 991 907 1476 497 989 1544 358 1219 724 917 341 1216 1091 1916 1856 1490 704 285 283 1579 1657 1086 1959 782 1124 642 480 1872 835 40 1913 244 875 1277 108 369 1250 969 1883 1917 1349 635 16 848 1143 621 615 87 1756 199 1968 248 1205 1770 1481 
minDistance: 3.5701
cost: 368952
capacity: 298746
time: 55583
maxTime: 60000
LS1: 21002/21938
LS2: 418/936
LS3: 0/0
shakeIters: 495
shakeLoops: 43
