2.77378:228 3.10811:1736 3.10871:2125 3.22623:2800 3.25654:3399 3.28658:3571 3.33998:3977 3.37915:5326 3.39526:6370 3.39754:7956 3.39897:8056 3.40508:8784 3.41306:10701 3.433:11638 3.44955:11882 3.45019:11981 3.46675:12323 3.47211:12475 3.48024:18693 3.48888:25351 3.49432:28187 3.5196:32088 3.52191:32509 3.52418:38907 3.53677:39136 3.53713:46229 3.55763:55064 3.56609:57887 
485 358 23 198 1250 509 805 1420 1977 74 617 1303 584 331 934 229 16 646 130 534 26 1842 1287 197 1521 1188 1544 368 1511 1942 520 1408 1347 675 1697 892 796 1536 1769 1659 1314 13 734 1938 1886 1719 944 283 983 1234 844 590 47 615 1979 1975 1454 1192 466 1017 1268 1668 782 1399 266 1972 1455 1164 1071 176 1513 597 366 955 433 1371 1446 987 1526 677 1609 1794 1021 223 780 192 297 969 828 1706 1912 1812 58 1409 1542 702 596 895 705 1478 961 1488 194 1213 1701 1376 392 453 1461 1476 1320 607 765 1466 428 1745 1181 673 1230 1350 339 891 1664 669 458 65 1284 512 616 488 829 1381 1402 199 222 1566 423 530 116 1779 1118 162 1195 376 637 115 1713 53 592 1395 940 396 1369 1207 866 883 516 933 1019 834 964 1459 1126 881 418 172 478 903 1994 1086 1703 1159 1089 1219 1206 1724 1299 1864 1430 60 1432 931 314 1647 1204 574 825 1808 1806 953 976 1631 514 1894 1494 1561 662 1777 1589 575 165 1304 211 2 1035 727 1403 1952 209 1569 686 204 1248 1229 1237 985 1011 1062 873 414 552 1074 771 341 438 303 1761 1211 432 1884 1888 170 870 688 155 1943 1273 1444 581 464 1029 1951 1169 943 1646 941 1023 474 498 470 904 777 1231 1556 1239 193 748 1649 801 136 100 421 1117 630 752 1807 845 429 1983 227 1579 800 259 1996 1855 1125 425 1254 1645 1593 1105 1042 133 20 1451 444 1393 316 860 164 1680 1205 1499 704 506 724 42 1957 525 1875 40 1753 1091 1576 1756 1960 563 907 554 917 1423 897 999 119 126 1959 1468 379 160 1636 381 1929 82 684 1839 1500 1700 932 313 43 1226 1009 73 849 1008 328 984 1610 1342 1414 1655 156 1344 635 1391 1781 55 558 1437 456 1553 990 848 224 272 1407 451 1709 1223 1901 1397 821 1084 476 1620 1244 1335 351 1954 435 1194 1726 1142 1140 556 1783 960 1915 295 1059 550 395 1772 111 1481 427 1116 618 938 1577 819 406 1151 1630 1814 638 1242 1917 1101 1590 1516 2000 214 1051 1810 880 667 389 888 1517 1612 1302 623 254 157 1482 1773 1401 284 1675 725 151 1412 1897 1541 293 1172 1750 150 234 1122 1473 431 66 1475 511 1349 1867 1221 875 731 529 1833 1147 
minDistance: 3.56609
cost: 369270
capacity: 298754
time: 57887
maxTime: 60000
LS1: 19051/19912
LS2: 425/861
LS3: 0/0
shakeIters: 408
shakeLoops: 35
