3.30682:2642 3.33278:2940 3.37653:3479 3.41105:4243 3.44955:4877 3.45306:9284 3.52191:10892 3.52418:11063 3.53677:11265 3.56082:11718 3.5653:12461 3.56609:13716 3.5686:30869 3.57819:33448 3.58823:41524 3.59666:41733 3.60057:43511 3.60601:43691 3.60614:43868 3.61394:43970 3.62229:46702 3.62429:54267 3.62789:55676 
1910 1056 1144 1601 1475 1219 164 1929 573 1063 1416 379 222 534 689 1284 1632 986 1137 1556 875 289 933 860 892 1414 844 801 432 272 1106 41 826 116 1803 732 1035 311 1071 1359 211 475 1074 1652 1180 47 509 989 1659 1268 1200 1703 1577 953 1531 636 995 1438 1799 1912 428 199 1566 1842 295 606 1570 1437 513 435 259 362 1935 539 1915 739 1117 380 563 808 1779 1380 1107 1955 1413 100 1468 180 1542 1502 458 1187 1909 724 141 987 585 1399 1825 1655 108 1819 894 170 1211 1042 1521 1357 886 396 55 1273 1011 777 1526 1466 1706 1436 878 626 1451 941 965 1854 597 1513 906 60 1227 130 641 652 646 110 1844 1310 16 828 1172 1250 1480 793 1712 619 1473 247 891 864 1396 87 1407 1122 991 705 1081 1215 77 266 516 427 1019 160 1794 209 176 1423 32 1760 944 2000 488 780 805 1646 1541 823 15 870 1051 1095 155 1866 1979 1868 584 35 525 204 1696 1084 1223 74 615 1408 425 1938 1593 1028 1959 1810 194 552 386 1609 1684 1669 1461 439 653 1500 938 1756 1671 768 804 1700 1544 1444 907 1233 1596 726 955 673 397 284 984 1023 1933 1509 1590 917 1190 751 1983 214 1479 1459 1050 161 88 834 596 1951 1376 293 339 1553 1635 775 136 1177 1897 1631 1155 1766 1750 1867 1192 1248 1188 684 1216 283 672 627 581 1481 1902 330 1372 1234 727 1682 1977 450 58 1371 1579 172 506 1118 1954 1029 112 721 1409 165 702 303 1664 819 1773 193 765 668 553 152 1229 42 1453 1943 1194 1806 985 613 951 429 873 1667 734 341 1569 858 1474 1099 1649 1745 750 1994 1630 866 1131 902 1492 234 1852 1344 961 1960 309 1560 375 831 65 574 1540 1575 297 181 881 389 358 795 244 418 1003 778 431 1516 1420 638 1817 384 1302 1368 198 1788 788 1391 1161 317 1121 490 1415 411 229 392 519 498 1717 224 1226 849 1412 331 185 1439 440 1726 897 1913 1894 459 1545 1764 68 1762 82 565 406 1054 829 1952 119 1642 677 1680 1901 630 1314 467 485 761 1329 725 1124 81 845 628 1313 149 1395 1727 1798 323 1091 1454 123 254 421 461 787 1147 1361 821 614 975 1320 1017 1917 409 
minDistance: 3.62789
cost: 362437
capacity: 298762
time: 55676
maxTime: 60000
LS1: 19828/20743
LS2: 464/915
LS3: 0/0
shakeIters: 428
shakeLoops: 39
