3.37653:2718 3.39526:3545 3.40508:4237 3.41105:5441 3.42492:5729 3.433:5902 3.44955:6050 3.47211:8967 3.4728:9583 3.49432:9672 3.5224:10831 3.52567:11455 3.52571:11598 3.53713:13351 3.54808:16474 3.56065:16985 3.5653:30967 
1290 1951 759 392 985 1819 511 1342 28 1717 1821 498 1955 801 1420 1806 795 1349 702 379 960 1257 973 793 1124 559 1695 1513 1544 1570 110 438 749 1922 1064 1089 262 1473 193 1886 1923 1396 1788 1381 1172 755 1678 1229 677 894 74 1453 916 1118 1703 164 1726 204 637 1314 396 388 518 1798 1825 828 1244 539 775 846 1159 23 1935 229 17 1493 1035 1689 1709 563 1827 933 992 1011 817 339 1601 804 284 1959 1010 509 686 119 1864 1131 614 1059 1203 1803 720 1163 1994 1450 1216 95 1517 1893 1667 362 420 1669 126 160 638 944 684 1912 1412 1028 1475 1240 1162 1815 321 1176 470 521 1590 367 765 705 1488 704 652 935 1516 1954 1409 866 1009 1634 1682 1088 1852 1972 1847 596 1154 1387 1402 1109 1813 123 60 873 254 1268 1782 1933 324 835 360 989 1213 756 1147 1459 49 248 984 1271 632 1652 1505 421 627 1915 476 672 1332 1764 1541 1659 1479 1071 136 1256 724 1480 769 1637 800 1511 432 891 1589 771 734 1753 1329 883 1916 115 1962 2000 1696 128 1273 630 1547 234 1190 1058 1924 121 534 444 376 1053 154 1008 1713 1091 829 1335 1164 1194 68 515 869 459 15 1681 870 32 821 819 1430 1609 1414 100 58 322 1500 1503 292 1017 1495 602 265 327 1773 934 1413 556 1023 259 859 44 1786 1481 1368 425 575 1593 211 1810 1902 82 1371 1975 491 1086 1476 1747 778 548 1542 938 1553 1454 2 1952 159 1646 1910 1451 1938 1366 504 390 155 1943 175 1293 976 1191 1521 1467 1107 1846 1582 1207 488 923 1248 209 1865 1405 59 297 1466 445 431 244 458 111 375 1144 309 1672 1277 1117 1344 1929 1630 363 1272 247 668 1927 917 1978 1437 359 1012 264 1913 20 1423 1169 1054 266 1359 104 176 1977 16 223 1081 788 1003 514 1121 1002 1817 1485 1507 406 1142 1762 1407 358 1294 615 617 1468 1351 341 1233 1223 1320 1051 293 941 447 303 1835 295 907 1226 849 331 1315 475 1227 569 1569 1219 1575 1247 1577 996 1401 1894 1084 777 1844 291 1649 480 1750 1888 1180 40 1766 1675 1777 681 1671 66 397 1540 1656 130 1631 708 1917 506 1724 969 1796 990 520 525 1446 782 834 435 1545 1074 826 618 1184 
minDistance: 3.5653
cost: 366767
capacity: 298966
time: 30967
maxTime: 60000
LS1: 20602/21473
LS2: 390/871
LS3: 0/0
shakeIters: 464
shakeLoops: 42
