3.12206:1594 3.24695:2264 3.31025:2685 3.36363:3341 3.37915:3661 3.38158:3882 3.396:6852 3.40508:7043 3.4077:7335 3.433:8360 3.44292:8447 3.44955:10486 3.45306:16239 3.47211:19572 3.47559:21276 3.5196:21958 3.52191:23958 3.5224:24101 3.5297:26943 3.53528:29714 3.54808:29947 3.56082:30860 3.568:37427 3.5701:37898 
899 924 1509 1810 1361 1233 881 905 688 592 1221 1682 136 1035 435 512 1391 1268 446 369 1806 831 1951 785 1657 617 246 1320 303 476 1527 1772 1207 1402 389 81 162 438 411 467 873 1144 1449 1046 1027 1114 737 665 509 363 667 848 597 1369 408 1933 1681 119 158 1125 1912 74 1556 845 715 1855 1581 992 506 846 985 995 1779 558 88 1010 175 550 266 1671 78 1203 878 503 1737 1957 1703 439 642 1829 1701 615 614 1159 41 247 771 1142 1360 1715 955 1117 1590 1453 627 891 289 100 60 1455 1706 483 115 227 1724 259 837 309 976 990 1910 798 1180 234 1696 1444 1475 1954 1764 1329 1032 1669 1084 1161 1917 511 1913 155 1689 1284 1593 623 297 1601 1808 1335 1436 1407 1342 1713 683 176 50 1051 222 1451 207 1745 668 1542 392 1033 988 1980 1533 987 461 1609 834 1258 498 1071 935 488 2000 1309 1762 458 296 1118 295 1351 1473 111 1210 314 1634 825 645 500 777 1438 432 1924 1054 1934 1540 1990 520 1219 1162 358 406 829 478 1943 941 1534 953 1350 179 1408 1994 1700 164 331 793 1277 1454 705 1330 907 1777 916 1199 1315 821 1299 1561 720 880 379 223 1091 1242 789 961 229 283 360 1116 159 1807 193 396 969 965 209 1154 1486 1074 262 1915 1989 1544 574 1059 421 1487 1782 1275 619 1875 1042 1087 1012 1541 1379 431 1508 568 1100 254 1095 933 1211 108 828 1418 1456 725 1655 525 143 1322 684 1883 429 1022 1109 1962 1786 160 1680 918 1390 1019 459 639 490 739 1362 1969 470 1134 1938 902 938 1513 975 1516 1649 224 1093 1630 606 1011 51 1481 581 1089 805 748 1819 339 795 11 1963 198 1427 1124 1466 170 1143 1060 870 1515 375 875 521 984 513 646 157 214 1843 1493 863 1753 1086 215 1652 630 211 996 1959 128 1254 1709 1903 20 563 796 677 313 1795 1577 1461 1838 801 710 161 755 1631 1194 1029 1579 1901 293 819 1226 1773 1814 529 1659 95 534 1909 1717 712 1457 647 702 1344 1119 636 1412 1107 1313 1131 1314 1290 1155 672 1766 652 504 637 1023 1375 1256 906 983 626 686 1008 1216 475 1420 638 944 272 1620 1062 699 1952 835 480 1629 1536 1894 858 596 1349 58 
minDistance: 3.5701
cost: 369465
capacity: 298998
time: 37898
maxTime: 60000
LS1: 19110/20014
LS2: 454/904
LS3: 0/0
shakeIters: 426
shakeLoops: 39
