3.28732:2437 3.31515:3815 3.36363:4356 3.37653:4768 3.39526:6316 3.40104:7427 3.40443:9407 3.4077:9511 3.41306:10264 3.41848:10472 3.44955:10985 3.49041:12684 3.49432:12976 3.49735:15253 3.51246:15460 3.51942:15744 3.52191:16082 3.52571:16296 3.5297:16585 3.53528:20051 3.53542:20992 3.53677:21406 3.53713:21601 3.55158:23819 3.56139:24173 3.56444:25436 3.5653:30555 3.5701:33598 3.57819:33682 3.59833:35374 3.60056:36536 3.60057:47012 3.60127:47113 3.60601:48529 3.60614:51993 
1106 1835 111 834 1190 1023 642 1779 759 60 1959 1542 902 1059 1234 1162 1816 30 485 725 509 699 1960 1395 1451 1915 1745 81 368 1200 1620 1227 1951 312 1590 955 476 534 1694 1796 459 1207 69 395 16 827 1399 705 637 1042 577 672 455 1247 84 1901 375 1968 154 1609 15 115 1772 983 1226 298 646 1917 49 1124 1794 1071 704 1659 1064 145 327 1409 849 828 224 119 688 1021 1521 875 1747 1647 1979 684 1667 1922 990 1051 1879 1682 1287 1927 1028 1407 293 614 1593 1412 869 991 780 1091 59 748 845 1783 1320 1782 379 66 1145 996 164 1972 1912 1216 567 295 1388 1946 513 982 1376 931 432 211 334 715 461 246 870 1933 844 1753 1493 1429 1239 1257 1272 1955 1810 878 727 953 721 504 1367 108 1684 736 259 737 1053 1658 160 1649 633 1142 1756 1717 821 412 1403 497 1764 488 1777 584 1526 1098 1803 1274 750 1852 470 1459 1084 1242 351 416 527 575 1902 976 214 1329 917 389 1310 313 1180 596 1029 778 1855 1092 1728 574 708 1219 1468 938 1943 1513 95 1544 716 1024 1481 1569 42 1696 1844 825 1989 159 548 563 483 429 702 985 1223 1767 749 152 1058 761 1442 1122 823 686 840 381 959 1017 223 1579 1090 936 933 341 1705 507 1655 1631 478 439 873 1118 406 1556 1480 732 316 55 1418 1652 450 1089 812 467 1806 1267 1003 31 1009 635 685 1147 1977 1645 807 1646 984 907 297 114 801 512 1461 1929 1163 1035 1112 1342 176 777 175 1502 643 1414 110 475 74 339 1828 619 1309 1420 229 1268 498 673 447 1553 1561 1786 795 1359 1509 360 638 1105 1063 172 1314 1950 1344 520 1669 58 141 1910 1909 1205 771 921 1807 1368 1817 1766 800 322 518 328 1093 303 1125 1313 576 1821 1713 1703 1726 511 969 552 1002 1054 100 1566 431 157 266 1427 423 165 396 421 1117 514 1833 1277 1750 1454 1894 829 1762 88 130 272 1709 880 1507 1408 1273 1371 886 1213 995 1010 1541 734 944 1099 193 1032 1391 435 1938 222 941 1194 765 860 831 1081 1221 891 234 1601 28 1978 1952 1164 615 1473 1727 1575 392 1094 309 1680 1954 979 572 677 1934 630 884 1742 136 
minDistance: 3.60614
cost: 366318
capacity: 298738
time: 51993
maxTime: 60000
LS1: 18644/19562
LS2: 472/918
LS3: 0/0
shakeIters: 411
shakeLoops: 35
