3.25533:2559 3.28732:2850 3.31025:3593 3.39526:4128 3.40443:4357 3.42492:4773 3.433:5826 3.47211:7671 3.47563:7821 3.48024:9341 3.49575:14982 3.49735:18705 3.51213:19104 3.52191:19946 3.52731:28198 3.5297:28562 3.53129:29908 3.53677:31572 3.5653:39267 3.5701:40685 
1215 684 795 1479 48 727 211 1416 1544 1915 375 58 250 513 1455 1316 43 1659 160 1320 755 645 363 1521 1756 1035 1652 1977 286 1804 1795 1481 990 1485 60 1518 989 1216 1088 934 1513 892 705 1590 1929 794 777 976 991 1098 732 309 1541 112 1875 511 1271 748 1226 1860 750 296 931 1194 1963 1407 1680 1444 1207 123 293 498 1409 888 1154 1344 1044 716 1596 1375 1810 1117 1553 906 1349 933 156 128 1342 780 17 801 1727 1078 917 1357 1983 902 164 204 145 1813 1662 529 884 100 1280 157 303 699 825 1402 1649 1179 1493 1502 192 585 1979 1155 1912 1726 804 341 212 1802 223 1107 1766 313 1668 1177 1927 800 1569 574 397 458 74 312 1003 823 606 789 877 155 1162 331 1423 135 626 1229 246 873 1717 530 119 938 1612 1161 297 1412 346 638 284 189 1994 1006 1144 686 1223 812 1783 858 283 434 1757 1503 1062 668 88 1700 910 429 674 1487 1655 1933 575 1396 176 1938 1837 520 996 421 1468 259 689 1371 1905 1304 570 725 490 965 1273 1761 1579 845 1050 969 425 831 1593 1488 486 875 1473 229 431 141 565 1527 1828 1901 1369 720 162 1388 1346 1124 829 646 1224 1779 432 170 1709 1968 834 358 1091 907 1020 1950 1923 439 848 179 1017 222 243 982 1125 1561 1609 1092 739 143 576 108 1715 435 1772 503 849 265 636 1706 1694 1374 379 1764 1910 870 254 406 1299 1143 1019 702 941 115 796 1248 519 392 1414 1486 47 154 193 1051 905 1985 1089 509 1509 1171 715 1242 266 1233 1461 1032 35 418 837 1002 563 1071 1952 1147 249 1935 1631 1782 1954 627 1391 531 1474 821 630 1268 899 1399 1164 295 172 81 111 635 1819 1029 1475 583 1054 1815 1799 995 480 1499 953 339 1959 1750 1438 219 844 614 1239 272 1466 515 485 136 488 625 1854 369 734 1081 1835 1180 1390 1724 247 1598 1350 859 1302 1560 985 1913 944 1437 224 1145 1333 1917 1669 455 1008 1351 916 819 572 1187 1084 1536 1459 95 915 46 1219 445 414 264 955 1646 1372 1199 1214 433 552 1814 359 1074 4 1453 1059 940 972 357 175 1517 782 1791 16 1664 1807 1675 1023 584 534 1073 28 688 619 1762 1335 451 
minDistance: 3.5701
cost: 366561
capacity: 298733
time: 40685
maxTime: 60000
LS1: 19665/20533
LS2: 415/868
LS3: 0/0
shakeIters: 433
shakeLoops: 40
