3.28658:2473 3.36363:4301 3.36382:4486 3.37653:4649 3.39404:5050 3.39526:5260 3.39897:5700 3.40508:6630 3.41105:7603 3.41306:7703 3.41322:8613 3.41848:12274 3.42492:13365 3.433:15125 3.44955:19219 3.45019:28722 3.47211:36638 3.49432:36724 3.49575:39648 3.51246:39861 3.51942:41556 3.51966:41740 3.52191:46586 3.52302:55207 3.52571:55440 3.5297:55751 3.53129:56235 3.53677:59158 
328 1657 1438 160 675 87 65 632 193 178 1059 1024 1242 1992 1329 1294 284 503 1954 1761 341 1466 95 1745 60 123 227 725 152 1088 414 84 406 325 1456 453 792 1383 1316 297 319 978 617 435 1989 488 1564 823 592 42 941 803 1164 518 1760 645 266 775 172 1432 1680 128 450 1844 1302 1978 1051 1391 618 986 373 1058 432 720 1590 1766 529 100 497 1216 395 82 1494 1244 2 476 1544 397 253 1817 749 1912 1086 771 1547 1726 48 713 20 1652 556 244 1943 1033 1700 1645 1870 81 1806 884 229 834 1933 902 23 418 15 577 1669 1799 1926 627 99 1053 667 498 59 642 878 1248 1468 1607 1349 161 295 1779 726 973 670 668 1179 1917 473 1412 1485 1942 1142 157 1582 1002 931 626 470 509 875 1783 1342 944 459 164 904 1233 165 1147 1401 1427 1694 907 1098 1163 673 421 1481 1081 873 979 1199 686 1313 1473 1727 1983 1171 826 1764 1144 58 816 1310 513 313 1092 759 821 1835 1737 1143 574 1137 1508 795 1675 1682 1475 1631 1773 309 1659 388 343 223 712 1593 1138 1205 52 1756 51 863 1883 1889 1569 254 416 1203 1561 1928 801 327 247 1469 755 1087 646 1181 1542 1066 1011 1762 1125 1577 1351 47 976 1579 1915 369 1407 844 41 1320 1750 1097 1089 1500 427 1951 1214 234 1229 176 885 1952 750 546 1151 870 331 1124 583 684 1191 715 259 1090 1938 1257 119 1102 819 984 569 179 1901 1927 1219 392 1112 1054 638 1772 1888 1630 367 1032 1591 1028 877 575 1371 1533 849 311 379 396 1649 1357 218 1620 772 272 1609 475 74 1502 458 1979 1829 1008 1905 1709 1105 527 1541 1703 1867 918 339 478 219 519 1461 596 796 1654 1828 283 705 732 1647 828 1399 777 1429 162 890 1019 1686 466 1398 1782 1035 1268 445 1117 1402 154 938 431 630 211 965 602 530 1717 991 417 1023 1803 1017 886 49 794 358 606 953 521 964 1916 382 1221 1665 1556 1129 969 829 788 111 1898 825 136 264 1194 398 491 1071 1230 1536 40 597 442 1381 467 429 1084 1985 1044 672 1029 1291 1273 357 677 293 1842 990 1361 1177 1213 1810 1804 1322 155 238 1403 739 1655 1207 381 550 688 933 
minDistance: 3.53677
cost: 366134
capacity: 298934
time: 59158
maxTime: 60000
LS1: 16141/17086
LS2: 565/945
LS3: 0/0
shakeIters: 352
shakeLoops: 29
