3.128:1606 3.24695:2102 3.28732:2562 3.30644:3502 3.31025:3594 3.36363:4150 3.39404:4759 3.39754:5090 3.41306:6434 3.44955:14847 3.45306:15068 3.46675:15443 3.47211:15751 3.48024:16187 3.49575:17617 3.51224:19132 3.51246:19381 3.52191:19618 3.52418:20391 3.53129:21124 3.53677:22775 3.54808:24444 3.55626:27085 3.56082:30614 3.56444:30736 3.5701:39754 3.58823:43119 3.59268:43315 3.60056:48909 3.60394:52361 3.60614:52532 
796 1456 1894 630 1350 511 1783 727 1475 641 66 123 1486 514 31 907 1915 765 1335 953 1478 585 955 803 1059 392 1071 529 1012 1659 410 16 1207 1916 1149 1220 1368 1017 199 1106 817 614 1772 793 1011 1042 1933 934 1958 1453 284 1062 244 1575 277 478 487 1542 1107 1058 891 316 49 396 1962 736 638 1816 1021 1374 995 1667 884 28 506 828 1242 1233 229 520 1749 254 1137 1786 1461 1034 1934 180 938 750 1459 677 1444 1938 1442 331 192 1631 1018 59 933 672 1601 1398 1429 259 379 1507 1250 1194 178 1664 1219 447 40 459 606 1810 1924 360 870 193 393 435 262 475 1028 266 1705 534 819 1451 119 162 1466 1657 526 1517 161 1023 1237 1244 1703 1700 1371 1438 1226 152 81 23 1842 1541 1727 1544 1627 1351 823 1580 1255 304 1983 792 1040 990 1505 1570 1147 462 1342 1954 883 18 461 1089 1142 296 297 849 1952 1782 314 1806 1302 159 265 1751 149 395 916 1181 1762 917 1468 996 128 1803 825 581 1929 858 1221 512 41 1996 1180 1614 138 1118 1935 720 725 1577 1051 782 223 834 432 688 58 596 1833 1579 739 755 1977 1003 303 309 1500 60 961 1254 1609 1799 1033 1717 214 55 100 1675 686 11 1171 1912 1620 936 115 987 1423 283 613 1901 801 509 1540 1223 1074 618 976 272 1474 1240 1177 1117 636 1203 176 1593 1054 1695 1358 1239 488 568 552 1420 615 341 194 486 1247 1084 295 227 1162 795 1399 826 1101 580 645 1329 1694 804 458 1951 1299 1994 397 759 1151 663 1032 111 1565 1414 1923 470 639 866 789 1546 406 1889 1887 873 518 1870 878 1390 1569 160 423 1473 1726 574 73 429 15 19 584 777 1273 222 213 749 170 1437 1927 1649 665 597 1216 1724 1091 1844 1407 1909 251 1835 1164 1652 935 930 944 1105 136 375 1200 1199 969 635 1248 425 1213 1921 1268 1680 984 74 1737 786 1035 358 1917 339 771 651 165 619 1094 1097 734 421 442 1172 2000 845 431 1372 1979 780 1163 1191 224 1513 1375 1454 503 1678 1314 960 211 1527 285 675 1865 1090 1910 979 732 1112 1573 941 640 846 1697 445 328 1086 434 234 1942 
minDistance: 3.60614
cost: 365879
capacity: 298739
time: 52532
maxTime: 60000
LS1: 19689/20598
LS2: 435/909
LS3: 0/0
shakeIters: 443
shakeLoops: 39
