3.18056:2029 3.19707:2389 3.28732:3169 3.31025:3537 3.36091:4089 3.36382:4316 3.3732:4922 3.37653:6189 3.37915:6605 3.396:6851 3.39897:7082 3.41306:7313 3.44955:7803 3.47211:7934 3.47563:10714 3.48024:13834 3.48314:20132 3.52302:20329 3.52571:22039 3.53528:22605 3.53648:22878 3.53677:22996 
1894 84 1042 596 1112 870 1199 227 556 618 1727 1466 1444 1917 450 1457 1726 1044 36 435 1565 638 512 1521 453 1229 1513 309 417 311 1815 530 172 777 1717 1207 42 1247 1051 74 1827 520 1230 16 615 1488 1783 224 1604 458 425 1767 521 1806 759 297 1659 969 1233 535 947 1028 503 1172 720 755 1432 864 414 1575 314 976 1503 59 1027 1074 1480 1351 780 586 43 1789 500 1090 154 444 1344 1807 1745 724 1756 259 1237 1298 1366 1593 264 933 1753 1671 821 480 514 805 642 1886 1006 1063 993 389 160 829 748 48 1479 1058 1500 1258 1686 1412 192 1342 1909 1553 902 1762 1383 316 418 663 303 119 1746 772 438 1287 837 238 358 223 467 987 584 180 423 877 995 1409 18 904 550 1888 793 1661 1008 1144 395 1847 110 1380 229 128 1084 1649 1562 606 60 581 161 1071 1369 1817 432 440 749 164 1916 1884 40 873 1137 637 1316 1942 1938 982 433 1461 1577 488 1646 674 1040 1810 339 1221 910 1154 122 1473 509 1454 111 1915 1672 1250 1647 115 254 1542 941 1952 1645 342 1802 1664 1438 1303 1313 907 1129 193 1019 396 1527 1872 77 1905 1680 558 1904 1468 1929 1573 1700 170 1147 865 1772 1475 817 785 1951 838 1994 1159 445 4 1059 673 1509 996 1297 1794 1652 341 176 1309 1912 602 1531 459 1280 1761 1427 627 1536 961 362 866 1609 470 1844 1786 684 1893 1705 100 1927 381 552 1216 1937 771 272 1357 1054 1314 938 795 1214 765 917 712 23 1191 1399 491 844 1091 630 518 434 369 1050 475 1453 1116 1459 478 295 944 402 283 1556 123 1102 219 563 1086 576 1029 984 1017 686 275 1367 1171 126 313 1151 266 1162 1540 828 296 575 1106 1035 1264 1239 1544 1407 1703 1979 207 1268 1943 421 853 1163 775 986 931 1954 567 1391 397 1669 1570 1242 1387 476 672 392 1213 979 1358 834 1023 883 155 1933 1713 819 87 667 953 1362 892 1181 416 705 985 58 1203 1009 136 1398 1835 1486 1842 1614 15 1687 884 108 1579 1561 568 725 55 497 1631 1764 499 874 1502 1816 1757 1902 1072 1024 1875 68 739 526 1589 965 647 1709 858 431 875 736 778 367 502 1219 936 1921 592 1194 1968 1231 366 211 222 204 1522 
minDistance: 3.53677
cost: 362079
capacity: 298753
time: 22996
maxTime: 60000
LS1: 19333/20151
LS2: 356/818
LS3: 0/0
shakeIters: 440
shakeLoops: 40
