3.37653:2597 3.37915:6966 3.39526:7285 3.39754:10744 3.41105:12197 3.433:15900 3.47123:16330 3.4728:16546 3.48024:16740 3.49432:21032 3.51966:21479 3.53677:22185 
1522 1054 663 1566 227 684 509 458 1454 1437 1066 313 1118 996 1256 1926 1340 1190 1089 1191 1573 1088 1954 1401 969 309 630 451 100 626 78 1607 1915 461 793 204 406 829 289 1601 749 592 128 931 272 1727 1164 657 556 141 1344 487 111 379 1444 47 680 367 1978 1788 297 1901 985 1571 295 563 1142 1655 859 1291 834 1159 1207 933 14 58 831 1051 74 162 431 465 1709 421 1508 755 176 211 759 1509 1439 1682 1360 1102 456 1503 504 815 229 1935 513 1561 224 1852 1782 1147 1357 340 1002 302 1943 1461 1351 425 1215 1755 1703 43 1968 892 1395 1944 346 1979 1794 646 771 1407 1090 1757 418 819 960 1445 1683 1280 1593 639 1459 821 1821 796 136 1488 795 1796 1381 1221 1024 1756 1144 247 1466 986 1412 548 1105 866 638 1216 259 1287 534 438 1059 615 327 619 1485 1630 748 1556 518 101 606 1224 1817 801 1490 396 1835 1169 788 500 1134 2 677 470 314 1913 1330 343 739 521 1125 902 1268 1469 905 1963 1960 674 209 1180 1933 1446 459 1783 984 1203 108 907 1199 1884 1082 1700 1081 574 1030 651 1423 112 773 1803 686 115 453 1540 1161 1473 1214 1233 990 602 1475 1625 491 213 715 1751 525 1689 734 20 1659 1680 1402 886 782 311 1008 435 284 502 1427 775 1724 503 1645 1380 381 873 1708 40 1511 60 51 1646 478 568 2000 1910 395 156 1302 95 81 155 154 1604 934 1162 331 214 1124 725 1074 577 1865 1883 1143 1664 1368 1409 1480 1388 1314 1011 1420 1575 1609 358 1300 480 222 1399 1438 1902 266 1181 193 988 1041 1542 971 1829 870 429 668 1675 1526 884 392 1035 617 987 1151 1834 916 87 1923 705 1696 1493 1716 303 512 223 286 1779 584 1120 153 1468 1273 447 375 1429 1669 254 1726 1855 647 1688 1647 1717 890 507 1500 953 1342 68 529 1541 1507 123 1320 1239 475 1773 1194 799 398 1358 976 1770 135 1671 938 1631 941 1499 1122 596 1938 848 1310 1432 724 1544 339 844 1205 196 490 1579 944 1959 712 940 840 1084 1154 1248 1023 1009 389 672 520 65 1155 1764 637 1813 1137 97 1359 1569 207 488 203 511 1160 1335 1962 265 1117 1927 506 828 1662 1977 777 570 1322 863 476 1391 1577 15 23 1790 415 1952 1226 164 445 283 
minDistance: 3.53677
cost: 367872
capacity: 298739
time: 22185
maxTime: 60000
LS1: 18169/19005
LS2: 437/836
LS3: 0/0
shakeIters: 387
shakeLoops: 37
