3.24604:1932 3.24695:2030 3.25533:2240 3.31025:2582 3.36039:2972 3.36969:3231 3.37653:3792 3.39526:12461 3.40508:13582 3.433:13714 3.44955:13878 3.47123:26628 3.47211:26857 3.47397:27873 3.49575:30217 3.52191:30332 3.52418:35120 3.53528:43604 3.53648:44844 3.53677:45075 3.55295:53762 3.55626:56679 3.56444:56841 
684 938 941 705 1553 74 881 1803 1700 1488 1935 1350 1050 1804 1306 1508 162 1438 458 1486 796 1226 175 1314 476 1383 1203 1042 1021 1664 1943 1680 568 1817 572 944 651 1696 1737 574 1377 1006 431 1414 1164 734 1645 211 844 771 108 1847 450 815 1756 126 1454 1137 951 421 114 1865 172 1091 478 15 1105 1033 1852 1107 1234 1280 1342 1420 1745 227 674 1239 520 1444 1230 69 312 1979 1302 1703 1652 1884 675 1480 381 1009 1357 1181 627 266 1154 1468 1579 1275 1659 1368 1933 835 104 1199 1709 918 303 1541 1989 1585 500 969 40 1074 614 1682 870 1988 1717 1569 1764 1016 635 1589 395 1035 435 1417 32 578 987 1008 1555 1221 1786 112 425 1351 596 1500 1591 597 695 1794 375 160 786 934 1689 1762 1466 748 943 1407 295 1081 1706 1913 1223 68 985 33 428 145 289 44 1293 23 1439 1667 434 1842 243 1143 1996 801 1190 725 31 1381 1084 1929 1938 284 1059 1320 470 621 834 1095 506 1593 502 180 1473 1116 1630 358 414 339 155 823 198 825 837 1909 286 749 2000 1194 397 1191 552 95 1144 1064 646 1902 164 1868 513 828 1395 1215 630 960 1715 1207 1262 1886 331 309 1573 1828 58 1398 153 1391 1090 1655 652 1205 360 1057 1071 100 51 1461 1040 154 976 1255 1726 713 119 933 511 1232 491 28 1162 792 1023 1580 795 805 983 1499 953 1177 1032 904 272 46 1827 432 1089 115 561 1960 1273 1810 392 501 1669 570 1426 176 128 1029 1545 1118 1921 1782 1412 1124 1117 1915 16 1256 1248 625 1835 247 1402 821 1657 1856 1329 259 389 1484 1912 368 789 1946 447 873 1631 558 1125 529 1051 979 720 165 849 87 903 1507 1481 1086 1972 514 668 36 136 429 1917 613 1770 1082 193 406 673 209 1140 130 1926 1315 20 1242 1954 1521 223 845 1427 638 475 916 768 955 161 1155 504 715 1513 1147 159 254 1436 1011 1415 1247 1952 459 1983 1894 521 1947 1649 1901 170 60 1002 297 617 152 1063 1374 1844 111 1968 1881 42 1393 1151 1437 1799 1612 379 1003 1022 577 1213 357 1216 264 1570 85 1609 539 902 1375 984 1888 49 1544 1509 1451 680 135 581 848 1490 990 1959 1340 
minDistance: 3.56444
cost: 366215
capacity: 298755
time: 56841
maxTime: 60000
LS1: 20143/21024
LS2: 419/881
LS3: 0/0
shakeIters: 439
shakeLoops: 41
