3.12206:1717 3.16287:2501 3.24695:2994 3.31515:4006 3.3271:4859 3.36235:5879 3.3732:6205 3.37915:6449 3.39526:6641 3.396:6767 3.39754:7118 3.4077:9392 3.433:12713 3.44292:13214 3.44955:13376 3.48024:13722 3.52191:14212 3.5224:15169 3.52418:15309 3.52571:15470 3.53528:17190 3.55626:17681 3.56389:19561 3.56444:24344 3.5653:24653 3.56609:26674 3.58476:27152 3.58823:27510 3.59268:27713 3.59833:31278 3.60056:33115 3.60057:34984 3.60127:35337 3.60545:37403 3.60601:37647 3.60614:48243 
502 112 1254 1667 446 1688 727 1078 115 1649 1700 1022 1084 1825 1162 461 1652 1771 1629 520 1461 1329 32 1437 1478 1171 1144 264 638 829 835 1648 303 1598 1034 1176 1020 630 451 976 1442 801 1499 1131 623 965 1107 1556 379 519 16 1401 1847 1631 119 1749 870 1988 1682 1545 331 185 637 1874 985 1223 819 795 160 1221 1155 1051 1493 1023 1376 606 1059 1081 1481 944 552 983 429 1888 840 992 1017 1938 1424 1106 450 618 125 739 782 297 916 1413 389 1915 392 511 955 534 1910 1304 1954 1118 1213 1544 771 953 807 1817 1762 1533 597 1570 1507 888 1837 1232 823 906 1729 431 513 1870 41 1728 1786 793 684 646 1446 917 704 1109 1004 68 581 1124 895 1806 193 1657 439 234 860 748 156 1383 846 1540 1233 941 1239 1390 512 1357 1569 1453 1901 122 421 582 266 1577 395 1634 1200 796 1516 1459 1671 1086 315 755 849 53 720 1726 1923 49 1415 265 875 480 1019 406 1474 1145 1917 907 1933 498 1093 358 1620 341 1040 66 1359 1996 295 381 1444 1042 834 1527 577 1761 396 1134 219 1486 1681 1706 1500 1576 1091 749 1011 596 111 1680 81 1368 470 1154 1779 1565 1220 328 1021 1985 229 1664 1063 369 1990 1105 765 1713 136 1180 159 804 991 639 1582 1117 1016 1614 1414 672 878 1727 1207 936 1553 1929 1028 1203 1194 805 525 1258 1753 1112 458 1609 1125 1142 222 414 1137 777 316 1513 1669 1116 1408 663 1410 1219 821 1211 1924 375 162 995 1884 1475 1089 1970 1593 1375 614 362 474 259 1264 778 1819 1164 1273 1057 1783 1952 1110 1350 60 1899 96 1002 488 1247 1163 750 33 293 1750 772 1951 873 88 563 87 128 1172 1407 1010 990 1466 615 74 1333 705 340 794 556 1420 1509 1712 434 1542 1782 1854 574 1658 933 40 262 539 1412 192 825 503 100 360 1909 1314 844 506 191 636 1829 643 284 1160 327 1710 176 1703 397 164 478 1927 1655 645 1579 576 725 172 435 1816 669 787 223 938 109 309 1226 1697 1427 1912 272 1868 1035 1215 866 1807 641 1151 1391 1894 464 211 969 1473 681 842 798 845 559 1942 1798 467 1313 95 
minDistance: 3.60614
cost: 366525
capacity: 298822
time: 48243
maxTime: 60000
LS1: 19273/20152
LS2: 407/879
LS3: 0/0
shakeIters: 436
shakeLoops: 38
