3.10871:1281 3.15299:1583 3.3434:2864 3.36363:3186 3.37915:3385 3.38158:5127 3.39404:5929 3.39754:6230 3.39899:6520 3.40443:6677 3.40508:6844 3.42492:7571 3.44955:11396 3.47211:13794 3.47563:19972 3.52418:20892 3.52571:21162 3.53713:24330 3.56082:27011 3.57695:32462 3.58584:32799 3.58647:36059 3.58749:38906 3.58823:41704 3.59353:43127 3.60601:43751 3.63425:59832 
1884 556 1623 1717 68 1509 1081 829 1542 312 49 385 1620 425 1847 193 614 1332 327 248 1481 160 458 1521 295 1302 478 960 1142 13 895 671 293 748 1505 464 1267 1569 1304 983 1764 1051 1314 1018 1344 817 1807 470 1177 429 916 1029 178 1035 1172 255 1985 716 777 1019 434 1780 826 1457 1116 159 1969 1779 1614 322 1761 1479 110 1915 1108 1244 487 1118 1535 815 1652 1760 976 686 1089 772 1507 1090 73 162 223 1540 873 732 392 1601 827 194 375 100 1192 1078 1669 1268 343 625 1855 1468 924 1843 1017 1034 172 1656 849 672 254 2000 1391 1144 44 1180 1983 1933 884 1059 966 771 1486 1309 579 1680 626 141 313 1951 81 858 1329 161 439 1466 982 1771 1537 357 1229 1957 584 979 247 1502 1042 1459 623 897 1576 136 1091 576 1122 1681 1201 1159 1333 577 238 211 1579 1207 866 1659 511 304 1403 878 1340 41 1390 1164 1237 1485 1097 1465 550 1145 1402 1817 1712 152 1248 987 1359 1516 1137 1239 1943 362 115 498 1054 1692 596 1032 1799 1938 848 1946 60 795 1954 630 363 314 1160 1901 519 530 1975 1750 119 95 663 875 1609 1978 985 379 1002 455 334 1200 1473 74 509 756 575 1912 1213 229 340 775 1726 1556 354 534 381 1648 801 1463 1631 602 1409 944 834 1527 157 1910 828 755 1860 367 520 224 154 1894 1171 66 1461 1372 1500 222 1086 870 438 995 580 812 1417 488 1455 673 563 1351 860 109 1715 264 889 144 727 1917 1702 1368 1020 266 1902 165 1024 1371 1040 303 1399 1544 358 780 1273 825 1561 1662 297 618 1829 1783 996 1878 1084 435 1221 1233 16 300 931 1541 1842 1205 1074 1438 1952 476 1155 259 87 750 1682 782 1757 1194 1475 1432 1613 667 1242 1420 1649 1972 633 1745 309 907 902 638 1346 1694 793 1030 15 1797 1727 145 1162 938 1942 821 421 1277 1357 1577 1361 1888 1626 1147 234 934 1012 1023 164 1112 635 51 1922 1275 1565 846 311 737 765 1543 456 646 298 1870 574 1437 88 1451 778 1412 1291 65 986 1211 1929 1414 47 1593 1927 1223 1063 1753 1423 705 1216 40 1408 461 42 111 1795 917 283 406 518 1533 1976 130 720 892 1794 990 
minDistance: 3.63425
cost: 362742
capacity: 298848
time: 59832
maxTime: 60000
LS1: 17244/18145
LS2: 493/901
LS3: 0/0
shakeIters: 381
shakeLoops: 36
