3.31025:2203 3.36039:2793 3.37653:2935 3.38158:3116 3.44955:4230 3.48024:4860 3.49432:6676 3.49575:7756 3.51246:14816 3.52191:16324 3.5297:17762 3.53677:18148 3.53713:24606 3.56444:24852 3.56649:31523 3.5686:33559 3.58823:34060 3.59268:50154 3.59269:59545 
1048 1033 1468 1756 727 331 312 1089 1391 1631 459 1894 1137 1795 1090 619 431 1051 1909 1074 1983 720 704 1215 309 1437 1782 311 638 397 684 1098 1475 1314 1647 1207 1695 934 834 1946 1237 1834 1938 1942 1200 1750 1895 96 396 695 1994 891 1459 990 828 489 248 686 1688 870 941 907 395 4 1868 1032 1686 418 1023 1320 1042 1401 1409 327 414 1361 1473 626 152 1481 1779 512 172 726 380 597 513 1912 777 66 931 476 1177 1488 30 470 623 886 750 933 1040 1978 74 917 55 51 375 1783 266 164 1649 1902 1162 498 100 558 613 1717 888 60 1161 204 1729 965 1091 1806 995 529 145 1466 1151 23 1017 756 844 219 1815 509 713 1018 1007 996 715 1414 916 111 884 1092 1803 969 979 499 669 68 1913 1917 1662 1329 1299 1181 1867 1844 780 636 1309 1408 1302 224 1277 821 1457 176 1577 755 1852 1112 985 1828 775 789 615 461 340 776 1155 630 1342 1273 341 1746 829 193 1745 835 13 518 154 1144 314 128 1694 1901 986 1703 392 138 771 502 1933 1516 671 283 1841 584 1927 1160 1180 796 672 178 381 11 677 1726 223 1689 788 1682 1556 1097 1226 1955 1500 1011 367 1788 264 1455 702 229 1142 1271 1078 1659 563 1495 1420 1229 1935 328 334 1375 1669 1351 162 1485 1667 902 1671 1223 1870 596 944 406 875 1610 1696 1856 1813 1954 1405 1797 136 87 1145 1975 606 1762 234 1542 293 973 1794 1943 1250 1454 1513 1652 1461 1147 822 1084 1009 425 450 112 1915 160 1024 647 1646 1213 503 303 1786 1418 222 1569 646 322 1105 1951 1344 1842 552 1684 506 49 297 319 1214 1412 1019 165 190 53 1407 1002 432 572 175 665 504 81 323 1063 519 1910 1035 1403 1593 765 673 539 848 938 421 1427 58 429 748 1191 1799 1199 1476 739 1829 1239 736 1332 817 1957 507 1509 782 1233 614 548 211 435 379 1244 16 1959 441 1521 485 1735 443 751 1709 1979 823 1579 42 1764 1268 1029 1211 705 1106 1059 772 873 1545 115 984 1560 1810 1609 708 247 976 1194 1349 1541 525 1368 1410 123 574 1305 1357 1118 1195 295 795 43 
minDistance: 3.59269
cost: 360533
capacity: 298796
time: 59545
maxTime: 60000
LS1: 21097/22015
LS2: 426/918
LS3: 0/0
shakeIters: 473
shakeLoops: 45
