3.00764:1180 3.28732:2193 3.31025:2949 3.36382:3892 3.36969:4080 3.37058:5164 3.38158:6141 3.39754:6368 3.44955:6869 3.46454:9961 3.46675:12752 3.47211:13010 3.4728:16604 3.51942:17164 3.5196:17949 3.52191:22607 3.52687:35310 3.53677:35427 3.54967:36164 3.56065:36955 3.56082:39290 3.56389:39416 3.5653:39575 3.568:39665 3.57139:41703 3.57819:43065 3.58584:45144 3.58823:45465 3.59268:46590 3.60056:55164 3.61394:56125 
513 1952 354 938 823 1342 1517 1309 828 684 309 1750 1042 1454 28 596 164 777 1556 229 1054 358 259 176 1630 234 597 1649 1137 55 115 178 613 1627 884 1646 507 1299 548 128 162 1090 423 1479 1593 1545 1164 702 100 693 1409 1459 1596 1475 1922 768 1011 1655 1844 1402 668 765 623 1609 1764 310 303 392 81 1575 539 1058 1233 638 1762 1620 1398 1972 363 1842 1929 474 1569 1802 979 793 1466 1954 459 1226 1187 1726 584 1915 1344 725 445 381 1035 255 1541 1032 514 66 1782 160 341 630 1771 1996 1162 866 1177 1432 1531 421 1002 614 1120 821 844 266 917 289 1889 1601 323 1450 1391 297 772 154 1310 1084 1573 59 1219 881 1664 450 675 1429 1205 1316 312 1669 1257 141 934 902 877 1415 875 11 1894 1010 878 865 1983 1423 425 126 2000 829 713 1544 334 891 123 74 955 44 254 1833 509 379 198 247 552 944 1959 636 985 506 1910 1902 1203 193 984 165 1753 1979 1151 431 1107 1149 244 152 283 1351 1938 1314 1216 31 1935 375 1672 1868 941 435 921 563 1147 996 586 1223 1502 1017 1012 1207 1866 627 35 615 110 642 976 475 1081 672 1063 502 1659 461 32 53 864 1468 119 1727 1171 222 688 673 794 1192 60 96 1994 1577 1553 497 406 1379 715 433 1921 641 292 1044 1050 1122 1229 1457 1304 907 1380 1091 88 1703 1477 1413 1540 458 1097 418 51 1390 339 960 1154 1181 1244 264 529 1913 1034 646 1946 1682 1542 1221 1019 1461 1516 1652 16 397 1057 1560 248 1387 1955 1481 834 1870 1486 503 1951 1794 1239 1381 1213 1700 1230 1029 1713 625 1631 1667 923 1917 689 1694 749 211 931 291 161 1500 295 1513 1942 953 782 1021 1125 1248 1616 873 396 637 1566 111 727 1526 995 845 47 1051 1405 759 520 858 1912 1474 43 136 170 1414 1250 478 804 1350 1451 1933 1884 1211 65 626 581 420 1023 1059 795 432 42 990 837 1856 1509 1777 331 1898 647 442 1783 1854 800 1009 1614 172 789 15 1369 1810 801 1124 736 755 635 654 1943 439 1570 492 788 1028 1527 1438 1368 192 1160 1473 991 870 224 1194 1108 1494 
minDistance: 3.61394
cost: 363870
capacity: 298774
time: 56125
maxTime: 60000
LS1: 19387/20350
LS2: 502/963
LS3: 0/0
shakeIters: 430
shakeLoops: 36
