3.10871:1335 3.13048:2027 3.17147:2774 3.24695:3112 3.39897:4341 3.41105:4541 3.41306:4806 3.42435:7055 3.46675:7656 3.48019:7875 3.51946:8663 3.52191:10271 3.53528:12528 3.53648:18584 3.53713:18715 3.55626:21451 3.56065:29371 3.56082:31882 3.5653:35190 
1951 1553 1139 312 519 1609 1248 1500 1461 88 602 458 780 845 1943 1712 819 240 1954 1709 563 1901 1344 860 606 1631 259 1408 1314 931 984 210 973 1561 1125 1923 476 953 1591 1227 1883 996 1095 1655 1054 193 1463 663 1457 1475 1294 227 630 1582 1264 941 672 111 475 1542 478 406 1364 1164 1242 569 849 60 40 505 1019 725 530 1063 525 840 1383 1852 821 873 1927 1194 933 1017 67 1407 204 480 279 41 1843 1726 368 1023 112 1438 1935 289 642 1031 1181 461 1147 828 155 1350 222 438 272 1502 995 59 1912 431 1576 108 1221 425 1213 1091 1888 1388 1700 416 506 1216 888 170 944 293 793 507 684 309 1556 1694 1122 1040 302 1513 976 1180 1762 395 1764 1933 1789 903 1835 646 1137 1035 1316 1386 1779 1985 414 1062 1686 858 1254 1256 1569 518 1190 1473 4 1507 1205 491 891 1207 1397 1368 1268 1417 1315 74 1402 1372 1701 559 627 837 439 498 229 934 435 777 284 1459 49 1664 1084 1436 178 551 721 1145 1203 1033 94 1480 985 1772 1089 397 749 775 522 254 1649 1916 632 739 1936 2 1032 1518 1456 765 848 1466 1215 1938 1910 1816 1412 597 1159 1151 1117 1659 1329 1393 1681 1233 902 930 1782 596 1753 55 283 1008 1942 987 1577 247 153 1162 1589 825 1786 1521 219 623 618 172 906 192 390 375 991 1540 295 712 1322 385 645 907 918 339 1865 429 1983 834 1669 499 379 986 453 173 1090 874 1884 795 1547 497 1204 1416 1680 1142 1177 880 1011 520 635 1748 1803 16 990 223 160 759 1928 1767 238 1229 1505 573 1783 110 136 1799 1280 577 732 1481 633 720 1819 715 1399 1929 1468 95 1284 969 266 1275 883 211 686 1044 1351 1872 1541 214 1488 1371 1829 1224 1614 1234 1247 1802 574 1624 750 1886 1074 444 556 1821 1144 1105 1570 1889 693 778 1310 1357 899 1544 68 1810 1349 392 1703 164 358 1169 1875 866 1894 115 1668 1493 1620 521 1097 1501 832 1630 417 1952 303 1917 58 1915 96 1579 1081 1806 488 1219 1977 935 470 1342 771 668 450 713 1827 570 960 938 921 313 423 1565 459 1121 1124 1107 402 1646 159 421 1002 244 1432 1072 1953 1868 1071 1593 983 581 1240 829 1517 509 955 1750 1760 311 
minDistance: 3.5653
cost: 368340
capacity: 298743
time: 35190
maxTime: 60000
LS1: 19639/20517
LS2: 405/878
LS3: 0/0
shakeIters: 454
shakeLoops: 42
