2.95992:816 3.22623:2240 3.28658:2965 3.28732:3497 3.37653:4253 3.37915:4943 3.39526:5096 3.39754:5324 3.41105:6250 3.41306:6349 3.433:6546 3.44955:6831 3.47563:8138 3.52418:8515 3.5297:8636 3.53677:8942 3.53713:10800 3.54808:12756 3.56082:14314 3.568:18229 3.5701:19613 3.57819:32015 3.58476:46251 3.59268:54713 
881 986 1074 652 642 74 1368 686 1773 877 1962 787 614 1329 539 1414 1994 584 1553 704 156 432 1408 1959 219 1179 552 941 739 59 431 1870 1903 1513 1190 96 1675 461 42 428 1902 606 283 870 866 1933 795 849 1081 1455 1273 1164 1237 1593 1844 1427 15 215 507 1118 1669 1380 1630 1032 1195 1581 1745 1035 984 1852 1985 796 1180 164 1208 1360 1843 828 1585 1960 1367 1117 618 1391 136 1544 713 1371 1409 1463 1631 328 49 1144 987 983 1658 1116 1042 65 934 619 1645 1221 953 1799 1951 1480 414 309 1101 41 1935 490 1376 845 300 1466 715 1203 520 1090 563 443 1927 1344 1027 1576 1979 244 858 1388 985 336 1980 755 1943 777 635 702 672 1302 646 1019 1791 1335 439 509 1216 815 40 1263 1710 1058 514 1929 1223 1239 1545 211 931 1108 1810 421 1750 1051 1476 1917 1515 162 1134 1954 1938 152 311 971 358 556 1566 154 60 1876 68 297 1479 1813 1590 2 296 1161 1011 379 883 1475 596 1659 1910 1794 943 393 570 223 266 1423 976 425 568 1817 891 295 224 1703 1084 1350 1091 969 1160 1795 705 170 1915 875 209 1579 1488 771 360 1842 1709 834 1054 581 1500 478 111 525 1242 1866 1461 100 995 470 823 1268 1767 175 997 1151 1611 1829 53 860 459 130 1126 193 298 354 579 1776 673 1137 1724 999 1107 417 842 859 464 222 227 727 1205 1200 684 1753 1912 1952 499 597 990 1796 17 1637 1277 1806 81 1567 1267 821 726 1609 1901 82 1291 623 775 944 1122 506 1226 938 512 1244 1078 1393 423 116 1444 375 1878 316 284 1314 1782 1342 1468 1696 1229 817 626 1570 1057 16 935 1474 1706 1680 198 638 303 1854 734 732 1275 458 819 1142 1541 880 55 435 1821 88 1781 1914 1855 1779 1320 1649 1751 73 1868 1697 1023 917 848 907 1505 1502 1304 668 1033 1194 1478 119 418 272 427 853 429 750 194 829 522 1412 1509 1884 115 204 66 1700 892 1620 1542 1250 782 416 1726 1762 47 363 229 835 778 567 617 160 293 1682 1835 1756 641 1526 1577 908 1089 873 165 498 955 961 639 135 573 1858 234 1207 1181 1481 1652 406 369 488 640 1727 58 451 
minDistance: 3.59268
cost: 368099
capacity: 298759
time: 54713
maxTime: 60000
LS1: 19418/20355
LS2: 476/937
LS3: 0/0
shakeIters: 437
shakeLoops: 40
