3.18782:2117 3.24695:2550 3.25764:3247 3.27607:3519 3.30682:3783 3.36363:13010 3.37058:13490 3.37653:16190 3.39404:16663 3.39526:16929 3.46675:18622 3.49248:18995 3.49432:19311 3.49575:20757 3.51246:21154 3.51942:21478 3.53677:23346 3.53713:30195 3.56444:30520 3.5653:30878 3.58823:41800 3.59268:45321 3.60057:49768 3.60394:53683 3.60614:56218 
66 1124 244 1860 1593 1561 280 1187 1346 243 1466 1884 584 302 1680 1473 1787 1151 646 1451 395 796 1461 1601 1954 1244 232 518 300 223 965 375 164 247 1350 1432 1250 1086 825 1053 1207 736 953 1579 1662 1803 1502 227 1010 1474 192 1374 1942 1772 1783 1923 425 1703 254 931 592 55 1910 1044 1019 941 944 1062 423 193 1162 512 1211 1221 1379 1399 47 1171 845 313 520 359 1229 780 1813 1928 293 1541 1779 732 1181 1455 1649 154 77 606 1570 448 979 834 529 777 411 976 1695 1263 877 1994 1916 1444 1962 1194 1589 1164 1667 1652 429 1977 1952 498 1081 1917 1938 1631 1951 358 1145 1017 1901 891 20 1438 1035 892 1756 1855 1682 940 1959 1810 1007 1031 354 1757 534 1912 74 1764 478 817 514 739 1837 1216 826 1533 309 1454 1849 995 450 1975 28 1453 1437 1417 800 1517 1669 1480 224 574 641 552 789 80 87 1666 1874 675 1239 179 65 771 1493 1553 1664 15 1509 283 1630 1788 459 983 883 1144 1097 974 128 961 1112 1671 1372 1063 295 971 284 23 379 1059 829 715 844 819 880 58 488 1351 907 431 199 259 638 1364 1881 455 1101 495 1137 53 910 81 1051 917 421 795 1475 1257 1383 1090 1367 170 702 1513 955 1487 1179 1178 1609 474 875 1108 121 198 1821 178 1054 1213 165 1190 1154 765 1684 348 46 1540 897 1737 840 1170 1915 705 503 1521 1074 1536 381 162 251 1223 13 1847 1796 1391 119 1996 1481 160 823 1333 41 884 197 1052 1268 1040 51 1347 1934 16 1091 837 860 1888 1029 1808 161 1852 331 878 100 1192 485 341 1868 456 1089 136 419 406 1316 750 1361 1687 1371 1092 636 854 1105 303 1042 1647 60 115 755 623 229 928 159 1402 996 870 1082 1750 111 487 973 43 1681 149 987 938 1507 1534 734 1299 725 1142 509 1500 969 934 1614 1694 1929 1935 1806 1021 1799 858 782 720 155 1147 597 1071 1700 1963 1902 563 1657 458 729 1795 688 1180 1023 1726 752 614 793 801 1058 435 596 848 1577 1414 1134 392 1084 1544 1872 1560 35 727 1357 1314 1933 1342 1233 1288 211 222 626 1468 1359 849 1412 686 511 630 2 1659 1889 1456 821 1226 1032 266 1459 
minDistance: 3.60614
cost: 366272
capacity: 298830
time: 56218
maxTime: 60000
LS1: 17550/18505
LS2: 541/955
LS3: 0/0
shakeIters: 389
shakeLoops: 33
