3.00196:1022 3.33998:2616 3.36382:3008 3.37653:3501 3.39897:3832 3.4077:5036 3.41306:5166 3.44292:5594 3.44955:5733 3.46675:6298 3.47211:6447 3.4728:9845 3.4782:10695 3.48024:12700 3.49432:16372 3.51942:20611 3.52191:21594 3.5224:23646 3.52418:24021 3.52567:24218 3.52571:24346 3.53713:24928 3.55158:25513 3.56082:26946 3.568:28165 3.5686:34787 3.5701:41425 3.57091:41618 3.58476:43377 3.59005:49757 3.59268:53095 3.60601:53702 
28 1681 1474 262 434 870 1976 1652 1248 425 1122 1647 1361 715 1268 51 475 1147 36 782 521 1664 1802 1694 1646 15 178 1199 1414 976 1298 935 1244 1713 736 1035 1717 1234 192 1917 1320 1010 1959 1091 885 1827 675 713 255 1980 1029 689 417 1314 1254 1409 1938 284 586 514 155 984 161 819 684 1473 1727 1466 272 1126 16 74 1201 1050 1454 165 1779 303 1516 1844 825 229 331 82 615 934 488 1553 23 569 907 441 1703 1630 1310 1478 1179 646 1923 211 979 846 1054 1089 340 985 41 1526 1420 1021 77 507 1344 1503 1887 955 924 459 432 795 358 1750 1230 194 1933 1912 1299 739 445 1016 773 960 1952 1372 1051 800 509 431 1071 938 1053 1237 823 831 498 1011 702 478 1833 614 748 341 1712 1461 1438 1003 1024 556 368 1509 688 234 1518 58 1773 1517 989 999 1012 455 172 198 283 645 1556 1687 1187 1500 1570 104 1365 447 1627 580 686 641 1194 772 1233 1429 883 710 944 1901 87 734 627 223 81 1609 2000 1566 264 392 849 499 111 428 497 1847 539 1542 1210 1960 1097 1342 43 204 725 1582 1191 606 1741 787 60 920 266 1888 35 778 1226 1943 1417 1221 193 1560 780 1081 1231 630 642 750 1762 375 65 128 668 466 1242 1649 363 427 943 1669 1109 1368 1216 100 406 47 199 1584 176 828 918 1145 1927 1138 1203 1059 637 1910 1705 1951 1211 247 259 1541 886 309 1273 115 777 1284 884 1810 548 1063 254 1239 1545 638 1924 1350 891 243 1401 625 1577 1383 1357 1359 1631 1620 520 1521 1576 1125 286 1994 1118 1511 1884 1954 418 1040 1686 1108 1493 1219 503 940 983 759 1593 652 289 845 1544 19 1989 382 875 1680 227 119 101 69 1402 881 941 1090 1579 1297 1351 1481 1396 1042 1399 535 152 1432 246 1391 1017 1479 636 987 728 1513 435 164 1407 1164 461 32 1508 1213 458 563 116 1583 853 1867 512 1929 1728 953 1866 834 1580 574 295 397 1944 1761 726 721 991 1321 961 1753 1803 821 902 878 429 1023 253 1031 1601 1223 421 136 1700 1854 1726 1655 705 297 1032 1388 66 327 796 749 293 1667 1250 1084 1596 423 859 339 1207 626 1682 1782 848 596 1137 1978 125 
minDistance: 3.60601
cost: 365460
capacity: 298763
time: 53702
maxTime: 60000
LS1: 17194/18018
LS2: 418/824
LS3: 0/0
shakeIters: 374
shakeLoops: 33
