3.06015:1793 3.20112:2647 3.22963:3078 3.36969:3922 3.36982:5646 3.37058:5987 3.37915:6670 3.39526:8342 3.39754:9198 3.39897:12300 3.4077:12655 3.41306:13040 3.433:14857 3.44955:16504 3.45306:16816 3.46796:17162 3.47211:19074 3.47563:20613 3.48024:20712 3.49432:25739 3.49575:27776 3.52191:31887 3.5224:33331 3.52418:40390 3.52571:42838 3.53713:43115 3.53995:44490 3.55626:54713 
902 705 1614 1214 1579 295 985 1659 875 1913 180 1474 1009 421 801 2000 1543 823 1380 1570 215 1424 1756 1427 687 155 1827 1915 1187 1766 1377 223 773 878 1726 211 1596 931 1060 1063 507 1349 1909 1630 149 563 916 789 1402 1242 1072 574 1687 1854 642 1508 1090 1023 1556 702 1601 1473 689 358 755 552 1895 95 1682 1522 821 450 1852 1362 1273 396 1395 1750 1609 1847 788 214 85 529 1200 780 1481 720 1461 1107 1703 1357 638 817 1988 873 50 88 1147 1985 170 750 1794 579 965 74 13 1810 944 254 732 1545 395 453 1649 234 857 367 503 906 1843 32 111 1487 204 406 1078 1423 1544 1268 1996 1541 1954 334 1709 987 1466 1917 1912 1645 289 435 1513 1946 1054 1248 969 1572 1081 672 1717 1842 1695 429 982 1862 1560 734 1160 1870 1894 910 996 849 423 1304 870 514 1204 1616 87 1021 1035 1368 695 1122 1819 58 19 907 889 397 886 512 1226 161 60 1342 584 737 1314 1728 1112 309 606 209 55 1943 1505 432 1500 1959 1177 1277 1719 646 1213 1215 35 934 172 1753 1923 1700 680 418 1951 244 596 1194 686 487 303 46 1886 354 1302 133 798 1979 1227 1666 826 44 283 577 639 165 1137 1162 433 504 1828 1888 17 1420 984 319 935 1817 513 1207 1901 1438 1042 297 1667 1598 1916 411 100 1105 1933 891 153 114 443 940 1371 635 312 1202 459 918 511 1627 380 509 1799 1960 322 1580 567 1797 625 979 68 445 440 1017 1821 1783 498 1344 633 539 818 1098 1205 561 1652 1932 1074 386 292 1008 266 1593 272 904 16 1087 112 110 300 1156 1902 1089 1313 69 671 439 1190 964 28 1696 1142 568 425 1938 1490 1468 1749 1837 1963 1211 314 1223 1216 1782 1952 725 1502 458 293 1180 739 286 115 1929 1172 227 1878 136 431 1620 1957 1118 123 632 521 145 623 193 1369 1351 1569 258 990 1144 1091 229 1108 1398 559 369 575 553 1247 848 222 777 213 581 1040 1391 478 284 379 1032 1631 154 534 43 1002 1059 749 1872 1983 951 194 1762 938 1143 597 316 265 164 1131 1163 488 1111 1786 936 804 1405 1646 1414 1095 1244 1051 1203 1689 1084 1844 1816 1171 341 392 119 834 756 
minDistance: 3.55626
cost: 367656
capacity: 298762
time: 54713
maxTime: 60000
LS1: 19181/20065
LS2: 427/884
LS3: 0/0
shakeIters: 429
shakeLoops: 37
