3.128:1659 3.30378:2958 3.37653:3734 3.37915:4143 3.39754:4791 3.433:5604 3.44955:11757 3.45019:19347 3.45306:26582 3.47211:32966 3.48024:43595 3.5196:43861 3.52418:44121 3.53648:44297 3.53677:44462 3.53713:44655 
1156 570 518 48 208 314 638 1071 1502 907 1226 88 693 234 975 1023 1938 254 459 1657 1107 793 1468 886 1839 73 316 1125 1008 637 554 1727 1972 58 1703 1035 386 1500 1457 1091 110 229 1724 304 1566 1616 581 1159 379 1034 826 1412 1761 795 870 1753 765 1810 878 1856 1195 1179 1154 1631 357 1526 1756 1645 1884 1832 772 1143 556 1257 967 1861 509 1540 1151 1786 16 1817 1682 1466 1590 1451 95 727 1544 1033 1803 1907 303 1415 447 327 367 380 300 829 1542 1750 616 940 1917 1414 135 842 788 40 1915 1461 828 933 381 1340 985 470 1819 1200 1556 1171 1605 389 345 1689 248 553 771 519 1475 1244 799 322 804 1833 513 1541 866 1048 834 1180 253 453 1751 1790 340 155 1383 1223 511 1680 398 1515 1298 873 1059 1092 1116 1536 1181 1675 853 1207 467 283 456 1835 478 1229 748 388 223 1407 1669 1717 667 444 1577 1807 438 800 224 289 1942 60 1453 885 1476 892 209 1086 1713 1996 1959 455 1875 414 1032 1842 1134 702 969 1782 193 458 503 425 732 1011 550 1620 1459 916 805 1054 285 630 1952 427 575 1779 645 1979 1764 1409 428 1480 476 1117 293 1021 429 801 688 1335 875 965 990 646 1044 1814 172 1042 1662 1089 1609 1216 41 534 953 157 136 100 1881 821 1757 577 1749 567 2 1869 617 421 14 1164 1234 1700 1105 123 506 284 1507 889 1342 877 1437 1273 1367 1382 204 1357 1934 782 1402 498 1614 579 1121 406 1371 987 87 1254 43 198 1440 207 1579 341 552 504 1943 1442 1426 520 825 192 1081 574 309 475 1886 1481 1391 1014 1314 53 938 1745 623 1084 917 759 144 1946 1058 1895 1922 435 1002 621 1770 943 296 695 931 1975 432 1933 626 1888 1913 1957 1454 1593 115 491 1220 725 164 1709 563 1137 1910 395 1655 1316 1444 160 111 392 1517 777 369 1100 396 1131 461 1659 1455 1796 1909 266 1772 1010 1527 375 1203 844 439 1783 480 1522 490 259 1521 1169 596 1351 1142 358 715 1231 1841 984 906 1901 1344 1954 1051 860 1194 431 1664 418 1726 211 1237 858 1000 15 677 162 297 1963 849 312 778 634 584 1912 1511 899 368 138 1074 1214 944 1958 397 128 1860 512 1795 560 1649 1688 213 1204 74 
minDistance: 3.53713
cost: 369948
capacity: 298743
time: 44655
maxTime: 60000
LS1: 17754/18658
LS2: 500/904
LS3: 0/0
shakeIters: 388
shakeLoops: 36
