3.12206:1358 3.28732:2202 3.29065:3605 3.30682:4685 3.31025:5011 3.36382:5731 3.3732:6450 3.37915:7919 3.39526:8389 3.40104:8794 3.40539:9206 3.44955:9840 3.46675:16003 3.46796:18237 3.47211:20532 3.48024:21127 3.49248:22032 3.49575:22402 3.51213:22723 3.51246:23261 3.51942:25094 3.51966:26381 3.52191:29759 3.53528:30283 3.53677:31220 3.54967:32929 3.56444:39362 3.5686:41368 3.5701:44812 3.60057:51029 3.60127:53485 3.60601:55813 3.61394:57189 3.62789:59396 3.64169:59577 
1403 1901 1844 805 157 20 1438 431 1978 1027 866 750 193 111 1573 813 1205 66 1335 1912 1124 995 488 36 1829 2 284 1109 976 1461 1181 1737 520 1579 1983 686 1542 772 425 266 123 969 1943 1454 1813 768 1700 1402 1108 1553 1649 1194 777 1614 1089 95 989 1910 1951 339 234 154 1799 775 1748 1745 77 4 1216 222 684 965 1959 1762 1507 558 16 185 1652 702 1717 1417 1248 563 1437 1527 1797 875 828 331 993 1500 1669 375 1576 1220 1726 1161 896 1544 223 1372 1874 804 795 40 1842 907 1766 389 1020 1137 576 224 627 175 1257 500 1475 1810 1078 1147 1023 1042 362 1380 1451 81 1436 1779 568 495 986 478 1601 1786 1268 953 1513 41 1593 1902 503 1221 835 423 172 311 1028 534 1117 727 392 984 432 1034 688 499 1329 421 1116 1954 1361 1172 1803 1083 793 1383 15 834 476 26 1517 1870 1003 1541 1368 1191 1703 573 821 1834 379 393 1207 458 161 1263 244 992 1084 845 248 638 530 1144 1694 60 626 1473 880 42 885 1928 873 1825 100 751 1040 502 341 227 1391 1682 327 597 602 152 59 194 615 1657 1664 606 470 646 1724 1032 1788 1806 618 778 771 1131 1994 1272 1359 1637 1444 1107 1924 74 1569 829 1219 149 1979 1672 1667 279 316 1468 51 1798 23 509 987 459 1938 1937 539 672 136 1050 720 1783 1390 1162 1044 164 213 297 877 513 1058 619 755 941 1659 944 1112 1230 1509 417 1346 461 1351 1631 1442 1609 1671 1747 1414 1917 1087 1533 1229 596 934 575 881 961 1921 1764 1140 192 1086 121 360 506 1946 176 1889 1761 765 1634 1035 546 1459 1915 1817 628 1479 1081 238 429 1171 1381 1071 1092 725 556 1753 1952 485 160 110 1213 1516 860 1521 1675 115 667 1942 162 1909 295 705 303 1412 1756 1074 552 354 630 479 916 1955 614 262 1878 1933 207 211 1091 844 955 198 1314 996 1145 418 363 891 1179 531 823 550 447 1192 675 647 254 1095 1051 1466 1379 397 406 1066 938 917 369 1017 1177 309 435 878 1011 1456 1029 515 1416 1054 514 858 1457 1645 1577 1448 455 985 1244 1545 1481 1101 155 165 1223 518 1211 673 1316 259 358 1408 229 1771 1540 584 
minDistance: 3.64169
cost: 367261
capacity: 298811
time: 59577
maxTime: 60000
LS1: 17863/18747
LS2: 450/884
LS3: 0/0
shakeIters: 399
shakeLoops: 32
