3.128:1654 3.25764:2450 3.30682:2754 3.36382:3403 3.40443:4096 3.44955:4544 3.47211:5690 3.47563:5793 3.52418:6552 3.5297:6872 3.53528:7954 3.55626:8574 3.55763:10340 3.59005:13740 3.59268:13977 3.60057:21291 
1320 1009 475 42 1162 1910 1515 244 229 1779 254 1414 1675 234 1011 209 1748 789 55 1505 610 110 749 1101 751 123 917 224 1247 82 1020 1921 1010 298 259 641 1089 1237 1233 137 1468 458 1118 331 934 1226 988 211 100 1177 782 445 68 672 877 478 800 1664 1745 1181 805 581 529 1180 875 1192 162 1151 1773 645 1409 1194 1803 1942 808 1560 987 1579 771 614 266 801 1056 775 596 1418 1335 311 1023 1439 397 1263 1868 1131 630 1459 996 1710 1834 1878 1187 646 88 563 1466 739 1380 396 1842 606 1783 459 1750 50 1033 1471 1590 1756 509 1160 1573 777 53 292 513 1350 1147 1540 1255 1523 795 1028 297 816 1035 435 525 1682 1545 1513 456 272 1933 69 395 379 1293 1749 81 480 1058 1207 1156 1137 1127 720 953 793 503 1219 1444 1273 961 1938 1854 1250 1407 1032 78 1821 1213 160 197 726 1142 1751 859 1669 1593 1059 414 1272 592 788 1051 1952 1953 944 1724 969 1960 1054 1074 502 60 727 1084 328 1835 1060 461 1268 1959 199 651 1700 1817 647 858 1402 1917 1541 1130 570 327 1221 1461 1652 1399 1224 1017 1087 1427 938 520 1542 834 1122 828 829 1024 339 916 1713 979 155 819 878 512 1388 1661 1609 506 933 1847 1423 194 1264 897 1242 947 1577 1686 138 1625 1631 1672 660 1453 1200 193 1086 1357 47 671 35 976 1248 705 358 421 1844 1727 227 984 539 702 940 873 1994 761 1342 863 971 59 1776 1313 164 1806 635 1412 65 325 765 1575 584 1465 1190 136 780 907 1438 1915 1516 488 772 1521 1646 1659 821 955 198 750 1159 1291 1072 1502 1267 438 1091 152 410 1943 429 1474 375 1244 439 1081 1728 1473 1717 172 511 1753 141 1454 615 223 31 1391 49 1927 985 316 447 1647 755 1556 1620 1983 1144 1810 734 1695 1951 1852 1655 111 1681 845 423 935 818 1901 1481 699 637 219 1090 1415 432 1536 1553 1344 638 1309 389 135 1766 886 602 418 891 176 1888 487 295 1570 1479 74 1328 986 1544 279 309 966 1797 73 154 431 1764 341 425 1726 369 1955 485 552 1437 1125 1163 1223 623 684 1314 831 314 1912 931 1405 58 77 1171 1172 1957 1954 1703 673 1440 941 1216 
minDistance: 3.60057
cost: 364813
capacity: 298859
time: 21291
maxTime: 60000
LS1: 19534/20384
LS2: 374/850
LS3: 0/0
shakeIters: 460
shakeLoops: 43
