3.02748:1300 3.29065:2709 3.30682:2881 3.37915:3596 3.39897:4274 3.40443:4476 3.40508:6370 3.41105:7306 3.44955:8239 3.47211:8595 3.47563:10268 3.48024:10404 3.49575:16311 3.49735:18343 3.52191:19198 3.53677:19738 3.53713:25592 3.56389:28924 3.56444:37499 3.5653:45702 3.56609:56522 
1117 194 1359 845 1229 1407 35 425 60 503 363 1105 1951 710 495 1215 1242 1164 1198 1625 985 479 1868 1402 1122 497 328 1116 903 512 1190 875 1541 1162 175 645 825 222 1776 1071 789 713 1659 1476 155 297 95 1669 1395 108 100 1581 143 1976 238 918 1876 1474 1187 1436 1473 1653 1759 704 1678 581 521 1074 389 1703 1726 638 1112 1121 964 1834 1248 128 1201 921 160 858 1388 1177 244 1109 749 1513 686 1275 1980 1144 2000 369 1030 1508 674 1155 1171 957 1968 115 1448 360 1342 1368 1412 675 109 248 865 149 1420 1488 1885 141 1553 112 574 1652 502 1897 1063 1680 111 1748 860 68 564 339 1019 1487 705 616 1894 619 1806 1262 647 1399 996 1230 506 406 1912 1643 1091 1710 1782 771 606 702 1803 1620 296 1002 1635 569 1866 1034 1561 1579 592 1268 418 1507 520 1119 990 1717 953 529 933 1232 821 1240 1390 531 396 1041 1424 1844 1923 829 65 331 944 1078 478 991 1357 33 873 866 715 429 684 1140 136 211 1011 1204 881 1933 431 1766 209 1700 224 1181 635 870 15 266 414 421 1560 1237 247 1910 1994 1466 1614 1946 1029 176 1593 597 309 808 1031 207 1461 1544 1374 1414 461 1960 1207 995 1220 1590 613 831 298 642 1350 164 1280 1223 563 1051 439 794 989 1952 1500 1942 823 1709 1921 795 229 793 1516 198 1238 800 1797 81 978 646 1216 1577 30 725 1444 397 1219 170 1299 1954 596 1814 1211 1979 1938 938 259 1630 295 1129 525 1023 955 1646 941 498 1200 1205 668 1302 1203 313 1344 156 1864 1634 1947 1393 110 617 264 530 507 1427 834 1756 1540 721 434 1408 223 1585 1305 750 1057 88 1764 514 1827 843 1351 74 1917 366 459 69 192 1856 1007 1985 1570 630 892 1505 720 513 193 1542 1247 772 623 1409 1028 765 573 1291 1375 1481 172 805 979 1656 78 1314 1089 1763 1107 863 204 1715 999 358 1413 1612 614 1935 639 47 1213 500 1465 1084 1361 1309 1645 734 1017 1137 51 58 1194 1446 1306 1075 499 615 755 416 984 1598 246 1576 934 323 637 1493 123 1762 672 303 1221 840 535 1142 1631 1254 1035 1451 1273 1943 1042 902 1609 859 1682 724 768 853 1854 976 1118 165 1423 886 1649 1062 632 1783 
minDistance: 3.56609
cost: 367453
capacity: 298764
time: 56522
maxTime: 60000
LS1: 17459/18345
LS2: 503/886
LS3: 0/0
shakeIters: 362
shakeLoops: 33
