3.17147:1745 3.30682:3007 3.36363:3677 3.36382:4273 3.37653:4657 3.37915:5334 3.39504:6254 3.39526:6492 3.39897:7056 3.40104:7577 3.40443:9601 3.40508:9750 3.41105:10037 3.47211:10689 3.52418:12671 3.53528:12946 3.53648:14376 3.53677:14466 3.53713:25160 3.53995:30408 3.55626:37594 3.56065:52438 3.56082:59149 
821 1216 55 800 1290 1244 1835 111 155 192 1527 1379 859 1916 1560 408 1087 1432 828 59 990 115 1390 725 1418 1144 502 569 1753 1854 1656 491 801 715 480 1092 1342 1344 1105 891 775 1745 677 1614 259 33 297 1827 793 628 1868 961 1652 1681 1954 300 461 421 467 423 204 309 1436 969 1814 951 1075 837 392 1517 1928 1034 1642 375 668 1589 485 1181 1262 1162 903 1063 266 1865 60 877 1985 229 284 322 638 1879 1008 647 1381 1154 395 1508 1746 705 42 915 513 835 1177 433 1553 1072 429 996 1764 1475 1748 431 1011 1540 1461 1473 1509 1803 1849 724 1467 68 87 1023 1219 573 734 1994 689 1556 1493 863 870 506 1570 1630 136 1762 444 931 941 918 1074 1447 923 983 366 272 1030 1071 1040 1315 1901 1451 1368 199 335 1542 1438 646 447 1391 1620 1544 989 695 702 1299 1709 1329 418 1250 1609 551 1017 1169 684 944 1351 751 58 1942 511 341 627 991 1459 1528 960 379 254 673 1664 47 726 295 1009 503 1983 838 1631 396 459 686 525 1486 149 343 586 558 238 1977 635 1423 313 247 1766 488 512 1596 292 227 1347 381 938 811 74 1291 1401 1357 122 1050 15 957 1192 1959 1147 818 1466 1912 244 1481 1054 211 1179 1943 817 986 425 1963 293 1593 1409 35 1242 319 1091 645 1782 778 189 756 1247 1915 234 458 933 556 406 1233 1232 1659 94 878 507 1176 840 1500 81 264 397 1783 1106 1248 1844 1170 475 623 1408 1254 1756 825 902 1946 1316 1669 1062 641 172 829 222 1187 1407 984 712 453 65 1917 193 1437 1139 581 672 823 987 420 1834 988 1569 521 164 303 667 1256 1806 198 1053 602 1131 1808 78 550 419 873 1035 181 995 328 795 796 1682 66 414 1095 1972 1938 596 1952 1700 1910 563 1579 1204 519 1213 579 845 1084 128 1268 1234 1561 976 331 360 23 1405 440 1649 1898 1314 1000 474 1750 597 1672 1140 1230 617 1779 1089 1107 170 1444 435 1591 637 1761 1751 1815 834 389 1124 985 1933 224 1502 848 777 881 1229 1468 450 112 1726 162 1349 1951 100 96 765 1706 844 630 720 434 1044 1043 1522 160 534 223 1625 398 311 1646 1703 1577 1322 619 441 1412 109 805 1224 
minDistance: 3.56082
cost: 367224
capacity: 298735
time: 59149
maxTime: 60000
LS1: 17469/18350
LS2: 458/881
LS3: 0/0
shakeIters: 400
shakeLoops: 35
