3.19138:1777 3.23069:2071 3.24604:2234 3.24695:2541 3.28732:3578 3.29727:3924 3.30682:4073 3.36039:4753 3.36363:4855 3.36382:5408 3.38158:5552 3.40508:7016 3.42492:7402 3.433:7567 3.44194:10661 3.44292:10854 3.44955:10961 3.47211:14569 3.4728:17676 3.49432:17991 3.52191:18888 3.53129:19597 3.53528:19971 3.53542:21087 3.53677:21202 3.54808:22778 3.54941:24220 3.56444:24472 3.56609:24547 3.5701:25992 3.57743:41739 3.58584:42397 3.5923:42589 3.59268:46888 3.59269:49257 3.59353:49645 3.59576:49831 3.60057:51075 
1353 1156 215 552 1556 502 1163 164 162 16 395 1475 214 1799 1750 408 2 1649 1553 1675 11 715 1134 755 1950 1856 375 1593 581 1454 1436 1806 1609 1954 461 1515 1671 1379 1569 1884 1990 319 397 1162 1901 1544 119 812 870 1032 203 1350 652 1700 1329 1213 1002 765 689 1194 527 821 1664 1250 884 1122 511 1058 630 178 1955 646 849 1929 381 1706 1059 1017 77 4 848 289 1357 844 1566 829 1813 1909 1521 172 1652 1137 1091 1409 42 1628 736 1090 1854 223 907 259 209 1268 677 1655 432 1316 519 1686 969 1717 1042 748 1304 1794 667 1407 23 1151 1003 35 414 104 1951 1957 1573 475 672 222 1412 115 840 917 569 1473 1147 1849 1142 1180 295 985 1335 396 522 727 406 1779 312 1560 1367 1109 955 1979 1223 20 681 431 1526 777 1021 773 1712 455 1648 421 643 1107 563 458 211 597 705 1455 314 1724 1272 251 360 1921 1086 1361 1437 65 1620 1216 297 136 1695 1952 1874 74 995 1011 433 155 459 1089 313 1828 123 152 976 1403 944 1972 1432 438 1466 206 574 480 1405 1368 1214 272 778 1275 953 1703 1203 1946 1739 614 1614 716 1747 1388 1182 238 1753 1054 1996 392 713 1159 673 636 938 1561 665 467 619 81 875 47 1817 941 1342 1542 292 1959 1819 1493 1915 358 1481 1125 49 60 1144 1541 1453 550 1271 1095 686 800 1035 1457 668 1380 1500 1117 1044 1019 1751 684 831 1369 379 1207 504 434 1239 509 1187 576 1682 866 339 1810 418 1179 548 1517 1944 556 1933 1120 15 1402 1110 234 1844 1756 1242 626 1314 987 154 66 801 991 1004 451 53 423 818 192 114 1459 445 877 878 1913 1912 229 638 1257 334 1139 1924 933 1513 1533 1872 303 704 1414 176 1745 1221 1390 1994 2000 834 1910 1835 702 1016 1381 1795 247 425 1669 1315 1938 1097 1255 513 1579 1237 845 1804 984 590 284 1164 1782 1461 100 128 892 1667 1816 262 170 193 1772 811 1391 632 1631 1051 923 1305 59 1423 1008 873 1105 68 1927 456 1351 1098 503 1233 1902 1084 828 1023 795 1219 446 596 1347 1796 1726 1071 1922 1244 1527 1616 111 1009 141 960 1181 429 506 1659 58 1764 1123 331 
minDistance: 3.60057
cost: 363537
capacity: 298918
time: 51075
maxTime: 60000
LS1: 20380/21308
LS2: 434/928
LS3: 0/0
shakeIters: 456
shakeLoops: 39
