2.95992:845 3.28658:2159 3.28732:2325 3.31025:2530 3.37653:3088 3.40508:4224 3.43825:5421 3.47211:5610 3.49432:7320 3.51966:9525 3.52418:9647 3.5297:9771 3.53129:9896 3.53995:10169 3.54808:10441 3.55626:14622 3.56649:19921 3.5701:20012 3.58103:31036 3.58476:35566 3.58584:35804 3.58823:37221 3.59268:37436 3.60057:37726 3.60601:43035 3.62037:44310 3.64294:44595 3.64988:48423 3.67184:55923 
114 1637 470 1481 1011 640 1407 1035 1361 563 425 860 985 755 49 418 995 1815 772 795 331 1237 1842 1825 904 1894 878 4 223 108 1580 525 1709 1680 1798 459 1449 1990 162 1646 1889 1114 1371 291 154 1427 1172 1817 1933 334 1123 1813 1413 1248 1849 1233 1480 1112 960 1074 748 771 1084 462 808 1726 1983 944 877 266 782 1915 115 1695 363 43 1929 1051 1561 507 1408 1764 1223 725 1521 1688 1756 432 550 450 1029 1101 81 1671 1359 397 474 853 283 638 1946 503 1667 309 1771 1044 941 979 845 976 406 1502 705 873 1142 1171 23 577 1513 1161 704 222 1573 1125 1064 1601 1852 248 1593 434 51 1682 710 229 556 685 955 1664 801 1106 1745 1177 702 100 1620 1810 996 447 1729 1917 1377 431 870 1866 1155 637 136 1216 1194 765 289 1456 917 1486 1316 329 1461 73 1442 1089 881 1782 1954 1490 1205 1952 520 160 68 1884 969 564 1412 87 346 192 1154 953 1230 1108 1577 1226 1010 842 47 628 934 1655 1507 1576 732 991 128 1971 1121 259 1432 1868 60 1351 849 176 606 807 1314 641 1687 1968 95 111 476 392 1541 1275 1669 1703 1590 1938 1032 1414 1807 768 513 1162 383 1681 1204 16 805 1255 1002 1151 734 1028 198 1921 984 1840 1057 1614 304 1772 1059 614 912 389 826 1117 987 1034 1017 633 1023 1368 193 1042 759 1500 50 1494 1003 892 379 411 1219 312 796 649 940 938 823 1399 303 1700 284 1207 727 1454 739 875 584 211 1804 1844 1213 828 1509 53 1437 1686 164 1652 821 152 316 458 1145 1160 630 421 596 1344 1955 509 675 1181 1063 1783 475 1634 1631 1240 119 264 1829 1190 778 597 1144 1828 137 1838 396 1870 1191 677 1473 1659 446 1203 750 1928 1450 480 478 924 1305 69 1054 619 488 204 885 610 1942 777 375 1902 1959 1727 1912 2000 409 1137 1221 1342 1570 514 1678 552 1753 815 172 1467 1630 506 834 1762 297 1943 366 234 720 646 825 372 1803 46 907 1164 1268 170 1131 435 121 1609 1383 686 219 511 626 574 935 1878 1200 74 42 1544 1996 1713 1091 554 1107 931 1220 313 1806 990 1211 65 1273 1387 
minDistance: 3.67184
cost: 364109
capacity: 298878
time: 55923
maxTime: 60000
LS1: 20270/21154
LS2: 390/884
LS3: 0/0
shakeIters: 465
shakeLoops: 43
