3.28658:2402 3.30682:2611 3.37058:3048 3.37653:3362 3.38158:3507 3.39897:3881 3.433:5180 3.45306:5964 3.46675:7789 3.47211:7885 3.4728:8547 3.48024:9280 3.48888:9396 3.51942:9807 3.5196:11159 3.52191:11461 3.5224:12264 3.5297:14040 3.53677:26952 3.53713:27371 3.54808:33352 3.56444:39762 3.5653:40921 3.56609:43897 3.5701:44012 3.58584:47366 3.58647:48726 3.59268:51009 3.60057:58425 
1191 1915 1019 1391 821 794 1042 960 470 1095 840 297 410 1547 771 296 647 1788 1214 1466 1717 907 991 873 414 467 406 1646 1171 65 293 1125 1029 303 1828 552 1977 313 1952 395 875 884 1368 1806 498 1933 684 1028 1955 219 445 254 1220 1446 1098 1427 178 1234 1872 1059 1819 1151 431 453 1172 434 672 1433 1361 813 1983 858 891 866 130 1101 1772 837 411 346 795 749 1703 172 1203 396 1164 686 859 1097 938 315 944 1379 192 1071 74 1105 815 1968 1726 1395 1577 1544 1681 1190 1513 229 1724 204 1181 1756 1976 1216 1005 58 581 1310 1767 511 1561 1227 878 1086 823 1566 1560 1954 1794 1434 509 1667 1284 513 423 1750 125 1454 170 502 23 425 476 1048 1399 1051 309 1180 1257 1917 1894 1580 525 514 1199 259 1669 828 1929 1142 164 1810 844 1081 1436 1202 283 1090 1376 137 1541 801 1878 1468 1409 777 1094 995 660 668 1459 1089 319 1938 1590 1344 368 1569 518 734 1815 418 214 1852 1106 1870 43 1614 1827 432 16 81 421 262 739 916 869 961 1782 1342 955 1821 295 1861 1609 123 1010 1753 619 1783 1177 748 1923 1959 1333 119 667 1713 534 596 136 1579 20 60 1901 341 1229 284 456 1213 1022 1924 222 480 272 433 1084 969 1946 702 286 688 478 886 1807 1779 189 1500 1420 775 193 1194 429 917 1239 275 1058 1144 461 1480 397 626 381 1237 646 73 1727 1322 834 736 1117 1777 1652 1476 521 1407 953 4 1835 95 1682 1680 392 627 66 789 677 1057 138 176 615 1009 985 1226 435 1024 1437 606 459 761 1647 1054 1145 1100 1017 1664 1570 1655 976 1003 1233 223 160 115 1735 1817 979 1495 15 639 1943 1461 1542 933 940 1575 1709 111 1091 1593 885 331 1350 266 87 1023 1027 1556 1254 1927 630 1485 1118 705 47 1534 504 234 462 1634 110 1705 1063 458 1147 638 725 712 597 427 441 1314 1369 1304 1219 211 1475 1994 941 475 529 1092 1990 1868 339 637 1481 1631 1912 1080 1207 870 224 943 379 1662 1910 563 483 512 724 328 992 1879 558 1766 126 982 1747 1381 488 1829 108 1074 1268 1432 1526 247 1553 574 845 1035 49 152 1473 990 1706 548 362 1671 1412 
minDistance: 3.60057
cost: 367804
capacity: 298743
time: 58425
maxTime: 60000
LS1: 19832/20716
LS2: 412/884
LS3: 0/0
shakeIters: 443
shakeLoops: 39
