3.18782:2045 3.28658:3025 3.3732:4042 3.37915:6705 3.39754:7381 3.40508:7635 3.41306:8959 3.433:9894 3.44955:10053 3.45019:20800 3.47211:20990 3.52567:22505 3.5297:23532 3.53648:24804 3.53677:25576 3.53713:27821 3.57819:28323 3.58647:28507 3.59268:28629 3.60057:33370 
406 702 43 1946 596 458 684 1123 1376 461 546 312 646 521 418 1860 1695 815 1033 1314 1207 693 1753 1977 297 1873 1177 1764 1664 1627 227 284 1023 891 87 1577 1593 1945 1589 1287 1213 1205 1444 1273 1794 1448 1888 1432 576 229 1090 736 1867 1480 1117 1954 1934 1151 1841 801 1442 1019 940 204 976 300 1687 1856 157 1783 720 626 1715 36 1756 1553 860 1682 1084 474 847 574 972 726 1996 844 475 902 953 635 1541 302 1454 1091 1466 362 1244 1935 1866 1976 529 1164 429 1544 111 955 58 1479 1799 1250 780 194 1951 363 207 632 1878 165 1746 881 826 1010 1316 777 886 1063 1761 1271 575 1320 1703 835 466 1884 114 1943 1059 1463 309 1438 1147 1408 934 725 214 1074 1474 985 1795 375 358 421 1024 243 987 1264 848 1680 1032 974 1536 1684 1124 1255 1088 1772 1179 1239 926 1380 1508 688 161 389 765 381 1219 379 1875 1257 1371 513 1129 520 1391 1786 123 423 547 1487 1402 1561 638 1490 162 878 639 732 1248 1360 1104 331 20 1473 1912 506 1762 1938 943 1902 875 1540 1081 944 1233 1515 23 965 435 1994 1727 641 1214 1901 990 209 651 211 1657 1560 873 1125 1497 1983 74 28 1383 1579 1827 60 255 563 884 552 82 1242 254 1933 1054 1344 219 41 630 392 768 1461 1910 734 414 1649 1854 35 1050 295 1414 1921 859 1304 771 984 192 234 793 1807 642 328 283 16 800 1057 380 1556 266 938 1844 1180 845 1181 519 1459 1605 1542 512 880 1923 1194 654 110 455 1705 677 1576 154 1573 1201 1481 931 116 849 584 1021 425 614 634 15 313 795 1051 81 941 1782 1852 1979 1403 1942 1191 1137 581 1837 928 534 136 1706 1952 1747 1203 1609 907 1988 1475 1779 918 1500 1436 1620 1372 1040 507 130 1572 597 1917 438 1455 1468 1058 1652 1502 1598 428 834 115 164 265 1187 1226 1810 1018 606 1268 1003 1631 1726 1342 1020 1806 427 431 821 172 739 750 1071 1669 805 1659 396 511 1569 1144 497 459 1915 66 303 354 829 1172 1171 999 1275 1223 1842 1173 1777 279 500 748 1551 411 1216 170 1959 1011 193 223 397 877 100 979 420 1029 789 1089 1035 1817 1044 198 51 1159 755 55 686 1700 1211 509 316 1002 627 
minDistance: 3.60057
cost: 368210
capacity: 298934
time: 33370
maxTime: 60000
LS1: 17159/18095
LS2: 559/936
LS3: 0/0
shakeIters: 357
shakeLoops: 31
