4.2658:1141 4.28076:1306 4.31097:1516 4.33621:1665 4.39157:1839 4.46745:2340 4.51106:2462 4.55591:6332 4.58133:6425 4.60515:6550 4.66297:6725 4.66483:7071 4.67586:8034 4.67986:8977 4.67995:10713 4.73038:10930 4.7335:10989 4.74155:11960 4.76758:12383 4.76811:12453 4.78263:12618 4.79382:12767 4.80095:12826 4.83872:14354 4.85016:17969 4.86755:18134 4.86943:22578 4.8822:22761 4.88299:25945 4.8986:28842 4.92188:29690 4.92368:33846 4.92616:36086 
1814 5 1743 1059 776 1325 429 955 1019 439 1508 983 1048 298 1033 771 1589 1704 705 669 656 949 1244 1453 1912 184 751 795 1003 1757 1560 1590 1351 565 23 402 1653 1477 844 1975 1781 1712 379 969 1983 642 1575 902 1334 80 1705 325 224 1468 1357 1499 1213 66 199 1475 1517 1849 17 1687 961 1645 1932 1516 136 1946 1579 340 504 1442 677 1041 1032 1966 1604 668 1412 124 243 1864 1379 638 310 236 138 266 367 1810 1217 1142 1291 233 1160 1828 527 1119 68 842 1090 1876 91 1888 1903 1486 1153 1801 58 1051 304 1463 1344 1506 1656 641 857 1985 1062 681 483 1866 1606 1664 1479 1910 946 198 500 1383 1902 244 1761 1063 974 1248 303 176 722 1652 152 1630 194 1105 1180 684 1929 441 1917 1844 375 1970 1221 119 1833 637 873 1193 1496 1465 1788 1865 987 1267 1550 865 1356 1686 1432 81 223 468 446 1878 574 1727 206 1416 665 1243 1249 643 431 1408 1977 179 1614 73 1797 1702 1093 573 1495 1856 1813 1820 293 421 1190 1556 596 1799 849 170 508 1884 970 534 247 1274 613 757 1573 1089 1359 1398 715 272 1420 1304 1427 1265 192 331 1371 74 1239 160 1107 531 1840 964 1172 693 904 1959 1846 727 403 1116 1545 1358 1596 704 645 1040 667 924 1247 572 1655 1194 1057 1829 1391 1044 1489 395 615 509 
minDistance: 4.92616
cost: 237710
capacity: 199163
time: 36086
maxTime: 60000
LS1: 35539/36765
LS2: 403/1226
LS3: 0/0
shakeIters: 790
shakeLoops: 76
