4.42459:1369 4.48074:2629 4.49276:2940 4.53525:3537 4.56808:3699 4.5832:3973 4.60515:4085 4.60762:4199 4.60848:4258 4.61228:4330 4.665:4679 4.71042:5117 4.72565:5220 4.72596:6024 4.74915:6130 4.76598:6295 4.76942:9303 4.78263:9486 4.78807:9818 4.79522:11478 4.80158:12578 4.81462:15455 4.82061:17515 4.82343:24739 4.82402:26069 4.82532:33329 4.85157:34276 4.86407:34412 4.86755:37584 
1427 1143 412 1119 73 74 1573 850 1902 514 1221 1390 429 1319 1299 1489 1220 192 842 853 1785 709 277 728 1894 1799 1656 776 1501 1652 1846 293 150 1304 297 1909 233 1032 1040 504 1884 1038 1866 1929 1972 1305 1817 184 1274 1762 1865 902 1432 584 492 129 819 403 1107 1609 1059 835 193 1788 534 421 1003 983 65 1417 115 1928 243 708 1692 1645 1391 112 1149 1090 1835 81 1226 1907 136 684 198 1407 1797 1820 119 821 616 848 1803 668 1985 1371 596 1429 1742 468 375 1248 1959 499 272 1516 1575 1655 1008 66 579 1351 1479 1813 176 879 756 1315 464 395 1051 1829 1408 111 1217 1162 991 1078 1291 1412 108 782 1626 1044 508 296 1764 1056 244 1653 1994 35 367 124 834 304 1053 1402 1542 771 60 1970 1160 223 431 1513 30 1041 1359 920 128 1579 1116 1344 484 1874 1559 1193 705 955 1810 1876 1071 645 924 673 3 858 1814 212 251 1888 1142 131 1358 933 236 247 480 1990 1229 1903 788 1631 51 1739 1406 1556 1576 801 1917 606 441 500 1093 1953 1892 1144 1533 1496 211 1423 80 931 439 1506 1589 358 677 138 849 865 1060 152 1943 831 1463 1472 1933 169 1437 936 325 1630 1453 1247 1781 1328 165 519 900 1356 656 752 877 459 335 1946 1864 1614 1255 1213 240 1180 1244 1115 1664 778 1761 1420 1768 
minDistance: 4.86755
cost: 250025
capacity: 199171
time: 37584
maxTime: 60000
LS1: 36955/38248
LS2: 419/1293
LS3: 0/0
shakeIters: 845
shakeLoops: 80
