4.42459:1399 4.48052:3142 4.48074:3272 4.53015:3465 4.5832:3598 4.60515:4093 4.60762:4184 4.61149:4466 4.66483:4626 4.67171:5136 4.69284:5363 4.72596:5518 4.73038:5850 4.7402:5917 4.74155:6376 4.76598:11326 4.78495:11799 4.78807:12031 4.78856:12098 4.80158:12163 4.81462:12350 4.81903:15570 4.84813:15678 4.84968:15896 4.86337:17046 4.86755:17321 4.86943:18231 4.90592:19071 4.91889:21249 4.92188:21391 4.93262:25073 
1866 673 1741 759 1107 425 1629 904 574 677 1738 842 1803 1840 1081 1929 829 858 1972 1180 1267 1162 1970 119 1669 1259 1164 1249 1846 834 1071 423 1090 1076 1653 1293 80 1304 1565 793 1172 1983 596 192 689 921 1496 1492 1781 160 1620 1265 1291 1975 1485 395 1864 615 1427 1221 1258 513 1119 480 1804 1463 637 1997 1479 1442 1473 374 889 961 1453 1874 1023 470 974 1630 1878 1562 1761 584 684 1461 435 179 531 233 1417 1063 219 124 1726 1783 222 1179 358 1432 1060 663 970 165 410 1916 1160 964 1951 1641 693 1455 1876 1539 1203 1486 1935 1681 1527 1870 1797 129 1491 1495 901 1391 367 1390 133 388 1434 432 66 243 298 1569 1416 1718 379 1822 112 1092 1697 1398 1749 821 1768 1501 1985 1667 1814 1408 875 1105 728 1351 1606 4 947 1274 1073 1247 198 204 2 1290 771 949 1041 1213 1838 1799 1595 900 194 1093 1552 1788 1590 58 831 1604 1517 519 81 844 1959 1359 665 293 414 1356 138 572 444 1371 1499 1746 849 209 459 340 656 1364 1248 1950 3 1723 776 1506 1841 645 1817 335 381 1829 331 1686 1736 902 1032 1664 727 1888 734 1057 51 1190 1149 857 508 1626 1712 1042 1702 1361 1365 585 1051 86 412 987 1464 176 1579 1273 1739 1566 1038 240 1271 1031 1489 1342 136 1810 1652 23 1656 1368 429 794 1409 1861 1429 236 756 1420 1089 
minDistance: 4.93262
cost: 248461
capacity: 199243
time: 25073
maxTime: 60000
LS1: 36587/37907
LS2: 480/1320
LS3: 0/0
shakeIters: 809
shakeLoops: 76
