4.41605:1558 4.44693:1844 4.47756:2100 4.52483:2327 4.53015:2465 4.55144:2537 4.56155:2988 4.60776:3116 4.66669:4287 4.67986:4400 4.67995:4998 4.69284:5154 4.76528:5291 4.76811:6266 4.77773:6623 4.78648:6691 4.80095:6795 4.80158:6879 4.82532:11702 4.83779:14664 4.85157:14773 4.86246:21982 4.86407:24199 4.86755:25474 4.86943:36593 4.88942:37594 
572 285 483 656 421 574 1757 236 367 1233 1463 1794 1934 129 176 1856 1407 553 1552 858 788 734 505 1742 1970 1342 1456 821 628 1652 565 325 1267 28 66 322 1723 204 1496 1803 1164 286 464 94 360 15 1359 1304 1429 403 1249 1633 1928 1416 1739 584 1172 499 379 807 88 961 375 596 264 1482 1144 1190 293 1542 1975 445 51 1032 1124 1003 1499 81 335 1513 243 684 964 513 124 1502 848 1783 1453 55 1160 709 1468 1193 1091 1319 829 1071 917 374 490 642 74 431 1781 1728 1169 1464 1149 1912 1936 1516 849 406 1726 1712 680 944 1274 1262 115 987 179 1983 1413 1351 800 1364 1222 1328 1356 1521 825 921 1994 1916 636 1412 983 1692 1501 1985 1667 1041 388 1180 112 1933 689 1903 244 195 794 1417 1008 1408 136 429 606 1119 1694 272 138 1221 1118 1089 1092 1959 80 845 1562 702 776 669 889 1248 1966 1177 1107 1829 1566 1575 214 902 791 1291 73 317 433 97 1866 1922 653 1979 645 1768 834 1556 534 1952 1630 18 677 1842 1057 1506 854 1645 878 990 223 1465 1019 1888 663 504 793 974 585 1950 1902 1770 641 1614 844 842 531 1090 1427 1797 1833 1130 304 1876 423 119 573 727 1371 1047 1363 1589 159 1972 65 1810 804 233 581 1602 150 1344 1590 1814 1503 410 1217 893 1656 1031 86 212 1653 412 1844 982 875 1495 1367 1350 771 
minDistance: 4.88942
cost: 247239
capacity: 199351
time: 37594
maxTime: 60000
LS1: 33900/35316
LS2: 673/1416
LS3: 0/0
shakeIters: 717
shakeLoops: 69
