4.27854:1305 4.29886:1554 4.31097:2070 4.41875:2423 4.44547:2873 4.49364:3010 4.50057:3092 4.55144:3608 4.5832:4655 4.61228:4786 4.64287:6091 4.66297:7168 4.66483:7818 4.67586:8150 4.69262:9328 4.71793:10997 4.72534:11137 4.72565:11263 4.72596:12201 4.73074:14009 4.73833:14773 4.73937:17480 4.7624:17601 4.76447:17726 4.76528:17950 4.79126:18078 4.80158:19032 4.82358:20123 4.82532:30120 4.84512:35205 4.85157:38147 4.86377:42854 4.86407:42964 4.86755:44942 4.86943:47527 4.88107:51850 4.8822:55666 4.88299:57927 4.8986:58521 
1799 1492 848 553 1846 1712 1432 1019 1653 1822 1178 423 119 81 1335 1888 1878 111 1423 511 1917 1756 212 1692 298 831 160 1304 1801 1994 1273 51 410 889 1342 1545 834 1062 1344 488 849 1903 574 272 1582 1350 414 1630 1023 379 1177 858 1736 243 619 1364 1247 748 1560 1258 1550 88 1486 1894 1239 1914 371 1465 1542 80 1829 1463 1160 114 210 819 1408 1359 704 1351 1496 1371 685 779 1291 751 1248 418 1305 1190 1032 615 656 1172 642 1523 1876 1637 534 1579 1339 1466 388 923 1107 198 264 1003 293 1479 1127 1407 1420 395 983 1181 432 492 1702 193 1092 1203 1796 1022 1803 1589 1565 776 1434 66 1817 35 1739 669 1842 904 222 845 1320 576 1325 829 668 28 250 1453 1391 504 1820 179 902 112 1271 4 1122 1656 82 796 1093 1573 425 1489 1283 1517 728 1810 1576 1705 1902 296 440 429 1912 869 1084 1448 645 901 1211 665 1886 821 1966 1179 715 433 924 771 1552 638 445 1180 43 1814 1347 1891 920 1828 375 842 325 1328 1645 1164 1221 99 1742 667 1217 961 124 1057 1076 58 30 709 1216 236 1779 233 959 500 1652 1975 3 357 1506 1959 1541 744 1561 1213 1356 684 1749 1456 1899 596 1033 826 1866 464 1142 224 1427 493 1031 584 900 242 240 1985 1745 1412 987 1655 1090 1315 1193 
minDistance: 4.8986
cost: 249075
capacity: 199155
time: 58521
maxTime: 60000
LS1: 35858/37172
LS2: 492/1314
LS3: 0/0
shakeIters: 783
shakeLoops: 72
