4.16075:1010 4.29619:1468 4.35506:1664 4.36848:1785 4.41875:1939 4.60588:2629 4.60776:2690 4.63583:2756 4.67586:2856 4.71476:4009 4.7281:4207 4.7335:4527 4.76528:7331 4.78379:7403 4.78807:8031 4.80095:9499 4.80158:9555 4.80301:9757 4.81774:9950 4.83543:10616 4.84968:13882 4.85157:17198 4.86407:22795 4.86755:25760 
264 1516 1361 1059 1142 500 1344 638 1576 423 429 1657 845 58 642 565 1552 1641 331 1583 983 618 879 204 904 65 450 684 1328 708 824 1985 214 720 1453 1929 1559 1342 427 1427 1172 865 136 1032 1633 1801 192 961 834 1434 1653 1420 842 1213 459 1076 198 807 1315 1356 80 1366 574 367 982 869 1692 1190 795 1047 1878 490 1579 1994 1090 1817 1606 1723 584 509 1116 1726 1840 615 1463 243 1785 1739 1093 821 388 445 1573 695 272 1290 1060 1041 1359 66 1874 1247 94 705 1274 1902 375 641 1057 212 1799 1712 702 704 304 298 431 1072 1745 1396 1267 23 1466 931 1803 1652 514 1983 1876 179 709 519 1107 1248 1371 579 1291 233 1412 1417 165 573 815 1474 508 3 1478 1649 780 1293 849 1589 1180 358 146 504 176 1764 129 119 244 1864 1687 889 1846 858 1705 236 1865 1429 1489 534 293 1007 379 25 1655 1300 421 432 744 325 1456 900 1664 1933 1310 1829 468 850 527 1499 1476 164 1226 623 1358 955 1438 1545 1063 1975 1914 321 1542 1005 535 1391 1473 322 1084 1496 1160 1556 728 572 1040 1105 443 1264 1407 1968 81 143 1492 160 138 1982 1512 340 750 653 1833 793 667 1319 1071 1239 1917 645 902 1131 784 1304 1645 1078 1390 1081 1221 1465 289 1517 1089 74 1888 1810 357 599 859 1728 974 410 776 935 596 
minDistance: 4.86755
cost: 249970
capacity: 199196
time: 25760
maxTime: 60000
LS1: 38817/40097
LS2: 359/1280
LS3: 0/0
shakeIters: 897
shakeLoops: 85
