4.23934:1065 4.35473:1397 4.4348:1759 4.47756:3179 4.49364:3591 4.50057:3668 4.53487:3765 4.56808:3912 4.5832:4108 4.60515:4391 4.61228:4705 4.63394:4810 4.69284:4977 4.72212:5140 4.74843:10027 4.76528:11065 4.77781:11302 4.7963:11802 4.84813:12373 4.85016:14457 4.8518:16616 4.86407:18736 4.86943:19533 4.8822:30416 4.88299:31050 
51 684 1455 1119 293 425 129 1078 508 527 1247 1033 1664 1436 176 73 459 1810 1590 1705 1273 1434 1997 1829 1347 901 1489 900 1894 80 1321 1692 1614 1190 397 403 1180 1630 236 991 1569 504 1645 131 380 1397 1032 1409 340 771 1649 1142 1573 1804 1749 902 1328 1080 1089 645 243 19 119 242 1723 1359 1582 1438 849 1057 35 410 519 1071 251 897 1994 1084 1506 367 316 567 179 1743 375 1996 1298 383 1609 834 1523 1200 1420 1239 1513 1902 796 1407 358 1556 325 1653 1116 470 94 201 223 1249 668 689 71 1290 552 464 1051 1005 574 1465 1985 1227 1704 1463 47 1589 1432 964 1799 1545 1213 1334 1652 1398 1267 1788 1217 1056 879 211 1039 1751 1813 1835 1391 621 1090 1453 1115 1320 279 996 503 613 138 1780 513 1858 776 844 1153 1468 1726 1034 395 160 1946 1874 421 850 178 66 715 1785 531 502 483 1552 801 1417 1342 474 402 1081 192 1801 1319 1233 673 676 431 653 782 792 1712 1221 1560 1390 17 1248 1358 1502 704 412 1756 248 1559 108 1542 873 1579 244 441 1739 1291 23 1072 596 1335 247 1107 1550 1127 1059 637 756 824 266 1427 1003 1975 1110 842 212 1916 1371 858 1959 297 1576 1817 219 1655 1053 983 1972 198 430 1044 1856 1429 272 152 875 656 449 1464 705 1164 1952 406 1406 500 
minDistance: 4.88299
cost: 245761
capacity: 199349
time: 31050
maxTime: 60000
LS1: 36540/37833
LS2: 408/1293
LS3: 0/0
shakeIters: 860
shakeLoops: 82
