4.29886:1360 4.41875:1828 4.47951:2140 4.48052:2271 4.49364:2432 4.49486:2582 4.55296:2737 4.56808:2863 4.5832:2997 4.67586:3147 4.7281:3653 4.77148:4088 4.78263:4210 4.79087:5144 4.79382:5241 4.80158:13644 4.83543:15329 4.85016:53083 4.86755:53171 
1371 1258 135 1114 285 421 1358 821 777 1244 1874 1142 1967 1364 1398 1353 380 212 1614 728 1932 565 579 1664 1761 750 1692 596 1478 667 573 1705 850 1143 572 1819 1057 1728 206 1407 490 858 901 1506 705 1840 58 1797 683 455 1633 1453 756 904 1820 1836 1356 1368 519 1084 66 165 1233 119 1565 1910 1813 1456 1702 1785 1391 1172 1736 1509 1523 244 1479 1495 1579 1829 1542 1267 450 1489 788 1369 637 1590 1086 1589 1271 1739 1917 474 243 840 1712 1334 1040 359 509 1517 114 969 1190 1545 1929 1385 1122 1903 272 1521 1876 1003 108 983 924 336 970 1116 1697 176 964 325 1946 1959 1461 1817 4 266 1997 1994 616 1569 1408 993 555 1463 1856 1465 1690 1742 1220 242 293 1193 1325 1107 829 1155 1062 842 1546 1041 830 1277 771 446 233 1089 1090 224 1468 849 865 1093 886 1626 1247 671 17 264 768 1080 317 1562 1455 1429 1427 1229 1908 848 1412 628 1438 1200 1092 1954 425 715 1535 322 1335 704 470 136 1319 1255 513 1359 334 1686 684 1663 630 835 1653 1053 562 297 35 1105 574 1788 1119 23 1249 1527 138 1451 1658 527 184 1985 974 1723 504 441 211 1595 1846 60 1844 1176 1217 869 1977 1071 1762 1816 801 1649 1540 1576 645 1406 668 1516 1652 1076 223 115 984 150 310 1866 1814 1743 991 531 1221 48 1888 1434 1420 1799 1432 1033 
minDistance: 4.86755
cost: 241243
capacity: 199211
time: 53171
maxTime: 60000
LS1: 33094/34347
LS2: 524/1253
LS3: 0/0
shakeIters: 710
shakeLoops: 68
