4.15297:1086 4.16075:1263 4.24197:1493 4.45098:1902 4.47547:2550 4.53118:2830 4.60326:3506 4.63709:3769 4.66341:4820 4.69284:4908 4.71476:6148 4.71913:8456 4.73579:8518 4.78252:9346 4.78495:10255 4.79382:11754 4.79935:13121 4.80158:13979 4.82358:14790 4.85157:15705 4.86337:48555 4.86755:48663 4.86943:53161 4.8822:53920 
358 1658 1090 474 795 1003 1031 771 982 1084 1047 443 1060 410 519 1081 185 1119 1217 574 1943 1351 66 1542 1407 801 1946 1368 1023 1359 212 1479 1267 414 304 1705 1894 248 1545 1688 1560 236 129 206 1356 1632 1933 1590 492 432 1456 1124 1190 845 821 1620 879 1315 665 1429 293 1408 452 464 233 505 285 1364 470 81 475 468 272 1506 819 1093 904 858 1213 1022 1097 974 1975 1626 83 1304 1726 715 264 735 331 1417 875 1040 1903 642 1742 1179 1153 993 1160 1478 709 784 1172 51 508 1053 1495 756 1517 28 1401 1652 136 1719 1335 1810 114 360 325 1063 1071 596 1333 702 214 1653 1089 379 58 1929 224 1076 1686 1796 1463 1398 1357 47 527 848 476 119 449 1556 243 23 1059 776 615 1866 266 1819 1107 1501 729 900 704 504 176 395 1492 889 1264 684 1797 1656 1110 584 124 1453 74 179 1784 160 695 668 842 669 531 1846 1589 1917 849 1649 1743 585 1290 1959 138 73 286 1344 1966 238 1951 1856 1243 1516 991 1579 1994 955 1550 689 750 1838 1541 1466 1552 1783 667 1427 1486 1341 844 811 1489 1464 1261 15 1248 1406 1457 986 1468 1817 1983 1675 192 959 1461 983 364 219 645 500 455 389 1262 1739 902 1180 656 1876 247 869 1225 1822 1878 222 1350 1559 412 480 310 1328 1434 
minDistance: 4.8822
cost: 245391
capacity: 199335
time: 53920
maxTime: 60000
LS1: 37524/38809
LS2: 384/1285
LS3: 0/0
shakeIters: 877
shakeLoops: 84
