4.41674:1606 4.45098:1954 4.46745:2212 4.47951:2542 4.60515:3187 4.60762:3305 4.61228:3467 4.63583:4301 4.66297:4392 4.66341:5423 4.67724:5691 4.67995:5813 4.69284:7594 4.70734:7781 4.71793:7919 4.7335:8119 4.74494:8344 4.76528:8518 4.78807:8848 4.79087:8976 4.79683:12099 4.80158:12345 4.82061:13941 
1521 1924 1802 1293 869 509 613 359 1756 1274 1626 1933 395 684 1556 704 138 1762 1248 519 1736 47 440 211 178 709 705 1743 367 1350 904 1817 902 574 1512 901 527 1255 726 1143 642 1385 1153 1739 412 1785 266 1858 1652 1888 873 42 1407 572 875 778 1160 1230 1319 316 1216 244 844 1620 1829 1489 1637 860 335 243 1932 379 429 1465 1799 614 331 23 1952 859 1461 1378 1833 227 223 272 1582 1290 1723 1190 605 375 1827 417 1985 1479 677 490 1277 210 1249 461 513 897 1053 1371 1983 1258 199 1211 1084 1359 467 991 1063 470 1032 65 662 1632 1552 1951 1874 1506 548 1057 1119 585 129 514 500 1220 1797 296 115 715 22 179 1177 1658 1946 72 1253 1315 285 555 1413 879 842 845 28 1959 1107 1344 1453 1412 1432 1358 388 1749 1702 397 858 1576 1917 1645 82 1835 889 1033 1485 119 195 1040 707 1705 584 983 1696 1200 788 1383 1267 924 710 184 1894 1427 668 1263 201 579 1517 1142 1047 1420 1361 1994 432 1038 1181 1434 233 1180 1116 1519 435 1390 1442 300 1081 1977 425 25 1783 1080 596 66 831 1495 993 1692 1633 55 1819 1076 1501 853 320 1328 464 849 325 73 1742 1516 1929 735 293 1250 669 1737 152 1589 3 1463 1665 1172 1090 1561 1203 1438 1247 1401 1049 51 1688 124 1019 637 1828 1051 576 1653 1089 1672 421 1966 224 
minDistance: 4.82061
cost: 242731
capacity: 199227
time: 13941
maxTime: 60000
LS1: 35306/36652
LS2: 569/1346
LS3: 0/0
shakeIters: 754
shakeLoops: 72
