3.92969:581 4.16075:1059 4.2658:1621 4.28076:1714 4.29552:1906 4.49364:2198 4.52483:2304 4.54111:2611 4.54522:2780 4.56808:2864 4.57831:3303 4.5832:4476 4.60762:4623 4.61228:4730 4.6519:4970 4.66297:5243 4.67986:7292 4.6809:12829 4.68282:13768 4.69304:13894 4.71913:14211 4.72565:15087 4.73833:23161 4.7512:24003 4.75252:25785 4.76447:29323 4.76598:32164 4.76811:32262 4.77259:32439 4.78648:35799 4.78807:42856 4.79126:44379 4.79382:44437 4.79935:44984 4.80158:45756 4.81059:48572 4.81462:50105 4.82532:50207 4.83779:56200 4.85016:56565 4.85872:58268 
791 357 1005 1464 475 23 1427 410 1361 1559 1465 464 834 750 214 81 199 1358 573 285 1274 1516 73 421 1128 297 262 335 1160 575 1652 91 1842 1328 1954 1170 639 1147 411 1407 584 1267 1929 375 535 129 445 1401 138 1417 1726 1658 236 1472 1609 1304 1183 1012 1473 735 1797 439 1560 1248 1048 340 1443 243 395 1590 778 596 1071 65 1243 1142 212 508 552 1319 383 325 1502 397 1799 1130 715 893 1556 996 364 1455 1360 1486 534 873 440 1153 247 641 1788 771 1190 178 72 613 412 1814 1084 60 1359 615 66 1743 1876 1040 1376 513 1213 1193 1155 1275 1240 840 1374 135 970 1579 617 1461 1874 1489 705 1420 119 1184 1653 531 1996 1844 1499 961 1019 824 176 1946 423 86 1819 192 111 1364 707 637 1032 3 244 1226 710 1090 695 35 1080 917 358 1783 606 1371 1863 1951 1119 1858 1381 1632 1453 51 1350 993 136 504 15 251 1089 632 68 574 1501 298 667 1178 1817 842 1589 1985 572 1351 1077 1105 858 1552 684 1645 519 1994 431 376 1966 1017 835 1277 1982 1705 435 1865 252 875 645 17 897 1575 1172 1495 1398 1975 565 554 879 964 901 266 1179 1391 543 1466 1107 1129 904 1834 1059 1442 847 1932 1293 1787 1745 1917 165 160 527 1933 1247 1479 1451 638 28 500 499 264 669 1432 889 1952 131 389 
minDistance: 4.85872
cost: 238357
capacity: 199165
time: 58268
maxTime: 60000
LS1: 33470/34777
LS2: 526/1307
LS3: 0/0
shakeIters: 740
shakeLoops: 68
