4.22572:1006 4.36848:1705 4.47756:2062 4.56808:2716 4.57743:3096 4.60326:3240 4.61228:4935 4.62744:5285 4.63394:5935 4.6519:6662 4.66669:7602 4.67863:7850 4.67986:8730 4.69058:10942 4.69284:11307 4.72358:11468 4.73038:11526 4.76598:11622 4.77773:12203 4.77781:12269 4.78807:12327 4.79077:17274 4.80158:18780 4.81059:20705 4.82402:21521 4.83872:23071 4.83943:23220 4.86755:23992 4.86943:24230 4.875:41365 4.88107:43402 4.8822:45581 4.88299:48911 
508 842 1561 1932 1153 1350 879 71 504 565 176 1328 1810 211 1110 643 1464 1371 751 516 904 511 785 1427 367 1479 1290 1854 1589 214 1699 51 402 641 124 25 1653 194 704 1726 1258 1917 1032 1063 1019 858 1846 1575 1928 982 531 325 841 272 1160 1255 1985 902 1031 1359 1687 1799 1261 266 1489 1100 82 137 1221 1264 1461 749 1534 1630 1090 1743 1817 1398 1417 1267 859 403 748 689 1823 1736 1368 1997 1959 1172 28 636 1735 1184 1407 1325 534 206 204 322 1051 1273 1749 1495 1972 1315 1648 1454 1180 1560 1686 1107 1582 776 1364 1274 15 198 1966 961 407 684 1213 933 639 1714 336 1360 331 791 1705 1501 1234 1946 1333 1844 1579 1620 1506 946 1476 1614 1727 58 687 771 340 1453 1903 1829 668 1739 240 410 1357 669 152 1562 1970 1217 645 298 1401 1351 572 423 1092 1248 1788 1081 1344 1757 109 222 1229 1222 848 615 1878 917 223 987 974 715 844 1637 1994 464 66 1177 192 243 1463 1590 1842 1780 630 1910 947 1048 1702 1866 865 160 439 1645 583 483 1093 1164 1728 297 1182 873 1912 983 1656 1559 421 574 555 304 1894 734 1115 1144 1243 1602 1797 1954 1023 1391 1089 1814 1517 212 119 80 1609 596 1057 1828 1334 1595 1003 360 673 1200 1041 993 1304 1952 168 1712 707 1465 849 1190 677 505 665 1652 
minDistance: 4.88299
cost: 244425
capacity: 199162
time: 48911
maxTime: 60000
LS1: 36781/38067
LS2: 451/1286
LS3: 0/0
shakeIters: 802
shakeLoops: 74
