4.28076:1247 4.41934:1770 4.46745:2178 4.49154:2453 4.57831:2679 4.58065:3462 4.60762:3695 4.60848:4326 4.62629:5214 4.65008:5651 4.67543:5748 4.6841:5895 4.69284:6478 4.7037:6606 4.7402:6672 4.74755:6848 4.76447:6955 4.76528:8495 4.77148:9679 4.79382:10464 4.80158:11874 4.80301:11929 4.81661:12704 4.82061:14674 4.82358:14794 4.86337:15191 4.86755:15841 4.86874:53551 
138 931 844 707 516 1360 322 431 755 744 297 1935 1946 596 112 656 219 795 470 579 1335 160 1076 1222 74 1996 964 904 1247 1381 736 51 983 715 464 1454 1149 1361 1107 1540 1741 152 236 1917 1692 1283 1819 1495 961 1304 1453 1728 1590 1468 388 1562 1864 1003 749 266 335 1609 210 1328 821 1506 974 223 1552 1181 1205 1970 1561 192 1726 285 1527 908 1420 423 1817 1630 1788 1756 1814 637 1914 446 480 1431 65 367 1876 1060 242 793 1874 1516 1190 1739 1407 58 1652 993 668 1833 224 1371 1959 212 179 645 1032 553 514 1412 1738 176 432 366 1160 262 987 513 1145 1465 1409 1213 358 1888 73 1894 673 1934 1351 523 667 1144 1051 119 798 46 1546 756 902 1427 293 474 574 340 858 1688 490 1664 1057 108 1226 1559 272 970 1653 1903 1846 1089 834 689 1248 288 1694 124 1576 1356 1573 325 1575 383 1994 1626 788 1810 1929 726 1090 81 100 1716 748 369 889 901 1705 572 565 1656 879 247 35 504 1193 1658 1124 903 772 991 1127 1153 1975 484 1492 1523 1305 1334 1049 1466 397 23 614 519 1955 1954 857 1655 1040 1486 211 1902 1195 1556 1359 1595 243 1358 684 161 737 385 1801 199 421 1401 13 1489 244 1432 1267 1866 1502 1565 900 897 751 410 1221 508 1589 842 1582 1828 499 1579 364 
minDistance: 4.86874
cost: 237418
capacity: 199198
time: 53551
maxTime: 60000
LS1: 36323/37623
LS2: 407/1300
LS3: 0/0
shakeIters: 865
shakeLoops: 80
