4.23934:1208 4.29886:1394 4.41875:2199 4.4289:2420 4.44547:2929 4.46745:3079 4.50057:3266 4.51027:4112 4.54834:4244 4.57921:5176 4.60776:5320 4.69284:5717 4.7034:9145 4.70734:10042 4.73038:11869 4.7512:14286 4.76528:15688 4.79306:18861 4.79382:21003 4.79683:22929 4.79935:44653 4.80158:48515 
1229 1917 961 1005 1738 1686 432 983 1647 161 138 771 15 1374 1914 1803 224 1637 1247 1463 1367 285 584 1902 1408 1658 720 1172 446 1180 889 1692 1265 129 1107 429 500 423 884 293 1513 860 1003 849 1655 1371 1778 492 202 331 475 1350 111 667 1741 834 879 687 65 513 388 1590 793 1810 1764 1271 1630 636 379 176 1876 842 677 490 1788 1681 1575 1652 1573 970 1250 1093 1527 37 637 1429 1866 1051 1833 1179 73 1856 1300 1274 179 66 554 1101 1059 606 1183 238 396 1288 354 1063 28 1582 1090 519 1817 1516 1060 1888 1014 1248 753 86 276 776 795 1983 964 1190 669 47 1524 1328 1878 395 1073 732 222 1401 165 110 82 1412 194 1479 874 1912 572 1454 1468 1982 480 865 903 673 945 233 1705 1062 97 1819 574 1627 670 1626 756 1434 1540 236 804 1829 935 243 35 1097 414 1038 1160 1356 1493 209 615 1474 211 1451 227 1589 272 1453 1217 298 1723 1783 1486 1031 848 1213 749 1267 1929 982 1024 1682 410 573 1935 1745 508 1040 1797 1464 357 1579 1771 1390 705 1653 281 1465 1606 1409 1742 575 150 397 684 214 534 974 1427 1473 1358 1492 1865 464 1089 828 1125 1556 1417 1364 1391 1255 1739 1726 1012 665 351 1041 1849 1801 115 1970 1368 1128 1032 1359 527 1071 1565 1249 412 1499 1025 1489 1420 133 955 1105 212 192 
minDistance: 4.80158
cost: 239107
capacity: 199166
time: 48515
maxTime: 60000
LS1: 36976/38224
LS2: 411/1248
LS3: 0/0
shakeIters: 815
shakeLoops: 76
