4.45098:1420 4.48712:1601 4.63026:2036 4.66341:2780 4.69262:2871 4.70734:3135 4.72358:3304 4.73729:6947 4.7402:7177 4.75761:7576 4.78807:7731 4.7963:8880 4.80158:9237 4.81452:10073 4.82358:10166 4.86337:11783 4.86755:14073 4.87123:29439 4.88942:29496 4.90592:29562 4.91677:29621 4.9194:32939 4.92181:37797 4.92428:43474 4.92616:46196 4.93262:54198 4.93997:59528 
1057 889 1966 1508 1888 1358 1107 1466 991 734 184 705 744 1728 983 1342 1582 1391 616 1464 1856 1089 669 1929 1649 553 266 519 667 858 819 504 429 841 878 1274 993 400 233 135 114 642 875 1293 431 1233 1499 684 1468 115 831 1032 1870 668 1177 286 834 1038 574 1249 1829 1946 606 1814 1264 505 293 1595 1623 25 499 297 585 1907 421 1917 1866 788 176 1739 1565 1785 150 1552 1959 1455 1783 1319 1213 1368 1408 1575 1953 1007 1495 1080 97 236 1590 1820 534 776 73 1630 1560 1053 531 1513 670 1473 1817 1357 1356 1861 1116 66 1051 1041 1127 1705 51 450 835 1019 1742 1996 514 410 1656 1723 1369 224 845 1876 1799 638 902 1427 596 584 138 1060 1506 18 1248 1344 680 17 573 1372 1664 119 949 1496 709 199 1059 1193 657 826 1903 508 1361 464 1589 1726 1801 1844 1653 1985 955 192 1579 921 81 129 715 476 304 1412 1432 1916 1364 1865 1810 1928 900 446 1304 322 1093 728 1442 821 262 360 690 1172 1475 1164 815 1652 1407 1417 572 474 1756 179 1802 857 500 645 877 325 1516 359 720 1864 527 15 1416 1746 243 964 1902 1604 124 1130 1655 1119 842 1626 1899 1472 1367 1160 893 1190 1351 1047 1743 772 1122 198 35 1090 1371 1453 1221 1434 388 1144 1573 272 1479 1550 1609 258 165 94 849 1658 1463 1359 335 653 1071 791 244 
minDistance: 4.93997
cost: 245733
capacity: 199179
time: 59528
maxTime: 60000
LS1: 38433/39715
LS2: 426/1282
LS3: 0/0
shakeIters: 829
shakeLoops: 78
