4.16075:1006 4.21092:1243 4.29886:1523 4.41674:1927 4.46166:2174 4.46745:2259 4.5126:2729 4.57831:3613 4.60284:3948 4.60776:4886 4.6519:7711 4.65455:7843 4.66483:7900 4.67586:8084 4.71042:8201 4.73833:10560 4.7512:13093 4.76528:14757 4.77259:20679 4.79087:25445 4.79935:30667 4.80158:30748 4.82402:33145 4.82532:41397 4.83543:51138 
385 788 340 924 596 242 897 1315 858 1230 1359 1413 87 1856 150 1305 727 1420 165 756 684 464 1749 1589 1640 1333 297 304 1395 1407 667 1334 1954 1688 902 673 1921 1277 1933 1649 842 1231 212 1536 1190 1160 1728 1342 65 1513 1416 1105 1479 1560 437 1885 840 1053 1005 1709 1107 1442 1002 1936 565 574 1179 656 639 440 1298 952 1652 1339 1193 179 322 1994 1735 901 1091 1496 1455 915 1489 499 1611 1474 1630 439 1056 421 1797 1390 351 931 1227 1369 136 1846 1350 1835 53 1264 1427 1894 1788 66 1223 1540 303 1687 1546 1178 1267 1371 1550 1429 5 468 1084 85 1712 1465 987 2000 1634 1335 1003 411 474 900 431 1284 80 1495 1149 1575 294 1914 834 1912 993 849 1124 1917 1217 244 645 1829 1556 668 169 1626 433 1576 1671 759 889 224 1062 735 1559 705 522 1810 1059 1438 801 296 112 1453 1968 1417 375 325 1516 1827 1040 1653 243 233 435 642 1527 865 970 284 1641 715 1702 1865 247 100 695 1822 1501 1468 825 1796 1184 632 1756 470 1596 450 1033 1710 1243 1248 1034 1946 1876 1473 1967 771 1985 1347 1680 1943 28 198 1398 500 829 1071 23 568 982 830 1814 944 1739 1787 1545 1142 1903 336 991 722 1089 821 707 357 1620 1884 266 1745 1247 1090 339 204 58 491 367 1051 1471 1892 72 176 1727 22 1704 236 30 414 1738 1836 381 1893 1625 
minDistance: 4.83543
cost: 252132
capacity: 199290
time: 51138
maxTime: 60000
LS1: 35103/36398
LS2: 497/1295
LS3: 0/0
shakeIters: 773
shakeLoops: 74
