4.16075:1031 4.2658:1628 4.36591:2185 4.38702:2574 4.44693:3406 4.47498:3542 4.49364:3618 4.53015:4430 4.55144:4602 4.57831:5921 4.60762:6007 4.60776:7113 4.61228:7290 4.63583:7503 4.66483:7590 4.69284:8489 4.72358:12368 4.7281:14372 4.73038:15981 4.73575:18935 4.7402:19678 4.74904:20143 4.76528:20430 4.76598:20713 4.77781:20936 4.78263:21354 4.78807:21951 4.79087:25638 4.80158:29749 4.80301:29862 4.80558:29918 4.83543:30726 4.85016:35068 4.85157:35123 4.86407:52243 4.86755:56336 
1985 1432 209 1413 1180 1333 176 1575 1142 28 1970 1367 554 15 170 1506 842 642 1275 944 1856 1545 1277 1630 1666 1463 656 1742 949 1003 755 360 1653 1328 961 1357 1144 423 1089 1347 223 1894 1739 1803 459 1645 794 86 850 450 1933 505 1468 233 51 1669 1788 1566 315 1952 379 513 244 1649 883 1950 1060 236 73 192 179 211 1243 1876 1495 1063 993 1127 483 212 844 1935 285 445 1702 619 829 1416 897 1172 1304 1344 1589 793 66 1865 771 429 1062 1892 1267 81 1814 1554 1364 917 749 1626 1390 1681 889 1840 474 410 1590 367 918 1071 1033 1556 1359 1903 700 522 821 1453 574 317 715 1351 119 1086 687 411 1190 1406 744 1324 1014 938 345 304 579 1408 242 637 531 983 1712 900 1844 1975 1529 1544 1516 1794 1466 1849 665 534 1291 1059 831 974 322 705 219 80 933 1614 1315 826 1342 298 403 1350 214 955 1813 639 115 1757 1929 1582 1465 480 504 277 1726 1363 1005 1799 519 1229 1177 615 680 129 72 1461 1688 1771 1810 1972 243 1501 970 1119 1335 55 857 1242 1051 1656 331 165 1298 572 1105 689 97 1785 910 1032 1107 1193 1486 663 133 673 1429 251 1562 1829 1705 684 1090 1496 632 1728 990 358 834 150 1371 1815 416 1160 800 1783 1164 865 584 406 1221 74 306 375 421 902 1699 1398 509 1652 756 1361 
minDistance: 4.86755
cost: 242550
capacity: 199161
time: 56336
maxTime: 60000
LS1: 36209/37488
LS2: 440/1279
LS3: 0/0
shakeIters: 803
shakeLoops: 72
