4.41875:1382 4.41934:1554 4.50057:1958 4.53525:2195 4.5781:2336 4.5875:2550 4.5935:2756 4.61228:2966 4.6699:3137 4.67586:4600 4.67863:5028 4.69262:6156 4.69284:12190 4.7335:14066 4.73833:17856 4.7402:18726 4.74155:24957 4.77356:33293 4.78807:33408 4.79087:33575 4.79088:33980 4.79938:36285 4.80158:36948 4.81562:38700 4.82343:38881 4.83872:41754 4.85157:43209 4.85223:48854 4.86407:49744 4.86755:56454 4.8775:56636 
437 1589 1172 165 421 1687 1496 756 199 917 759 1785 233 119 1364 1969 704 1361 824 1093 435 379 1089 1344 1817 643 1856 1190 51 68 793 1395 673 1888 1728 325 464 1894 454 219 150 367 771 1929 1649 322 1401 1434 1620 1803 1967 1994 1468 829 669 1189 360 614 1274 1736 1177 857 1063 1427 250 1917 1084 108 269 1293 845 1675 715 244 574 1874 1264 1560 1741 1562 483 553 2 238 1866 304 1160 1356 211 1652 1982 1864 1814 1545 728 80 1359 135 1465 900 138 531 1582 1013 72 1664 709 1454 1716 194 1432 947 246 1255 159 1495 1040 242 429 20 223 375 1410 1416 1390 1723 1645 1653 695 1463 1756 505 1598 1032 527 1180 164 875 1097 25 1438 470 286 176 1579 1959 834 1552 1829 983 1249 1861 850 1686 1391 1051 1575 74 1996 316 615 474 858 1081 849 310 689 1385 412 1846 749 1576 1041 1277 383 1972 1759 1517 585 1119 227 821 904 1550 773 1516 1876 641 596 1933 1985 431 801 1983 705 1417 1594 1127 1398 1603 36 974 1090 965 844 1726 243 509 1727 293 778 1358 385 298 1057 555 1221 931 65 1105 784 1028 683 719 1155 1071 1844 468 1034 60 1330 1407 1267 645 1412 1239 129 1935 1801 1125 530 668 1408 198 1423 1319 1284 1024 410 317 1478 1489 1966 1822 1744 276 1053 1080 1757 1536 1908 1371 860 1124 684 204 1479 1290 
minDistance: 4.8775
cost: 243869
capacity: 199272
time: 56636
maxTime: 60000
LS1: 33882/35156
LS2: 500/1274
LS3: 0/0
shakeIters: 743
shakeLoops: 70
