4.25378:1043 4.31097:1369 4.42459:1810 4.47951:2290 4.60762:2561 4.6519:2855 4.66297:3782 4.6699:4050 4.67586:4237 4.68801:4549 4.70734:5107 4.72565:6010 4.73038:6976 4.7512:8833 4.76066:11043 4.76528:11143 4.76811:11934 4.77773:12255 4.79935:13793 4.80158:13979 4.80432:14134 4.81452:14971 4.83543:16403 4.84968:17653 4.85157:24106 4.86337:24759 4.86755:25455 4.86943:30565 4.875:37122 4.88299:37864 
1614 1003 94 429 776 1589 1702 1739 964 1946 705 1606 1509 509 1516 1328 28 73 81 1200 835 1554 1178 224 1434 1745 1417 1233 615 129 821 522 1248 1559 500 1130 1506 1799 1863 1319 1743 653 1657 1835 1227 531 1951 1735 236 1194 519 1662 1474 470 266 1063 160 358 1844 1757 572 858 1468 304 244 1365 1071 1541 1438 1560 1005 1267 1213 1089 1472 1249 1723 1081 168 42 1291 831 176 596 1567 842 1453 1423 293 1726 865 1383 490 395 1300 1966 1090 431 1817 360 974 1145 192 131 331 1461 1190 1391 243 1189 1943 1788 80 880 1489 1579 1034 1756 1180 715 1542 152 70 1576 74 1407 1154 889 1878 1334 1084 900 508 1093 1023 1501 306 468 277 1575 499 357 1463 1229 535 412 707 199 410 1582 1846 1861 849 1466 1465 286 744 771 233 1653 1155 1176 668 1357 1573 289 1478 1888 1736 1829 185 1056 1833 1499 164 656 310 970 573 955 1274 340 1536 868 198 1652 1495 1983 1933 1856 414 367 1119 1040 684 1059 710 449 949 1105 904 729 902 65 1107 1051 179 1017 1649 613 1616 1556 238 1917 1361 1975 325 58 402 673 879 667 1876 1412 1406 642 637 1865 475 1738 1179 505 1398 511 1359 756 819 840 574 201 1350 991 645 1874 1356 1645 1626 801 119 1022 1985 1609 1479 276 669 859 577 834 1768 1342 1432 
minDistance: 4.88299
cost: 243218
capacity: 199215
time: 37864
maxTime: 60000
LS1: 37603/38907
LS2: 404/1304
LS3: 0/0
shakeIters: 870
shakeLoops: 82
