4.22572:1139 4.25926:1266 4.26077:1843 4.3109:2314 4.38702:2661 4.41228:2800 4.41934:3135 4.46166:3814 4.54834:4130 4.60515:4418 4.60762:4629 4.69284:5055 4.72565:9839 4.7512:10605 4.76758:12134 4.77781:12357 4.78231:12447 4.78379:13327 4.78807:16838 4.79382:20252 4.79701:23087 4.80432:23182 4.81195:24566 4.81462:25525 4.82532:27308 4.84968:29489 4.8518:29640 4.86337:30344 4.86755:30399 4.86943:30703 4.92181:37793 4.93085:44679 4.93262:44734 
1142 959 1630 1407 1328 780 859 1917 705 1589 684 1655 714 509 1496 709 1213 150 152 1738 244 553 949 492 1047 1438 1223 734 865 1817 73 574 656 900 1643 185 1653 1761 1239 1791 514 1865 1059 1888 1935 1089 1455 1453 845 638 1221 1762 1356 1420 115 1203 964 1977 1512 1946 1757 522 1609 1878 1687 233 584 647 296 1359 464 439 421 1975 1590 879 1116 1554 1361 199 446 1579 1479 1078 1623 1876 1319 1582 1914 521 643 1090 1822 316 1545 1861 500 993 375 1705 869 667 58 1536 1187 80 636 1552 1799 192 459 1249 792 212 236 1785 1350 395 532 66 1144 1240 425 297 1489 1523 33 821 1432 1649 776 243 902 1712 1005 1390 1902 759 240 1959 339 1248 1814 1727 1162 960 901 1912 1576 1849 1901 1071 1127 1155 1367 931 3 1391 1191 331 727 184 423 336 1645 1513 1409 568 223 1743 198 1063 585 292 18 334 1560 114 129 1172 1342 1358 974 1952 1985 1247 961 1801 565 325 834 450 431 1140 1499 1633 179 1954 224 1190 849 383 176 1107 696 28 1122 143 1160 51 534 1542 1465 841 1267 1105 1164 1742 474 1408 1463 758 1032 293 266 1412 1335 1019 1648 596 97 1894 1836 1506 1996 1556 1143 1516 1844 1347 704 1970 637 1829 645 616 1398 138 1573 1943 1709 1866 1193 842 1234 1495 1003 668 204 1262 
minDistance: 4.93262
cost: 241793
capacity: 199328
time: 44734
maxTime: 60000
LS1: 34570/35867
LS2: 473/1297
LS3: 0/0
shakeIters: 791
shakeLoops: 74
