4.28076:1177 4.29886:1443 4.46745:1876 4.49364:2181 4.53249:2475 4.56155:3401 4.56808:3992 4.63026:4983 4.6519:5275 4.66669:6572 4.6699:6660 4.69348:6836 4.70734:8842 4.71042:9087 4.73631:13041 4.74155:13270 4.7512:14164 4.76528:14984 4.79382:15578 4.79935:18418 4.80095:19424 4.80158:19484 4.82402:21769 4.83543:22099 4.84813:27700 4.85016:29409 4.85157:29465 4.86755:31478 4.86943:34681 4.87174:43012 4.88648:55823 4.90592:55980 4.90772:56034 4.9194:57406 4.92616:57488 4.94045:58694 
562 1946 918 1089 204 1033 1356 1042 1427 293 756 179 1903 842 1190 1814 1688 74 596 129 1798 18 1864 1604 1817 1187 901 1160 1081 705 1739 1952 621 2 684 247 152 645 1916 233 1127 1003 1239 199 459 1482 248 1107 1686 470 310 793 931 1785 1105 949 500 1614 1233 707 224 418 32 374 1361 23 1059 244 1438 1664 388 859 1702 1063 474 1590 693 483 584 115 1172 1223 1339 1383 432 1929 1329 821 1741 1687 1479 243 1142 1248 613 572 1959 119 1062 858 1465 1461 857 845 325 606 1057 1840 194 1846 889 1516 902 499 1742 519 1492 1552 667 298 1649 1040 798 615 435 1359 1761 1653 1116 1726 211 668 1144 1071 709 1575 1746 1274 642 1466 242 897 412 124 1344 1053 689 1342 844 1550 236 1495 1645 1513 1489 1810 801 1051 73 1582 1865 974 834 1398 1453 1917 446 1124 421 1180 304 1803 1177 1264 1372 849 964 336 944 1876 1486 1629 653 641 168 1407 708 1432 33 1506 358 511 1078 1130 1829 1412 331 744 879 1371 1705 1970 1247 1305 1609 198 1536 192 1365 574 993 1110 1630 170 431 1291 1012 1090 3 1861 850 1221 176 771 1464 66 1420 1032 1034 737 1866 80 1542 439 1119 1712 1985 656 297 410 223 1463 1496 1616 1728 1545 1267 1951 1319 1249 219 875 1060 1330 990 58 
minDistance: 4.94045
cost: 250250
capacity: 199291
time: 58694
maxTime: 60000
LS1: 36342/37629
LS2: 463/1287
LS3: 0/0
shakeIters: 788
shakeLoops: 72
