3.946:676 4.29619:1243 4.31097:1376 4.47758:1777 4.48074:1914 4.53487:2096 4.55144:2189 4.60284:2348 4.60588:3168 4.60762:3239 4.61149:3404 4.64287:4282 4.66341:4408 4.6699:4470 4.67171:4528 4.67995:4649 4.69262:8152 4.74155:10701 4.7512:10890 4.76528:10995 4.76598:13256 4.77459:23206 4.78648:23263 4.78807:27564 4.79087:29133 4.79098:29202 4.80158:30956 4.80432:31732 4.81562:32758 4.84968:32829 4.85157:34238 4.86755:39516 4.8822:40789 4.88299:44375 4.88648:45073 4.90466:48228 4.93136:53901 4.93262:55374 4.93743:56071 
46 1217 440 1315 51 826 1243 933 667 693 974 292 1655 1623 704 859 1455 709 1223 1059 1686 1438 1523 677 1191 1971 1019 1743 136 616 340 298 325 1248 1705 1364 23 336 1143 1181 1810 1356 439 1888 470 1053 1544 1247 1371 1658 293 1795 492 358 306 1565 233 1124 224 1903 669 1115 519 845 1359 66 642 251 1516 1762 58 1060 1560 1499 1917 1633 1160 296 1084 1757 380 656 811 1801 1495 360 842 707 531 68 1187 1943 1496 960 1283 1164 1107 514 1977 1142 1383 1545 395 114 129 1630 735 1003 1779 1172 429 32 1902 1537 1230 1781 1007 1508 425 431 993 1319 192 849 1817 1274 1453 1959 1719 1439 569 86 1540 1542 1391 1076 684 450 18 596 1653 1697 920 776 1063 91 1456 1479 1190 1193 619 1797 198 585 1489 834 264 708 1033 553 247 1358 111 464 1239 1390 829 1589 375 1116 1330 615 641 1814 705 949 1177 1328 2 1935 1350 572 983 1398 1884 1041 244 1975 1090 4 240 987 1465 1946 1552 385 1990 331 1506 831 1761 1527 266 901 1105 1573 1579 1846 1985 900 109 1401 1996 1263 841 1071 821 1180 421 199 869 184 1536 645 1740 310 138 1487 858 1333 1866 1407 1344 1463 931 119 124 584 499 60 1427 1432 219 500 236 1829 902 193 28 1267 1178 715 379 1119 243 573 1876 176 1047 1249 801 160 1878 
minDistance: 4.93743
cost: 238532
capacity: 199155
time: 56071
maxTime: 60000
LS1: 35451/36790
LS2: 505/1339
LS3: 0/0
shakeIters: 795
shakeLoops: 73
