4.47498:1765 4.4902:1904 4.50141:2239 4.52942:2607 4.55144:3711 4.57831:3938 4.5832:4074 4.60515:4459 4.61228:4547 4.63026:4755 4.6519:7109 4.66341:7185 4.6699:8567 4.71667:9607 4.7512:10031 4.76528:11145 4.78263:11476 4.79087:11583 4.79306:12296 4.80095:12949 4.80158:13030 4.80558:33349 4.81059:36891 4.86212:38484 4.86755:38973 4.88107:41715 4.88942:42429 4.8986:46852 4.91677:50775 
1686 119 1277 821 1852 1580 99 1527 297 304 1723 1656 1213 264 179 1350 1344 1573 1540 1865 1090 1521 443 1248 480 955 1089 1796 1680 1685 1579 1190 1590 380 572 893 479 28 918 1456 331 1453 293 509 1124 1495 1716 266 1917 1468 1407 1142 397 1742 1080 198 1977 1801 1315 1081 212 1319 1728 755 214 1234 1047 559 1091 514 714 1144 1935 1499 1217 1844 775 1325 1589 1655 1688 1367 233 115 1463 750 527 1465 869 1630 1304 367 357 1110 1056 596 1856 74 1093 983 1866 1951 1565 138 705 1249 1262 1127 756 1408 584 73 1420 508 1705 1398 375 224 845 1003 223 35 1477 1247 199 244 51 1451 771 579 1773 499 1153 829 335 991 734 184 423 1537 370 42 642 585 296 1649 1614 842 1041 1946 606 1576 1876 974 1160 1097 1222 1814 900 709 1506 18 1032 1290 193 531 1243 748 1626 1057 325 236 1221 474 1910 504 993 1130 1929 1959 322 406 1562 1379 645 1544 793 272 858 715 251 1516 1712 1556 72 464 1970 1496 1810 961 933 1351 1902 621 1092 1933 669 342 982 497 1652 684 1762 1975 1816 744 1356 534 1466 1406 788 206 431 1427 1412 1912 751 574 1794 1829 1116 1107 849 97 1739 1371 667 1105 896 1661 1335 13 1357 1267 421 583 150 1342 433 1785 262 176 865 1063 573 81 1552 1542 1486 1633 248 1582 1143 
minDistance: 4.91677
cost: 241098
capacity: 199248
time: 50775
maxTime: 60000
LS1: 35682/36976
LS2: 473/1294
LS3: 0/0
shakeIters: 792
shakeLoops: 73
