4.27854:1194 4.28076:1258 4.29089:1358 4.29886:1425 4.39124:1796 4.42351:1981 4.4738:2899 4.49154:2990 4.50764:3083 4.51027:3161 4.54522:4309 4.60515:4443 4.60762:6686 4.66297:7354 4.6699:7448 4.67586:7917 4.68765:8044 4.69058:8177 4.7034:8359 4.72358:8498 4.72596:9316 4.73074:9438 4.73833:11940 4.7402:12141 4.77459:12281 4.77781:12398 4.79126:13306 4.79935:13432 4.80158:13534 4.80283:19310 4.82769:22258 4.84512:23806 4.86755:24816 4.86943:33646 4.88299:39305 4.88942:47050 
1391 835 1316 897 1485 403 295 1737 788 673 748 431 1502 1797 1249 1486 80 645 476 1589 1358 379 731 1477 527 1398 638 198 574 34 705 1221 375 55 1461 176 1162 831 787 468 467 1545 1653 1785 1319 1172 1359 1516 429 1513 1874 410 1097 1463 727 1334 266 1160 192 1646 325 728 1996 224 1420 178 1010 226 755 641 1171 310 1177 160 1814 1351 1894 1576 1356 585 247 1047 1468 1903 1982 1994 66 1051 1562 1298 214 1985 1704 829 821 1003 1799 1709 568 1194 1489 35 1033 1917 1943 4 1678 552 1723 16 902 1866 485 1144 357 464 1878 199 414 322 1393 383 244 1951 1817 28 236 136 1692 1180 1274 726 1002 1490 1697 1344 684 286 1856 1907 841 858 519 1190 668 23 842 669 1556 1193 1304 1842 707 1107 1442 1427 233 253 356 1364 1325 1743 667 1914 1499 82 1416 211 1550 1561 1248 1672 68 243 1283 961 1712 165 572 1970 924 1090 380 1350 1728 900 1892 1407 272 1694 25 1179 1246 1946 1239 1975 1573 1888 1413 1122 71 1776 1320 1412 1828 1060 114 1764 418 1371 111 1501 1032 1835 1656 293 606 1229 179 849 834 982 1990 509 1966 1810 776 1594 677 37 1019 1401 955 1745 596 1705 991 1233 336 826 143 446 1630 637 534 619 499 1024 1614 1652 359 1089 1361 124 513 681 1829 340 1512 1846 780 304 1164 1575 1590 
minDistance: 4.88942
cost: 240745
capacity: 199236
time: 47050
maxTime: 60000
LS1: 34412/35760
LS2: 580/1348
LS3: 0/0
shakeIters: 732
shakeLoops: 68
