4.31351:1475 4.47951:2007 4.49364:2072 4.53249:2152 4.61228:2706 4.64462:2935 4.65008:3063 4.66038:3241 4.66297:3361 4.67586:4342 4.67986:4399 4.69262:4732 4.7335:5636 4.76528:5901 4.77259:5989 4.78807:6678 4.79382:8248 4.80095:10315 4.80158:20443 4.85157:29503 4.85841:38478 4.86407:45970 
705 1165 1162 1739 528 272 1048 574 198 1723 1836 25 262 961 293 970 468 667 1304 842 879 695 959 133 1200 1453 331 1277 1463 1768 1350 1434 1712 917 583 431 651 778 777 693 300 1499 421 1516 192 445 1191 1315 1656 429 1124 210 1063 459 440 1371 504 1506 1264 1489 1347 936 165 1456 258 1003 1160 700 993 138 212 243 1179 1929 1056 1107 734 677 1078 381 298 1630 464 1408 1922 119 357 944 1774 1762 367 1933 1996 1325 266 849 1780 1637 1727 1090 974 1335 233 423 859 82 336 1582 1351 490 1943 232 1903 615 1177 759 72 317 869 1321 1838 585 1468 1190 841 379 1358 1084 1267 1590 1814 1059 1552 1010 1817 1975 66 1888 684 176 60 1910 1412 1305 596 1560 470 1361 1495 1742 1211 1221 1745 13 1645 1427 1417 1846 1089 728 735 209 1216 277 548 1356 199 1983 1249 904 244 1829 642 873 28 1844 982 366 1894 553 1234 1349 1757 80 1764 1797 1743 584 1081 1479 1328 425 1866 87 380 1857 1454 509 1041 953 1390 1652 1692 1681 236 1164 1517 1917 605 124 668 532 224 1213 1810 1710 1570 152 1344 286 1071 727 23 214 858 749 1653 1994 1002 1359 1902 1856 316 1401 1876 1728 1912 1086 1534 1788 397 903 1626 831 211 983 247 1589 1426 875 653 1290 296 1556 883 1665 1143 1476 636 1785 500 1598 1019 65 
minDistance: 4.86407
cost: 250748
capacity: 199259
time: 45970
maxTime: 60000
LS1: 39791/41070
LS2: 370/1279
LS3: 0/0
shakeIters: 887
shakeLoops: 86
