4.28712:1257 4.29886:1553 4.29936:1700 4.41934:1944 4.42459:2028 4.57831:2987 4.60776:4008 4.61228:4071 4.65453:4235 4.67586:4568 4.68765:4722 4.69284:4787 4.7281:5017 4.7402:5902 4.74155:6113 4.76528:8842 4.80158:10528 4.84512:10600 4.84813:12315 4.85016:12465 4.85157:12640 4.86755:15297 4.90592:15413 4.93258:18076 4.93262:18138 
1453 1321 223 1540 1590 821 727 1328 669 900 776 1190 1427 1429 198 1799 857 1785 73 1659 1276 244 1739 1143 1959 869 1499 1031 630 1003 793 1527 152 1641 842 336 1478 425 1089 1606 554 982 1705 500 129 51 1408 574 1652 266 1033 902 961 1813 1463 185 632 431 1874 723 449 1794 236 464 23 1501 165 1084 841 875 421 642 687 224 1903 1496 1436 1390 676 1125 1506 1071 1334 1406 1933 340 645 1664 508 168 1259 1560 1409 513 1513 1552 277 1910 729 1203 749 1342 1914 1017 251 1626 1495 1589 1704 1709 1063 1917 1650 523 310 35 959 1105 331 1172 615 1846 1569 1090 666 243 964 1357 395 1034 86 653 1710 680 1248 1864 124 1454 1420 1434 136 206 677 179 1975 65 1164 1213 835 1614 889 667 859 759 1116 1894 1486 1479 470 1716 160 656 1946 897 403 715 397 1465 1534 1107 1261 1835 233 1878 504 468 358 1267 1461 983 596 514 1662 1653 684 164 1051 637 1059 1333 1844 1983 568 492 1797 519 1391 1361 272 1762 1639 1516 1398 756 293 1782 1359 357 499 1985 1195 1194 375 184 1924 1526 412 1604 1290 1438 1609 1335 1455 1649 1861 1177 1735 1702 296 879 284 176 1814 1305 1508 1899 1576 849 1153 511 704 240 1364 367 1407 1583 1023 71 559 991 192 1994 1081 1567 58 710 46 429 509 1849 1155 850 325 1663 1579 
minDistance: 4.93262
cost: 244080
capacity: 199302
time: 18138
maxTime: 60000
LS1: 36169/37551
LS2: 582/1382
LS3: 0/0
shakeIters: 775
shakeLoops: 74
