4.41934:1397 4.48074:1962 4.54522:2720 4.62744:3775 4.62983:3956 4.67995:4571 4.71793:4945 4.72565:5919 4.7335:6923 4.76528:7284 4.76598:7520 4.76811:7603 4.78807:8336 4.79597:9202 4.7963:9413 4.80158:13897 4.82429:14232 4.85157:16446 4.85841:18987 4.85872:26966 4.86407:28326 4.86755:30306 4.88107:44921 4.88299:47682 4.89169:47827 4.93262:56796 
1089 206 97 1914 1496 961 1712 1164 835 1590 1499 383 1996 1813 684 1743 639 707 81 240 1407 744 432 615 1453 1351 1358 429 704 1506 1191 1047 1521 1432 572 435 1211 1902 431 236 1810 1966 58 1573 385 1107 974 232 1434 233 1854 1946 883 944 1633 1933 331 1705 636 637 1125 902 1221 1350 554 165 298 445 1304 425 1274 1090 5 1181 901 1709 272 164 402 1878 531 1216 1062 1177 1542 1180 244 1267 1003 949 1463 1319 296 736 1545 264 841 1334 1576 1486 1561 656 1008 243 574 669 179 1283 667 1359 900 897 1344 71 293 1063 751 1653 904 66 124 266 1888 1582 340 1589 82 418 397 1010 1814 1560 1059 1637 1829 111 1143 68 1315 1076 1187 199 1142 42 28 776 1785 1565 1342 1456 1917 73 842 734 1203 1718 821 647 1247 499 700 917 1466 1516 869 1656 1162 1084 1975 1248 375 3 596 705 1489 1465 1420 1655 421 1017 1229 513 1160 1762 1347 1950 1376 1291 46 224 1393 490 1328 1983 1243 1840 1657 844 367 1223 1630 1249 653 1606 176 1623 470 1688 568 1190 152 91 645 1412 476 1672 1052 689 1801 931 889 630 160 1828 379 322 1985 325 759 1153 1479 1761 1193 879 509 1492 1723 1194 1427 859 573 1213 1172 388 1019 1239 88 1217 1371 1866 500 86 1728 198 1367 858 687 1799 1495 1032 80 223 35 
minDistance: 4.93262
cost: 248823
capacity: 199193
time: 56796
maxTime: 60000
LS1: 36709/38015
LS2: 431/1306
LS3: 0/0
shakeIters: 849
shakeLoops: 79
