4.28076:1232 4.29886:1383 4.35612:1710 4.38688:1895 4.4097:2071 4.48074:2766 4.49154:2847 4.53249:3219 4.5832:4249 4.60106:5726 4.60515:6115 4.60776:6175 4.67986:6369 4.71278:6475 4.72596:6695 4.73697:6771 4.73713:7007 4.73833:7163 4.7402:7260 4.76528:7674 4.78252:8474 4.78263:9316 4.78807:9426 4.7963:9483 4.80158:10425 4.81814:11824 4.82402:12517 4.83872:15463 4.85157:15607 4.85872:35217 4.86755:36082 4.88299:41076 4.88942:58306 
834 1723 1864 1342 1090 1024 1408 1454 901 1122 51 1634 1005 1710 1118 1455 572 1223 1840 160 1014 397 73 1267 684 1936 300 1291 443 1473 1560 1180 1866 483 358 1059 1757 1975 192 1994 519 1952 1516 509 1902 179 1626 970 1321 908 1959 1040 1512 1344 81 1160 689 553 857 1083 5 108 1550 500 1057 264 1709 1653 325 1107 23 1547 1194 251 1545 502 657 421 198 1594 176 842 637 1836 1407 1645 1247 865 750 1799 1359 243 233 1248 986 917 796 568 1865 1712 1246 1590 1293 1420 16 1768 1358 1466 1502 1361 1783 573 897 776 656 1508 1071 990 668 1438 1406 552 715 499 379 375 1762 1416 1552 1742 1728 1076 982 296 667 1187 1589 1829 1888 1371 214 1356 266 858 829 710 445 1456 1649 1556 1017 1739 212 380 66 272 47 244 293 258 1427 615 459 247 778 322 65 1743 199 1221 1265 1688 1463 1390 1946 1127 1785 80 1878 298 1544 693 1933 3 304 849 1501 1489 522 705 708 474 585 749 129 900 1858 1664 596 645 606 412 1143 642 114 1097 744 844 1171 1465 734 1213 1334 1019 757 869 1579 824 835 431 821 794 513 223 470 429 1412 1996 902 1874 983 1038 33 1935 138 1190 1983 29 1523 527 236 1155 1582 1499 936 1081 1496 574 1274 1977 1478 178 1089 1861 1398 795 961 695 292 831 850 
minDistance: 4.88942
cost: 244175
capacity: 199489
time: 58306
maxTime: 60000
LS1: 37123/38395
LS2: 429/1272
LS3: 0/0
shakeIters: 810
shakeLoops: 76
