4.4097:1446 4.49364:1661 4.51106:1759 4.56808:3010 4.59015:3988 4.61228:4118 4.62744:4289 4.67586:4801 4.67995:5813 4.6841:7382 4.69262:9102 4.70734:10438 4.72358:12499 4.7402:12614 4.74155:28924 4.76099:32047 4.76598:36556 4.76758:37038 4.77356:39666 4.78379:43937 4.79126:45674 4.79932:50679 4.80095:51352 4.80158:59730 
1416 1474 1454 1756 1350 1114 1226 1110 351 3 1041 243 986 987 1544 749 178 1264 1059 1412 991 1739 499 735 869 1946 1914 1736 1560 639 708 835 179 1658 1305 1637 1903 1130 511 1589 677 1652 1172 223 1183 1865 776 1428 1486 233 262 1002 550 821 573 606 1274 1653 584 1243 645 1465 1090 1233 1063 1040 1239 801 1398 1115 358 574 1019 1461 184 1952 4 1764 23 283 849 1579 1645 680 1933 1078 1032 842 1797 1788 297 1471 32 859 1031 575 207 165 1819 1361 236 1431 15 668 1473 1315 206 1190 1749 364 1084 1757 1247 1822 1682 1910 1453 224 1975 1407 176 115 709 1504 504 285 1842 918 204 114 1892 621 432 1644 705 192 1630 1191 1499 893 418 1495 1427 1656 638 1727 1351 1768 81 1213 1501 993 1420 1702 1762 1057 1347 1929 500 1060 1935 1902 1162 508 1071 510 111 534 1105 28 1743 203 567 1267 212 1712 1248 1650 304 642 811 829 1687 119 1840 830 1550 1536 667 1193 1810 459 1319 1184 858 1620 1451 150 1742 1556 1143 66 684 1107 1846 439 1464 1401 450 1371 788 170 1328 1508 1076 1799 1817 1391 514 750 421 768 58 1582 585 1089 743 1835 331 1731 244 82 1429 1479 110 248 1878 1917 388 1516 616 932 1829 1545 395 1552 1432 1482 266 1359 1093 1866 889 492 1814 1053 865 1534 1463 143 1559 440 949 1854 1616 553 1178 707 1176 
minDistance: 4.80158
cost: 240426
capacity: 199195
time: 59730
maxTime: 60000
LS1: 35601/36841
LS2: 442/1240
LS3: 0/0
shakeIters: 774
shakeLoops: 72
