4.16878:1045 4.28076:1478 4.41605:1924 4.41978:2030 4.42483:2126 4.44547:2340 4.48074:2649 4.51106:2907 4.5126:2994 4.53118:3140 4.60326:3409 4.63026:3624 4.63053:4907 4.63394:5068 4.65564:5316 4.67995:5585 4.69348:7660 4.73038:8092 4.7512:8320 4.76447:8398 4.76528:8456 4.80158:8530 4.80301:10191 4.81452:10327 4.81661:10893 4.85016:11696 4.85157:11749 4.86144:18308 4.86755:18391 4.86943:20850 4.8809:22533 4.8822:22639 4.88249:24928 4.88299:27182 4.8862:38311 4.8986:40974 
1499 1692 931 94 176 233 1261 831 1432 1463 1264 136 236 429 1643 1495 1959 340 1390 643 1589 970 1416 1456 869 412 129 778 152 1180 1244 793 264 616 1172 1202 293 65 727 459 596 1358 640 1072 1785 175 1645 668 331 421 1914 138 192 1797 1473 1293 499 1356 388 991 1844 1291 1090 1335 1933 1888 1738 776 1656 842 573 1810 867 1427 1442 883 395 1031 514 1153 974 821 1817 1994 199 1267 1768 1739 1975 1398 1590 508 1328 656 1536 804 223 1952 1142 385 1334 1866 1367 1647 756 1803 1667 1365 374 1829 397 1573 1160 1032 1105 108 1726 410 1780 440 51 1799 1193 1089 504 238 1633 431 1801 1333 1702 74 1359 1321 1371 1194 500 1368 531 1814 1686 1983 80 97 1556 1417 1407 684 574 1057 677 1723 1876 30 849 1569 81 1468 184 1040 1229 1781 1434 1878 1727 1756 1704 1213 1626 198 470 1247 834 877 435 1071 1217 1283 1856 850 642 1078 243 1315 1014 1062 1041 425 1516 1917 993 1107 854 1248 1091 325 1653 35 889 1034 212 1912 441 901 1609 636 1840 784 572 1946 1221 73 615 1227 1902 244 1849 1683 1063 160 1513 119 1579 1716 1420 1005 859 1116 653 771 1453 1409 1191 647 667 490 15 1712 1802 900 1233 1506 154 13 1093 606 1652 60 613 1200 1059 1664 645 1655 224 1833 902 1489 1688 
minDistance: 4.8986
cost: 248164
capacity: 199177
time: 40974
maxTime: 60000
LS1: 37354/38631
LS2: 391/1277
LS3: 0/0
shakeIters: 850
shakeLoops: 80
