4.5267:1527 4.53434:1628 4.58416:1837 4.6298:2173 4.67463:2499 4.68644:2770 4.7352:3456 4.76557:3632 4.78769:3793 4.7889:3943 4.82252:4746 4.84798:5440 4.86276:11065 4.86729:34029 4.86783:39594 4.87149:43654 4.87338:44341 4.87912:53491 4.8808:54190 4.89249:58518 4.90474:58567 
450 1620 275 357 1556 367 1437 1379 265 1952 674 677 1736 950 420 467 1203 907 918 1164 392 1022 397 1594 244 1127 1659 72 1946 1985 1645 368 1749 1155 68 520 1302 247 395 1106 1658 1994 668 671 1107 1743 264 1541 500 800 1455 1072 1868 154 380 1409 1894 458 1084 990 1781 881 1405 1729 1347 985 1032 1182 1798 844 982 1205 74 341 630 1416 601 1727 139 1593 172 672 509 1223 1277 1614 594 226 1682 1310 303 1160 1210 1756 478 23 789 1579 932 334 1701 160 1783 1888 170 165 1410 152 1359 765 50 1609 340 335 1213 1219 606 807 1495 1463 1004 1328 58 645 933 1683 16 1420 511 259 421 253 976 1002 1073 924 776 1131 299 1799 705 1507 987 1910 488 1193 1486 279 549 1372 1631 1017 738 1237 849 991 283 1216 727 1412 534 1652 284 876 1590 1959 1172 281 238 636 1314 1181 1997 823 309 1542 792 304 396 1044 1500 1035 621 215 130 240 447 1630 1846 1935 292 821 1401 194 686 1473 162 1675 1996 1912 285 429 1575 771 1875 1248 1190 1180 720 401 632 60 378 1144 1125 1502 310 1943 492 1828 824 445 944 1030 596 993 331 730 729 1391 1983 369 878 81 835 1411 834 685 366 1822 1365 895 164 456 801 1560 1516 1003 1531 848 229 1342 614 1528 1097 1726 136 370 1078 1307 1954 1819 
minDistance: 4.90474
cost: 245359
capacity: 199300
time: 58567
maxTime: 60000
LS1: 38269/39623
LS2: 431/1354
LS3: 0/0
shakeIters: 902
shakeLoops: 87
