4.29733:1116 4.30431:1395 4.42469:1649 4.43835:2252 4.4987:2573 4.60249:2973 4.62966:3230 4.63761:3804 4.63859:3871 4.63948:4253 4.68644:4342 4.71633:4873 4.7352:5095 4.75422:6910 4.76557:8807 4.77476:9169 4.80526:9524 4.82714:10352 4.84679:12319 4.85719:17701 4.86783:19275 4.87912:21525 4.8808:22455 4.90061:23257 4.90474:26492 4.91159:31698 
252 109 456 119 1059 1593 244 1461 336 227 933 152 421 500 1680 1541 792 1030 1237 944 478 1855 947 755 1180 1495 556 1473 693 1277 1760 233 23 396 918 111 1291 821 80 172 872 1786 162 730 1878 33 159 72 1090 657 1182 1821 1089 60 1475 1702 110 451 1573 1223 1799 1248 447 308 1994 709 357 532 1004 511 1010 139 1258 1590 614 2 1315 1172 645 1347 1912 1561 284 322 1035 1502 1579 431 1743 1292 1071 1542 1481 1233 835 1329 1100 606 378 30 520 782 1162 1756 1687 1328 1678 1455 1333 1556 108 1631 990 1050 16 1580 779 1273 848 425 677 1226 441 1219 1011 395 355 1420 259 574 1194 253 524 1144 671 1943 1657 1164 1264 1446 860 1081 1190 1398 158 1819 304 1033 392 1126 1582 1923 1067 834 596 1109 1946 1733 1086 1513 160 881 938 683 777 1881 1213 969 1390 367 1996 1463 527 264 584 1507 1985 1125 1097 164 1438 1118 1893 339 412 380 529 950 1829 1719 1749 1416 297 1903 1017 1042 1131 1788 652 1785 976 420 924 895 534 470 632 1630 1523 1959 1314 842 369 68 892 1155 1002 685 99 1928 849 1116 74 1659 530 985 1130 240 89 1500 1444 488 1570 1589 737 247 1084 154 897 801 502 1935 1575 1073 1971 1612 1003 467 727 729 137 1560 1107 165 771 1910 170 1614 66 1054 720 1977 
minDistance: 4.91159
cost: 246332
capacity: 199174
time: 31698
maxTime: 60000
LS1: 36347/37694
LS2: 469/1347
LS3: 0/0
shakeIters: 852
shakeLoops: 80
