4.34596:1566 4.43835:1774 4.47208:2151 4.52135:2918 4.52247:2987 4.53192:3481 4.55227:3590 4.55659:3660 4.59022:3772 4.61639:3936 4.63859:4038 4.65075:4101 4.65573:4525 4.65655:4611 4.66007:4756 4.71654:5011 4.7352:5137 4.79851:5371 4.80747:5461 4.82151:6689 4.82166:7484 4.82691:8415 4.85066:9345 4.85864:10167 4.86276:11906 4.86953:13839 4.87149:25110 4.87338:27519 4.90474:29955 
606 1205 1474 1353 944 284 1749 1573 837 1107 1586 1391 1334 1727 1852 279 136 418 229 725 1155 1101 1461 1067 172 74 1367 22 1743 1855 264 1946 78 1106 1870 632 1609 1542 162 340 1219 525 1912 37 1541 1681 974 464 396 990 1097 1590 1080 1516 395 445 1937 247 1073 1556 92 1726 1580 1495 480 450 60 1523 30 753 645 467 720 1819 1598 895 530 1754 1764 1910 359 1131 1886 23 772 1213 1810 427 1116 1125 111 412 1985 1938 835 794 616 1194 727 1830 488 292 1952 1996 933 1003 1203 295 1002 1463 905 983 602 1017 960 685 1521 1865 585 421 164 693 170 240 1797 630 1682 1216 1412 614 1783 584 1929 534 304 346 224 500 1180 1328 499 1160 1361 938 1062 1742 1475 309 821 918 954 1894 848 509 1659 1943 950 299 13 596 1959 1756 1630 97 844 1124 42 726 1579 777 1033 1143 1455 900 1172 1210 1164 478 778 429 380 80 1994 310 341 729 792 468 415 366 695 470 1631 15 842 565 1816 325 635 252 1702 940 1035 1314 160 1226 841 244 826 1491 1176 1130 924 765 1277 1788 637 1293 845 385 1954 1933 370 1091 1171 1614 1193 834 285 1429 1333 601 763 779 1513 550 985 1268 737 1796 283 1244 1698 439 1084 1350 68 556 371 771 1610 1420 586 921 44 334 1515 234 1264 209 1416 1486 1046 1190 1089 982 1997 
minDistance: 4.90474
cost: 243906
capacity: 199228
time: 29955
maxTime: 60000
LS1: 36079/37457
LS2: 571/1378
LS3: 0/0
shakeIters: 778
shakeLoops: 74
