4.52247:1689 4.56049:3388 4.5775:6764 4.63859:8837 4.73146:9441 4.81716:11498 4.82166:14062 4.83291:15892 4.84679:21689 4.85066:22228 4.85864:24699 4.86783:24815 4.86853:25468 4.86953:33326 4.87149:42208 
1164 1107 1788 247 421 1507 821 1210 162 1682 414 1593 574 715 1032 944 1485 1277 1478 1630 606 401 392 1219 170 1865 1511 1524 1043 384 259 845 1625 1955 727 165 292 1629 1997 309 1720 835 1304 984 1631 115 1728 1589 15 575 69 491 1949 128 652 234 720 1977 117 1144 1658 110 1162 1542 164 569 1267 990 1476 95 475 1910 279 1160 456 903 1120 600 1675 68 264 1003 310 397 193 447 509 500 1017 775 285 60 873 1118 579 1573 1888 212 935 1761 458 94 1292 253 86 1610 275 1034 1412 1828 1042 983 1604 1521 1817 22 1912 74 1230 1408 1917 1203 1422 1580 474 1599 1086 1577 389 1560 1815 936 1683 1763 993 683 1541 1777 755 478 41 499 1420 556 563 429 1849 645 1296 229 1011 1719 924 1427 334 331 1273 630 177 1264 1565 1933 987 390 340 1703 673 1309 28 552 1648 476 51 395 1699 16 1790 826 1975 1797 157 1943 48 1579 985 705 111 1702 88 1413 81 837 450 1666 154 380 1004 1471 668 1090 1513 953 300 938 614 303 834 1194 778 1416 160 1603 1598 771 1223 817 1946 1359 1235 244 1461 1909 1980 255 1002 1283 1903 825 35 1329 1155 1106 933 1852 1351 130 626 535 1407 412 1216 490 1643 1410 1110 734 1237 124 238 1988 1315 737 1632 1067 1951 1486 1799 425 219 1089 109 1028 
minDistance: 4.87149
cost: 242637
capacity: 199165
time: 42208
maxTime: 60000
LS1: 37243/38604
LS2: 531/1361
LS3: 0/0
shakeIters: 815
shakeLoops: 78
