4.16386:1085 4.17577:1194 4.24939:1357 4.32525:1685 4.51904:2353 4.55187:2535 4.64594:2671 4.67958:4898 4.75971:5142 4.7889:5583 4.83883:7317 4.85173:7700 4.85864:9611 4.86853:11539 4.86953:13009 4.87149:14431 4.87874:27577 4.87912:31987 4.8808:32044 4.90365:52435 4.90474:53033 
1359 86 192 227 1762 1502 371 302 1369 292 1910 1471 870 136 1790 1580 1625 940 1072 789 5 445 984 1933 1703 753 1100 1155 1777 935 1495 1105 720 777 1019 124 99 742 285 1865 835 1461 685 1486 1420 1264 1943 395 737 97 1728 247 1863 1786 478 421 1089 1814 1842 1946 1815 1662 1248 1268 1666 1141 1107 119 389 1442 375 114 244 1035 771 1194 1011 1219 817 488 806 897 1226 1144 1002 1719 1565 1051 905 568 709 1954 954 1912 170 1438 1631 1659 606 1177 1216 500 269 66 1515 732 936 859 450 1612 976 1328 198 1915 1801 1516 794 1022 1994 614 782 1756 1509 74 1901 1091 1593 418 801 1087 1656 1645 1902 458 1296 177 1190 28 427 164 924 339 1302 1372 194 1988 111 359 60 775 921 209 355 1682 23 671 974 917 509 511 470 1164 1500 1398 85 821 990 431 165 1071 1227 693 1980 236 234 1040 142 1455 1541 1118 1046 1903 764 174 1293 219 635 437 186 1315 1453 953 985 1513 1273 117 1733 1360 185 596 1589 637 108 1633 1067 100 293 1126 172 1749 491 585 1172 396 1923 1416 792 1620 519 58 284 498 346 938 530 264 240 1579 647 1374 672 652 1575 1609 845 944 1223 933 325 960 152 1971 729 334 1142 1463 932 1886 255 309 1855 366 82 1213 734 68 1116 848 380 
minDistance: 4.90474
cost: 245231
capacity: 199208
time: 53033
maxTime: 60000
LS1: 36614/37977
LS2: 433/1363
LS3: 0/0
shakeIters: 909
shakeLoops: 88
