4.37195:1507 4.37575:1836 4.42469:1959 4.45022:2400 4.48602:2538 4.51904:2820 4.63541:3241 4.65075:3650 4.65381:3857 4.70133:3925 4.75971:5048 4.78594:5232 4.7889:5289 4.82252:5412 4.82691:6328 4.83801:6393 4.83883:7865 4.85492:11557 4.86777:11651 4.86853:11705 4.86953:15915 4.87295:20536 4.87338:22505 4.87877:36051 4.87912:40769 4.8917:41577 4.89403:45449 4.90365:51438 4.90474:51490 4.92012:59320 4.92702:59972 
1035 792 619 401 1233 467 1398 1124 1517 1593 1179 1162 507 1314 794 22 1561 530 297 685 460 1785 1107 247 924 824 1089 1870 1727 1703 837 284 1131 569 1464 445 596 475 1223 1500 418 1292 35 1210 170 23 185 1101 60 772 789 1662 322 821 244 50 683 111 918 1091 85 425 1302 499 1495 777 1011 86 396 606 630 1865 74 1264 519 164 976 1575 1382 775 1738 1053 378 1304 835 500 1367 339 464 289 984 240 1100 1943 1436 1502 1432 1954 193 54 933 458 529 380 162 1002 1756 1226 279 990 850 355 1788 1164 165 1923 5 1739 1614 412 1033 181 1116 1003 1374 325 1570 1461 1975 1586 574 1074 1336 1762 395 1232 1050 614 1631 16 293 960 727 192 1783 1438 1017 944 80 765 1829 431 1609 1786 295 1733 576 1118 1507 135 1819 450 1509 439 895 1190 1180 1486 1810 1935 1004 1193 68 160 491 1659 1090 1912 626 1268 1155 1754 1778 264 1946 1886 1437 1200 1368 1042 1407 1194 950 771 985 72 1844 940 1446 1815 1902 1513 1213 585 1910 1988 1922 1383 371 1868 292 1110 1144 1463 296 849 625 276 637 397 1405 1351 1682 1081 1106 1590 1541 1542 935 1097 1511 1952 1579 938 1598 1821 1172 1516 534 974 172 834 1420 1565 40 1797 845 1743 253 668 33 1666 737 1828 1852 1777 488 1219 1478 1216 729 
minDistance: 4.92702
cost: 246120
capacity: 199197
time: 59972
maxTime: 60000
LS1: 38634/39981
LS2: 469/1347
LS3: 0/0
shakeIters: 847
shakeLoops: 81
