4.2697:1168 4.27273:1505 4.30431:1820 4.43835:2299 4.4987:2594 4.52072:2661 4.5267:2811 4.62066:3137 4.68947:3535 4.69766:3633 4.7352:3708 4.73558:4592 4.77476:4736 4.78039:5132 4.81716:5251 4.82136:7440 4.83291:7551 4.83619:7624 4.86276:8398 4.86783:14634 4.86853:17546 4.86953:19639 4.87149:23272 4.87295:24083 4.87338:27133 4.87874:53173 4.87912:53802 4.90061:58522 4.90564:59529 
1119 1453 421 834 530 1582 425 614 1230 986 1130 1959 671 705 1201 253 1620 1757 203 881 924 732 1817 1545 111 339 709 244 1699 1182 835 1954 907 1090 1360 767 240 779 938 108 1351 532 1659 838 334 763 1658 933 1296 1475 1728 16 247 985 1211 293 983 310 936 1456 151 1579 1304 1777 1057 1910 606 828 1129 1743 1223 1719 792 1314 1213 259 1786 119 446 81 445 652 15 1219 368 665 1042 1888 60 145 170 467 1412 534 1852 1059 1946 801 160 1106 234 1125 1139 124 369 1702 776 381 991 1486 539 1107 794 984 396 1810 1586 378 82 800 95 1902 501 1593 1609 380 1513 873 1903 1700 1943 1521 1760 1109 768 458 1815 673 905 1420 1994 1631 41 1749 1542 187 1912 80 367 509 433 1855 74 753 1705 340 1097 1666 1517 959 192 1216 688 429 227 1329 1144 1603 737 778 361 1275 470 1110 1589 456 1625 292 1004 210 1683 1155 698 1502 1703 503 1126 162 585 1535 821 164 1131 1258 527 1442 771 279 73 1720 1022 685 1172 511 172 1437 917 1782 672 1116 1617 1868 849 58 1951 491 439 384 309 1028 990 295 212 154 1011 431 136 379 1003 395 662 1682 264 488 874 720 492 686 944 1019 1630 1476 1379 1160 630 165 1576 498 1118 1089 1271 1560 1799 5 1997 1790 1580 1727 1463 1267 1846 1226 284 1717 1541 86 1507 
minDistance: 4.90564
cost: 244225
capacity: 199295
time: 59529
maxTime: 60000
LS1: 37347/38716
LS2: 510/1369
LS3: 0/0
shakeIters: 830
shakeLoops: 79
