3.71891:230 3.85321:569 4.18609:1385 4.32525:1789 4.43253:2099 4.46468:2400 4.54566:3198 4.62307:3387 4.69303:3848 4.70133:4136 4.72175:5015 4.74766:5149 4.79284:5787 4.82166:6118 4.86276:9685 4.86491:10496 4.87338:11976 4.87874:54300 4.87912:56221 4.8917:56404 4.90365:59382 
1164 1631 1559 637 380 164 1195 1912 1455 154 1560 1309 982 325 1304 1273 1213 1350 1100 227 1043 301 450 1923 705 875 937 976 534 1875 1071 283 1579 1044 1461 396 1453 1954 1565 1659 1785 264 933 270 1788 1590 1089 170 1004 771 789 470 1072 367 295 1035 1682 184 1924 1716 1387 420 1754 491 1996 1625 1101 977 1804 1951 1515 165 905 1856 1368 1756 1314 677 192 984 1033 944 1420 254 1219 671 1771 13 1131 1909 1386 500 974 375 709 1412 418 849 1985 1358 1829 1203 1081 1888 1935 1542 1580 1509 614 1003 1971 1540 68 1019 1315 1054 737 1593 1495 1230 1702 1275 191 1162 1703 1390 938 1719 157 924 1407 1172 1371 921 504 1106 1886 51 497 1107 1144 1666 801 41 990 1814 1609 1267 109 1010 604 66 456 1360 772 136 445 395 172 1815 652 1142 1946 509 16 842 1910 247 1943 467 646 1645 776 1091 1816 782 831 1463 1701 1486 903 850 2000 309 917 88 1629 1500 253 1614 1223 60 835 1507 1902 1821 606 292 371 122 1475 870 1928 179 993 238 511 1130 828 1468 1084 334 74 704 119 940 1919 1192 1933 794 397 834 229 1002 1583 1630 100 1523 1155 94 1190 276 539 729 1093 1292 765 960 22 858 1105 773 1743 848 1980 1738 340 1182 569 1097 985 370 1194 478 596 357 777 1562 111 
minDistance: 4.90365
cost: 246349
capacity: 199162
time: 59382
maxTime: 60000
LS1: 36880/38300
LS2: 606/1420
LS3: 0/0
shakeIters: 793
shakeLoops: 75
