4.14008:998 4.31059:1439 4.39253:1621 4.40924:1700 4.44483:1953 4.4568:2166 4.47861:2427 4.49804:2677 4.5267:2957 4.62681:3550 4.63859:3759 4.64781:3934 4.70133:4269 4.71858:5792 4.7352:6032 4.80107:6566 4.8144:6639 4.81788:7349 4.82691:7600 4.84679:7900 4.85066:8678 4.85492:12546 4.85719:12662 4.86276:12715 4.866:13447 4.86783:20341 4.87149:21643 4.87874:27727 4.87912:30176 4.8808:46141 4.88539:47984 4.89542:49852 4.90564:57867 4.92702:58529 
478 1022 1675 1087 1172 303 859 203 1507 130 1659 821 192 1583 636 1946 1086 1828 938 668 379 1371 904 520 1868 60 432 58 924 458 525 1579 86 1238 1093 1193 779 382 1216 782 1509 1383 1073 1248 1191 1794 800 1846 1658 693 1576 1420 108 641 1200 322 316 1666 534 990 1415 1304 940 427 789 1164 168 1682 1541 954 283 1654 729 771 772 1625 17 279 625 1736 1141 1816 488 1778 801 244 1570 828 119 306 1786 1033 1565 68 563 1783 1855 1953 1314 1739 89 253 794 1902 1292 236 1044 445 1072 1409 606 395 614 358 74 1727 361 292 1865 1223 1609 1894 1593 170 959 1107 165 341 1217 1333 172 1924 1952 986 1050 983 1785 114 1190 1743 380 1726 831 895 467 1533 334 1581 807 285 1386 1516 1114 1182 1360 498 301 1681 1194 982 414 1455 1125 834 1935 476 777 1059 1393 2000 1515 219 1002 164 176 366 1912 1542 944 1569 1171 500 511 429 446 1155 1116 1630 1219 209 917 1057 450 596 845 976 1830 1788 1495 737 456 264 1886 848 5 421 579 849 255 1799 2 1412 1657 673 82 1683 1071 1344 1089 1351 1213 1144 57 1035 1513 371 1108 59 1616 333 1954 357 370 1720 509 1154 1124 671 882 1580 1933 1631 23 1523 936 1003 1754 1994 653 310 765 1119 16 295 1819 100 674 1626 1749 
minDistance: 4.92702
cost: 245560
capacity: 199158
time: 58529
maxTime: 60000
LS1: 37023/38361
LS2: 393/1338
LS3: 0/0
shakeIters: 911
shakeLoops: 87
