4.33343:1118 4.4121:1307 4.52247:1623 4.55227:2441 4.59022:2733 4.68764:3043 4.68778:3106 4.78039:3482 4.80494:3608 4.81788:5211 4.82166:7625 4.85066:8083 4.86276:9463 4.86783:10210 4.86853:13346 
1866 172 1540 1359 621 844 112 1004 1162 1928 1938 297 626 1193 534 1749 1665 662 74 1164 1030 1172 1461 292 1778 334 1107 1977 470 1688 1478 1489 1486 1507 614 1405 750 1358 1545 531 1124 807 737 569 1035 1521 264 181 1315 1334 1190 787 1910 58 1726 111 991 283 990 420 1131 309 467 950 1437 488 1097 877 873 423 42 645 1368 944 1407 1464 1230 1610 1275 179 1728 1791 95 397 1002 165 1082 1279 1032 1573 1541 1590 530 1226 1110 1054 1542 1560 849 5 450 817 520 1943 253 108 1387 1513 579 1090 1517 1309 1129 130 1754 1213 1959 1127 1501 1630 509 247 1410 940 946 705 318 412 1062 60 1402 777 115 1852 1886 1783 765 1144 834 459 1700 1042 66 821 771 1273 128 748 1936 1816 13 1806 1799 1074 340 828 1675 30 445 1666 1391 432 1626 1888 361 358 160 1996 792 380 1609 1142 552 1081 1992 906 1829 513 1491 1509 15 1034 1922 979 1308 125 291 1160 1893 794 1044 606 1017 1554 502 425 300 136 1797 234 1453 401 1865 1084 1333 1912 842 594 1223 1620 1645 85 1409 345 636 1073 801 1342 1449 1683 310 68 164 574 114 845 938 1544 1859 720 1412 1682 1089 1802 1011 870 1631 22 511 1508 1954 500 1028 835 237 404 983 162 48 889 456 879 170 415 933 1796 368 1985 1264 789 1367 1310 1786 1351 630 1314 16 1600 709 
minDistance: 4.86853
cost: 245645
capacity: 199220
time: 13346
maxTime: 60000
LS1: 33679/35211
LS2: 776/1532
LS3: 0/0
shakeIters: 741
shakeLoops: 71
