4.17054:946 4.18805:1088 4.24778:1501 4.48794:2121 4.49592:2369 4.49873:2712 4.59022:2966 4.61639:3042 4.67014:3305 4.70133:4166 4.72772:4540 4.74221:4823 4.79421:4969 4.80526:7753 4.82166:8124 4.83291:8629 4.83908:8716 4.86491:9728 4.86953:15066 4.87338:15311 4.91159:17483 4.91926:18855 4.92019:19171 4.92414:19310 4.92702:19464 4.93089:28801 4.93784:41694 4.94645:54134 4.96633:54525 4.98838:58832 
1216 172 1902 1125 340 1545 1360 254 924 334 720 800 614 992 938 341 74 584 431 325 671 775 129 309 1593 904 1799 135 1131 514 1479 579 414 395 367 1063 1583 1865 176 801 492 227 1602 1720 1442 375 1935 662 58 1743 996 944 2000 1414 1702 1802 1988 1507 33 525 162 433 1010 1876 751 1815 1589 1310 1446 357 310 1193 488 1035 1777 1828 765 837 990 1468 1716 1248 1682 1461 828 1387 253 983 1699 259 366 596 1570 1097 1868 985 378 238 1785 1455 1500 467 755 445 1513 1190 1067 490 1386 1031 1855 1177 881 931 1749 1894 1642 1127 1565 86 1142 940 729 89 450 771 1844 247 192 835 380 1219 1886 379 773 1453 1195 511 1230 695 849 154 100 68 5 16 520 693 1273 1590 500 897 1155 1172 1631 1046 1412 1003 704 1391 1630 737 1486 1315 987 732 456 470 1144 534 1093 1516 1541 1609 630 1478 984 66 1788 777 164 685 1594 295 1087 976 842 170 1019 1288 1416 119 1314 108 1267 276 264 834 1786 1614 961 1529 1542 652 1580 606 1579 792 85 354 1374 67 292 1990 1666 918 539 322 1420 821 1475 1934 421 848 1703 1943 513 1044 932 1042 293 782 1495 844 60 1107 371 1328 672 244 1523 1437 279 1106 1659 778 114 709 410 1194 88 284 1780 1090 
minDistance: 4.98838
cost: 241784
capacity: 199163
time: 58832
maxTime: 60000
LS1: 35920/37267
LS2: 445/1347
LS3: 0/0
shakeIters: 872
shakeLoops: 82
