4.03632:746 4.15276:1098 4.24939:1360 4.34596:1641 4.36557:2259 4.47515:2760 4.47591:2828 4.51904:3005 4.52247:3153 4.53434:3317 4.55803:4505 4.62966:4679 4.64594:4744 4.67014:6694 4.74221:7088 4.78594:7444 4.7889:8227 4.79995:9129 4.81716:9195 4.82252:11268 4.85733:15493 4.85864:16315 4.86853:16463 4.86953:19219 4.8808:23054 4.89403:23990 4.94725:29208 
801 686 1495 30 232 1786 1856 1127 500 1062 652 1302 596 1003 420 1782 300 37 244 1416 1292 676 1614 1315 165 23 779 296 1073 170 1163 1247 154 1028 111 630 1678 1828 1609 380 1290 78 162 1369 1050 368 396 1478 1437 922 944 1943 1819 865 456 128 677 1502 371 178 520 264 724 685 431 800 1946 1777 1988 689 1089 1633 606 837 1035 164 514 920 1144 97 476 683 776 985 535 1589 960 1620 1086 892 530 1573 753 1277 1516 503 1625 1386 1486 1509 60 1116 1264 1517 119 1811 198 253 845 1523 15 1799 247 1368 447 1412 1756 429 1675 1213 1719 412 1541 821 1749 1100 614 33 284 1351 794 1855 450 924 1118 1846 172 777 953 1160 665 193 1959 1657 58 1438 1314 445 662 534 1659 1141 933 1590 645 1211 1216 1084 1262 918 789 1910 334 1180 1333 1017 668 1580 1030 584 1155 1681 1702 310 304 1274 433 85 1371 464 441 339 74 1042 666 1617 1922 1367 1694 511 796 539 1283 773 1579 1273 94 1191 427 137 621 1288 234 1622 577 1164 727 1886 425 491 1374 817 1545 639 108 1500 1952 295 382 1977 986 1903 1172 720 990 1865 792 1090 705 1866 842 1399 1129 1935 1760 805 1985 1576 671 1542 1107 1106 1875 1074 409 737 1226 983 1143 1682 1888 1471 59 1631 432 292 1407 1489 381 1630 938 415 1938 1237 1219 1954 68 
minDistance: 4.94725
cost: 246763
capacity: 199269
time: 29208
maxTime: 60000
LS1: 34312/35732
LS2: 657/1420
LS3: 0/0
shakeIters: 736
shakeLoops: 69
