4.1727:1056 4.2697:1353 4.42745:1703 4.44483:1863 4.46297:2037 4.49873:2198 4.51563:2317 4.52253:2480 4.53192:2671 4.55227:3855 4.58704:3936 4.59701:4063 4.61153:4814 4.63088:4964 4.63761:5064 4.66726:5228 4.69022:5360 4.72386:5511 4.74128:6388 4.78769:6471 4.7889:7656 4.80747:8579 4.81716:8806 4.82691:8940 4.84679:9029 4.85066:10799 4.86953:11681 4.87149:24248 4.87338:28968 4.89403:35953 4.90474:38705 
1736 1687 905 1682 1219 244 412 478 172 1495 1333 614 944 1199 1666 279 1293 604 397 764 1782 792 1155 1928 1405 1894 111 255 1902 308 1028 63 85 1106 236 1893 433 1164 427 1046 1463 985 1739 334 801 219 1580 165 933 1315 1003 1504 737 671 1912 1372 198 301 1575 1116 340 488 1888 60 420 1105 1500 524 1143 685 285 530 1412 502 1226 240 1390 1786 325 1486 1223 1513 1594 976 1951 949 1144 1699 283 1719 192 1017 596 698 1142 1614 1659 1118 630 168 652 1542 341 247 821 1590 170 990 1946 1094 264 1772 1702 1160 1273 1180 1084 162 1030 80 310 1637 450 917 1035 1756 1054 1499 74 456 1785 1738 361 776 534 339 1213 1631 470 1190 672 122 601 491 1828 431 119 1314 1091 778 500 23 895 1654 511 568 1910 1442 1914 164 1089 1358 509 441 180 1819 1858 1131 1097 114 771 986 1743 210 662 1438 1125 421 467 378 1870 286 729 429 215 68 1881 375 626 924 907 877 1437 1409 1291 395 1657 1461 95 1678 1565 1796 50 1110 1943 1107 519 396 1002 1042 1593 1369 367 1632 835 16 1799 1172 938 865 520 154 1924 1573 1073 1367 1351 1630 1620 1100 982 1985 1536 157 1081 1954 625 1086 606 1022 109 1935 1821 777 136 369 1842 849 130 458 1554 921 270 1598 705 1889 1090 380 983 227 1767 
minDistance: 4.90474
cost: 241873
capacity: 199259
time: 38705
maxTime: 60000
LS1: 38238/39587
LS2: 471/1349
LS3: 0/0
shakeIters: 847
shakeLoops: 81
