4.18609:992 4.2697:1212 4.36557:1580 4.37771:2264 4.63761:2920 4.64404:3025 4.66203:3626 4.67014:3773 4.70465:4999 4.71649:6055 4.73146:6910 4.76557:8784 4.7724:10846 4.79851:10941 4.81716:11651 4.86953:12359 4.87149:12512 4.8808:13755 4.89855:39514 4.90061:40999 4.93784:41624 4.94549:41895 4.96281:43146 5.00688:45728 5.00795:47495 
415 1620 198 16 671 1705 792 1865 569 1645 685 1010 284 1985 371 1509 509 1160 933 1609 845 1630 478 357 1468 99 1405 1951 953 1691 420 1662 1657 842 1481 817 1072 652 379 637 1886 74 1002 983 1502 1033 450 1959 974 615 1124 1089 944 1011 441 396 43 897 985 872 705 737 849 1393 1934 924 431 412 606 821 1560 152 1412 1090 1164 771 292 729 1275 340 1162 673 1702 755 1727 1659 100 227 1073 219 164 645 172 1935 50 136 111 382 1414 1144 206 334 1899 1105 1333 395 380 1142 534 247 470 1446 1329 1495 976 1379 1296 88 212 1579 310 215 13 1030 1195 601 279 1369 378 119 1464 614 1035 1386 445 1583 1545 1044 1051 1500 1756 1106 527 1580 377 1586 706 456 709 1739 60 118 5 500 502 665 1842 530 1912 264 254 1678 1172 539 1463 1063 2000 192 1573 480 1910 1314 1461 954 935 1903 275 511 429 1829 1542 789 917 990 630 1946 1513 503 1094 1996 1399 672 397 1614 1267 1486 389 777 1360 889 1863 1368 688 295 1216 1631 1541 776 1828 1572 1328 720 170 704 325 85 276 662 1219 801 1777 1155 991 1193 977 1248 114 1455 1475 1004 137 1593 253 1416 109 162 1943 848 58 1666 1785 1213 938 1226 1143 1575 1589 1084 1230 1420 1127 1194 1432 491 244 1786 
minDistance: 5.00795
cost: 244269
capacity: 199215
time: 47495
maxTime: 60000
LS1: 38084/39411
LS2: 381/1327
LS3: 0/0
shakeIters: 921
shakeLoops: 84
