4.16386:1094 4.17577:1198 4.40038:1796 4.42469:1941 4.46482:2462 4.47515:3370 4.49333:3482 4.5387:3738 4.55227:4127 4.59701:4827 4.61639:5067 4.65075:6119 4.69022:8577 4.7352:8832 4.80494:9941 4.80747:10029 4.81716:10093 4.82252:10515 4.83289:10710 4.83291:11581 4.85492:18814 4.86853:22115 4.87149:35661 4.87234:45318 4.90365:50460 
1560 397 1542 1489 1033 429 1681 1043 672 1912 340 23 1094 63 380 577 1479 128 918 1203 503 1903 1777 1659 539 831 1003 1101 1937 1817 467 729 1565 1430 960 1473 1351 1717 1647 1796 1702 1580 172 1846 114 1042 1617 170 1414 445 383 1358 693 614 621 68 331 987 1155 500 1736 1190 1409 1985 801 1032 686 1567 247 60 938 1682 1923 1938 334 1117 1191 534 1573 1106 652 821 366 1797 985 253 792 771 789 1486 1314 212 300 1875 1868 1350 164 162 1865 215 266 1631 74 845 1035 227 1273 662 1091 1692 1097 1074 1586 1501 456 58 1521 1523 30 558 1237 601 727 1369 1576 1719 1541 1264 1471 1160 1437 625 1675 1816 1219 264 420 1642 668 1743 725 1861 1089 658 1248 1705 1216 935 450 121 1733 1620 1037 244 1131 1464 1739 1164 1819 33 846 606 292 284 550 529 837 1315 339 81 1180 491 584 492 412 1172 1929 1372 1320 1453 1943 15 192 1059 1526 630 1116 1971 1934 1910 1946 1536 1090 28 1073 1799 1333 1125 865 1405 234 1004 1760 160 1657 1954 382 1579 1206 626 835 1509 1432 488 594 742 511 308 275 1614 525 238 111 775 1502 432 1500 807 737 421 911 136 944 1540 1288 1194 1100 447 1590 515 1017 828 480 1030 22 384 78 834 924 1084 1213 1834 1822 1316 1478 1056 993 476 1250 990 1067 933 355 1495 1630 279 1545 
minDistance: 4.90365
cost: 243797
capacity: 199167
time: 50460
maxTime: 60000
LS1: 35806/37146
LS2: 539/1340
LS3: 0/0
shakeIters: 776
shakeLoops: 72
