4.14111:901 4.24778:1333 4.2697:1714 4.30298:2016 4.49873:2737 4.52247:3939 4.5267:4417 4.53434:6275 4.54195:6553 4.55227:6928 4.62066:7159 4.75143:7816 4.78962:7916 4.80494:8930 4.80526:9074 4.80788:9412 4.82166:9654 4.83636:9810 4.84679:9929 4.85492:11000 4.85719:11792 4.85733:14408 4.86491:15215 4.86783:16380 4.87149:16568 4.87295:17386 4.89542:18188 4.90714:21560 4.91479:26175 4.92509:29952 4.94513:31188 4.94549:51373 4.94645:53670 
172 511 467 964 859 1329 1463 846 944 1437 264 283 154 286 1162 763 837 279 1316 1796 606 1797 1802 881 1413 1478 1610 985 74 93 1226 1886 1193 1943 1237 1314 1799 1107 1050 95 1590 900 331 215 410 1682 821 1828 801 446 1180 1954 904 1371 135 709 991 384 1625 478 470 1829 450 858 1565 395 1814 244 302 1556 1071 492 295 1097 1865 684 503 488 253 1699 1902 378 491 1390 933 229 1106 1412 68 1664 662 639 845 1003 1659 1315 534 1994 60 1002 1110 1093 1609 1593 1144 1951 1516 1304 777 1788 158 1461 1912 1444 1086 1393 341 1072 1628 794 834 1367 1614 441 1360 673 1654 1545 111 1119 983 1702 1130 782 792 530 397 100 614 85 924 421 938 1379 1127 835 1084 1749 1172 13 808 325 1589 1580 1781 1358 1542 849 459 456 439 705 380 1541 1594 309 447 23 1544 1875 247 160 1155 1815 58 1035 917 993 1116 1190 1923 1819 990 509 1091 1560 165 1089 1893 1743 1087 672 458 1692 1687 678 1164 1631 500 1500 1073 89 1333 950 1351 152 445 737 340 1495 240 16 771 1213 1455 775 498 1507 1935 1694 1054 1288 289 683 1125 1579 164 720 685 433 108 401 1194 1203 729 1888 429 1817 361 414 1475 1486 162 539 1004 1022 652 724 1219 778 234 1894 695 1946 1985 284 292 170 1101 905 366 
minDistance: 4.94645
cost: 244375
capacity: 199224
time: 53670
maxTime: 60000
LS1: 36110/37459
LS2: 482/1349
LS3: 0/0
shakeIters: 834
shakeLoops: 78
