4.24939:1105 4.32525:1257 4.44696:1623 4.53434:1861 4.56111:2058 4.57956:2228 4.59701:2367 4.62066:2440 4.65655:2932 4.68778:3036 4.71654:3325 4.71858:3464 4.7352:4263 4.76298:4531 4.78962:5891 4.80086:6088 4.82166:6420 4.82252:6486 4.83291:8186 4.86276:8543 4.86491:9658 4.86853:10515 4.87874:13157 4.8808:14479 4.89057:23611 4.89838:25517 4.90061:32292 4.93784:33617 4.95688:50301 4.9586:51685 
1500 1846 74 1786 193 310 176 276 1630 1019 1815 1777 520 164 1314 1187 1594 1191 491 1455 876 1681 1093 99 108 60 1035 1177 446 303 234 1446 1164 50 1589 771 1509 1760 247 112 162 1988 279 1416 1407 1351 1523 478 309 450 729 983 368 170 409 1283 100 1172 652 953 1664 1719 1374 1749 828 1533 1516 1108 845 111 1248 1211 114 1652 1888 1274 59 737 1946 445 464 1659 284 1315 383 1105 1541 1682 932 1329 511 1472 1823 563 333 1502 1097 1542 1954 295 596 119 1216 918 1110 503 1141 1985 1003 817 1579 539 95 81 1576 1144 1922 1943 1570 395 1868 1609 1002 1842 369 431 1412 704 1100 1442 58 665 834 1614 379 954 1937 172 1756 849 237 500 1700 794 1044 663 1368 835 662 1631 1230 800 253 1275 1084 769 801 1583 1590 37 137 705 1296 1386 1799 5 1033 614 789 474 1011 264 1788 23 16 227 1912 456 1486 935 1370 1902 1292 1545 938 1453 1464 429 821 686 160 534 1194 392 1593 1666 488 432 68 1996 606 380 1106 529 1024 334 1521 244 1273 396 427 509 85 776 1817 420 358 1304 1855 1959 1990 1420 977 782 1090 881 1195 1372 604 1507 1513 292 1360 1935 1071 944 897 375 1703 990 859 641 1213 30 1942 579 1143 1393 1219 388 1089 1116 732 498 671 1738 1439 1042 1580 
minDistance: 4.9586
cost: 246220
capacity: 199172
time: 51685
maxTime: 60000
LS1: 35567/36987
LS2: 523/1420
LS3: 0/0
shakeIters: 867
shakeLoops: 82
