4.16386:1040 4.18949:1296 4.43253:1941 4.53192:2234 4.54279:2381 4.61429:3355 4.66256:3603 4.67014:3682 4.70133:3830 4.70465:5755 4.70934:8456 4.7352:8561 4.73558:9522 4.73923:9873 4.75422:10161 4.7889:13933 4.8144:14764 4.81716:15035 4.82252:15218 4.83291:16177 4.85492:17902 4.86276:23991 4.89057:24281 4.89542:25139 4.90474:25191 4.92913:36422 4.94699:37369 4.96281:38768 4.96633:40521 4.99582:40574 
100 33 267 870 1633 1087 507 1507 1703 1486 51 488 1744 1003 792 1442 1523 1412 1302 420 334 1692 751 1694 1573 86 164 1106 58 172 236 22 383 1118 1310 917 1097 1579 433 1468 1213 1682 834 1160 1743 1495 777 1190 1910 876 636 641 476 1727 828 1699 1455 1030 1374 1951 1516 935 1924 1946 1935 1923 1277 447 1172 227 534 625 60 244 1314 1002 1475 1894 1938 247 1658 1590 299 1200 427 304 1893 1013 765 1054 357 983 467 932 1288 1144 774 954 74 1182 292 614 429 1875 1461 445 944 421 341 1934 1994 57 114 1154 575 1565 601 1478 842 1594 849 480 432 569 2000 1258 1620 606 1589 379 52 835 801 1351 1799 1804 130 1131 331 525 111 1416 645 1865 450 635 375 652 1886 1631 397 1293 303 619 168 990 443 1244 414 778 845 193 456 672 596 340 1232 1194 371 264 848 1230 492 1541 1371 380 368 1089 685 985 1828 366 1072 546 1420 1542 1829 1943 1304 1912 976 255 630 808 671 412 1790 1267 119 1702 1575 501 1933 1193 771 933 219 1786 285 1614 1476 88 41 1785 1876 720 865 794 478 724 410 37 938 984 1056 1463 170 737 500 344 924 1609 162 1814 520 1726 1580 1360 729 1630 1142 154 688 1816 821 1954 1720 1107 1409 295 776 1777 1782 137 1739 1996 395 16 1274 1155 511 
minDistance: 4.99582
cost: 244003
capacity: 199157
time: 40574
maxTime: 60000
LS1: 36524/37820
LS2: 402/1296
LS3: 0/0
shakeIters: 864
shakeLoops: 80
