4.16386:808 4.24731:1221 4.24778:1303 4.30226:1688 4.31612:1811 4.42469:2181 4.42614:3219 4.50736:5192 4.51904:5836 4.52247:5898 4.55187:6042 4.59022:6116 4.62681:6457 4.64594:6622 4.68689:6761 4.68995:7226 4.71858:7375 4.72386:7641 4.74128:7814 4.74766:7904 4.7724:8124 4.78594:8959 4.7889:9015 4.80086:9082 4.82166:9152 4.82691:10109 4.83801:10219 4.83883:10342 4.85066:11077 4.85719:11168 4.86276:11294 4.87149:11932 4.87295:19589 4.87338:22576 
279 1935 1560 1513 1124 1223 1171 1972 1652 215 192 316 450 1131 520 1182 513 630 1387 1542 1032 1681 917 535 58 1217 1412 32 614 585 63 987 1943 1073 738 865 1511 905 1399 1788 1391 1719 341 672 1815 990 777 1738 1609 693 92 625 1023 264 764 1886 1328 1933 74 957 601 1420 873 499 933 1191 364 1475 1010 339 1453 1407 775 596 1257 1865 1044 1596 456 524 1004 828 1461 1097 897 1682 900 1924 626 848 1116 160 1507 960 629 779 1952 1160 164 238 849 792 895 1466 502 1997 30 488 1756 1985 1130 1630 1227 985 1631 170 23 889 16 1554 1666 1819 110 821 401 1273 1155 1509 1172 99 1315 1902 527 1091 15 1644 539 340 172 309 1084 1219 1573 1556 776 157 1954 503 1401 1034 1786 357 480 1029 1272 663 1402 1894 1702 1180 771 1878 396 1083 1541 42 431 845 175 1022 1639 983 1799 522 1785 817 1761 420 60 844 1002 1910 1590 1988 1464 534 765 1580 478 13 464 881 1059 737 953 210 1601 325 1162 1523 310 674 575 193 395 938 445 1089 1936 1951 291 240 1017 397 1216 1365 671 1126 187 282 66 1589 68 1416 1368 800 574 1912 1127 1164 14 834 432 380 244 1350 1575 944 1009 1035 1213 1033 276 1783 1314 111 1107 789 1830 1586 1959 1593 22 1463 1735 976 334 253 284 1011 950 1437 1429 1659 1244 1030 1187 
minDistance: 4.87338
cost: 243143
capacity: 199187
time: 22576
maxTime: 60000
LS1: 36011/37303
LS2: 464/1292
LS3: 0/0
shakeIters: 794
shakeLoops: 76
