4.28165:1244 4.39253:1642 4.4121:1783 4.43274:2551 4.46482:2640 4.5031:2974 4.53192:3130 4.55227:3452 4.61639:6323 4.6535:6439 4.65399:6611 4.65573:6740 4.70133:6857 4.78039:8276 4.80747:10080 4.81716:16187 4.82165:17498 4.82166:17636 4.82252:17693 4.8318:25700 4.84679:27249 4.86853:29867 4.87149:30876 4.8733:34003 4.87338:35305 
283 310 1739 1412 414 1521 1736 1542 1427 170 284 1391 431 1089 1056 1422 556 334 1127 918 1219 1666 66 108 792 99 1463 111 775 1935 1097 1717 1479 1565 527 1570 1523 596 1580 1781 1163 1495 366 234 931 1172 1767 81 1868 122 227 293 509 1437 1742 1590 1164 470 1630 1155 1359 1258 1333 456 1053 1216 685 380 1131 82 1241 421 1938 1943 1194 1314 238 677 552 432 924 953 1191 370 137 987 729 1107 1350 361 1461 1019 776 185 1273 1575 499 895 720 136 1475 502 778 771 1247 450 1631 941 74 584 1819 782 565 357 834 1720 259 1213 1598 395 500 1933 253 160 401 933 1063 172 1870 574 1985 1582 1583 1910 154 990 244 849 1912 1369 285 1446 614 1071 883 1144 375 672 369 174 124 1903 1817 1692 1190 264 959 938 192 727 1682 629 993 1248 1042 671 1087 950 1625 1199 379 1552 22 1223 865 1579 845 632 932 162 279 1657 229 1476 1468 1954 1971 1881 498 1044 1073 68 301 247 1193 420 164 1002 1205 1275 319 1106 1658 1420 458 457 1354 1828 1125 652 1090 1442 94 637 1376 606 985 165 488 28 60 615 16 1659 248 534 308 1315 1356 435 1680 525 1080 1888 1567 859 1875 1182 295 503 886 491 1620 645 1116 478 23 1681 1181 1387 325 340 1560 1409 397 1028 1004 835 
minDistance: 4.87338
cost: 246014
capacity: 199317
time: 35305
maxTime: 60000
LS1: 37112/38461
LS2: 458/1349
LS3: 0/0
shakeIters: 866
shakeLoops: 82
