4.05839:739 4.30298:1263 4.31612:1410 4.42469:1735 4.43835:1866 4.49634:2861 4.4987:3160 4.52072:3465 4.52247:3624 4.60249:3989 4.61147:4077 4.62702:4218 4.6298:4404 4.63063:5574 4.71282:5867 4.71675:5953 4.73146:6021 4.73215:6125 4.7352:6185 4.77476:6284 4.78039:6432 4.78594:8014 4.7889:9810 4.81716:11801 4.82166:14221 4.83605:14392 4.84679:14498 4.86276:16595 
550 459 1541 990 1466 397 285 576 778 615 1912 276 421 1195 918 935 983 1513 821 69 1292 940 1409 1144 1743 837 1194 1131 1954 585 1090 1468 173 933 157 1002 1125 889 1501 1579 1106 384 325 1093 1682 1461 1862 1221 1909 136 310 1894 292 227 924 1316 50 1719 51 960 1078 72 1164 1970 727 693 881 944 1507 378 165 954 1219 1089 681 192 1550 1191 81 346 1037 1590 1073 1959 1019 59 534 1273 575 768 450 1028 1631 683 1594 164 911 614 1385 1796 1172 794 1223 31 1829 1126 801 1100 720 130 1151 1333 74 284 1463 170 1274 1408 2000 383 1444 1227 630 1190 920 160 1901 1495 897 353 635 669 108 1160 456 1852 322 1050 232 154 511 985 871 238 1786 1985 1865 1736 1675 478 504 114 58 219 16 1856 1187 1412 1739 1937 637 23 1359 119 1657 1910 1268 259 1656 1943 1996 341 1416 1717 247 97 1314 1107 776 838 1802 1141 668 1516 1116 1291 467 269 1593 1486 1180 704 254 835 1405 1086 1666 849 663 1819 834 500 185 1716 1336 842 1042 1371 1659 1797 279 1609 60 441 135 606 464 1977 976 1328 244 645 626 1035 491 85 1272 1523 765 1155 1777 1011 455 698 1994 1143 1367 427 905 331 1097 957 938 1081 652 1407 1293 68 1788 771 234 1946 1304 1502 293 1213 1315 1091 1614 569 367 179 
minDistance: 4.86276
cost: 245945
capacity: 199267
time: 16595
maxTime: 60000
LS1: 35470/36784
LS2: 450/1314
LS3: 0/0
shakeIters: 836
shakeLoops: 81
