4.24778:1196 4.36557:1459 4.42469:1868 4.43835:2072 4.45022:2421 4.46482:2543 4.47541:2751 4.5267:2928 4.52684:6979 4.53192:7050 4.59368:7174 4.59701:7320 4.62681:7423 4.63777:7960 4.68824:13447 4.7352:13665 4.75422:14866 4.7889:14926 4.80709:15034 4.81716:16624 4.83883:27254 4.85864:27789 4.86953:28191 4.87338:28432 
614 370 1524 777 325 375 835 1367 1631 162 295 623 340 1580 1475 1054 133 1565 1299 68 1739 1130 1507 1194 48 293 737 450 765 878 1541 1106 755 756 534 1846 167 1593 776 705 458 358 1542 1523 310 279 1420 672 253 985 247 420 264 1056 1902 1126 575 1495 146 364 639 1200 921 414 1870 1886 509 1971 74 954 1390 227 1438 1042 1235 1570 1371 935 1091 1479 302 767 1720 849 1407 577 1442 1486 1004 488 1264 1304 1777 1810 1160 339 1217 1046 1736 165 897 1416 1749 22 1464 456 1314 649 172 789 1893 1819 1865 43 775 1223 1682 686 990 1719 1247 1059 66 395 1125 1617 584 574 1118 1657 641 1364 1534 164 500 1463 801 1888 1110 1579 601 333 1241 194 1032 58 930 938 828 379 941 1258 520 1213 1164 1190 1453 16 1933 1590 443 1387 1652 1354 727 764 1769 1972 1127 1744 82 285 445 114 431 341 1630 511 212 1620 1081 1517 920 1033 1374 1825 1935 1244 1454 170 653 1786 1821 1064 240 869 1107 944 625 1017 284 76 160 1155 918 1706 1097 1100 848 380 401 1667 1829 720 491 130 771 1681 334 1943 467 1575 881 924 1172 1855 1121 933 60 1513 821 244 476 1073 1509 1664 1502 794 1191 552 308 652 1988 23 409 923 1131 1823 1946 292 304 255 1894 834 845 1116 630 1368 136 31 1912 1089 1412 982 1562 510 412 1182 
minDistance: 4.87338
cost: 241651
capacity: 199163
time: 28432
maxTime: 60000
LS1: 35225/36660
LS2: 639/1435
LS3: 0/0
shakeIters: 772
shakeLoops: 73
