4.14292:968 4.2412:1227 4.45022:2028 4.46482:2107 4.50736:2477 4.52135:2559 4.56049:2738 4.60249:4298 4.65075:4519 4.70133:4803 4.70465:4877 4.76077:5083 4.78039:5248 4.80526:5337 4.81397:6458 4.81617:6521 4.83908:8770 4.86853:8941 4.86953:9006 4.87149:9059 4.87338:16770 4.87874:17294 4.89542:17350 4.89838:19553 4.89855:25344 4.90474:25736 4.93632:31561 4.93784:33896 4.9721:39936 4.98537:41349 4.99582:57280 5.00519:57386 5.01641:58072 
1565 85 380 179 954 1261 367 801 1943 652 359 1954 1609 1868 1358 502 307 1666 1160 511 375 115 630 601 1031 1176 248 1659 165 1545 1324 1315 284 396 1194 828 936 584 1810 986 720 401 777 488 1464 771 1502 1125 985 1952 255 1786 1310 709 865 1035 1244 1493 1542 325 1475 807 80 357 1749 198 346 1682 1067 215 1267 1590 729 425 176 1796 58 1756 1910 890 577 1193 674 89 509 1219 1662 340 1617 1478 614 672 1785 92 1248 1360 111 1455 37 849 1097 1614 1495 1479 1164 1886 1516 467 1004 1616 1536 1144 924 1273 68 1155 645 1386 1509 877 897 1928 1560 727 1365 563 500 1692 534 264 192 637 959 1523 295 1003 1333 933 837 60 829 67 238 932 1172 1788 1391 1107 470 366 990 1583 322 172 1631 1084 1412 1106 1032 1935 1043 170 705 1579 1072 726 1657 1593 296 445 737 1556 918 1073 1393 1681 1541 1453 1743 668 1658 1802 1912 371 1101 244 1213 1630 976 1855 874 1894 1586 236 1625 226 253 738 1875 16 1486 310 1142 1314 1830 421 286 983 1415 1584 1216 1946 539 794 247 74 279 450 671 492 341 1033 579 1019 283 431 800 395 1217 844 596 1846 789 848 1190 429 606 233 1899 1739 1230 88 1562 1130 1870 1091 1517 1865 821 842 662 504 938 1044 1702 944 905 1828 1255 1876 
minDistance: 5.01641
cost: 244888
capacity: 199155
time: 58072
maxTime: 60000
LS1: 36979/38338
LS2: 477/1359
LS3: 0/0
shakeIters: 849
shakeLoops: 80
