4.14197:1067 4.4126:2044 4.42469:2201 4.42919:2572 4.44696:2827 4.48602:3214 4.55227:3770 4.5917:3959 4.62681:4024 4.63541:4923 4.65381:5502 4.68764:5591 4.70133:6119 4.71282:6205 4.75422:6541 4.81397:6742 4.81788:7346 4.82184:7756 4.86276:7886 4.86783:8747 4.86853:9611 4.86953:14777 4.87149:18286 4.87338:18589 4.89542:23855 4.90061:28826 4.91479:48941 4.92702:50934 
1437 792 1131 396 985 441 1540 501 1590 1310 877 917 108 1761 252 502 1071 1682 1273 1946 527 234 782 334 944 1954 1053 1127 1579 488 1630 1011 751 74 1739 300 432 244 1328 1516 686 987 539 431 185 219 685 195 232 765 1017 626 1142 511 401 1144 483 1086 895 1985 412 778 420 128 1359 881 1410 1106 1194 672 491 1046 253 1275 1216 729 1846 1044 1172 121 859 1002 775 284 947 777 1594 1620 111 1060 904 295 397 247 1230 478 953 1719 1943 779 1032 1842 844 525 1213 990 1387 1703 1783 379 35 596 500 319 1028 983 88 16 162 845 960 254 621 139 677 1314 210 503 1003 322 1264 1155 1866 304 1062 1852 1786 1526 1760 1391 99 164 695 574 1119 1681 82 1799 476 1042 59 1829 1659 1107 712 969 1886 807 1283 821 1105 1749 532 58 1097 849 445 614 817 368 1177 1291 996 1912 1606 1573 60 447 238 662 787 1556 1513 1022 984 671 1495 410 1523 1248 606 1090 1541 933 1219 1035 1756 380 938 1475 1486 170 1130 1545 1600 835 279 1868 193 726 425 1464 1277 33 924 1237 115 801 1928 1865 371 1589 310 292 688 264 579 897 456 1542 534 737 1728 1631 834 1952 1123 1544 1315 1267 421 1580 1089 1959 172 1609 1994 165 1593 1329 1521 137 1084 693 357 1412 1610 
minDistance: 4.92702
cost: 246230
capacity: 199349
time: 50934
maxTime: 60000
LS1: 36247/37607
LS2: 478/1360
LS3: 0/0
shakeIters: 854
shakeLoops: 80
