3.86601:496 4.16386:1054 4.17577:1291 4.33162:1867 4.36557:1971 4.44483:2238 4.45022:2440 4.51904:2837 4.52247:3735 4.5267:3832 4.55659:8151 4.61639:8544 4.62066:8608 4.62681:8728 4.7352:8958 4.74766:9078 4.78039:9316 4.80086:11995 4.81397:34816 4.82151:37585 4.83291:38908 4.83605:38968 4.85492:41744 4.85864:41814 4.86783:44623 4.86853:45562 4.87338:47261 
431 928 896 1541 254 456 933 550 42 60 94 534 1194 1573 1630 450 244 15 323 614 693 412 1358 1478 1172 1479 255 1084 68 74 924 367 1409 1523 817 1794 709 1127 1625 1791 792 801 737 1943 944 1607 1858 1033 1316 219 1692 309 938 525 1217 164 369 519 209 789 1213 1652 1328 447 340 1819 1954 358 1073 976 574 1310 985 292 215 1550 507 165 1495 382 397 1786 445 842 1928 1783 392 1910 844 535 509 1042 1593 238 1028 727 765 1180 531 671 729 1017 23 52 1517 1273 1829 297 1584 375 236 524 630 285 1437 1579 16 1996 1391 130 1356 752 1299 637 1662 1114 1179 1367 1870 1580 1006 283 119 1054 677 346 626 1875 974 1164 109 1399 606 176 1542 1144 491 111 1263 635 108 1501 1393 1314 1590 1110 380 198 1034 905 279 1350 1048 1985 1154 389 1544 726 212 325 1828 1293 284 173 1719 1412 552 983 366 316 1647 1030 420 1155 1090 1241 897 470 554 1401 771 85 310 421 427 1461 429 179 953 684 1994 1749 1219 1492 1444 136 1486 1089 1190 1598 1902 777 415 1405 1223 1912 1476 22 391 1933 170 1003 1101 1631 668 1371 1091 1682 115 513 1271 990 1665 58 794 1565 1402 1515 1687 1659 504 1859 1342 1191 110 921 95 172 584 1094 488 1681 1160 500 849 1609 1227 1041 1509 1074 865 
minDistance: 4.87338
cost: 246723
capacity: 199189
time: 47261
maxTime: 60000
LS1: 33342/34738
LS2: 538/1396
LS3: 0/0
shakeIters: 831
shakeLoops: 80
