3.73862:235 4.07859:888 4.42469:1837 4.43513:1977 4.44483:2156 4.46482:2296 4.55187:2563 4.56111:2694 4.62966:4248 4.70133:4397 4.73146:4772 4.76557:5248 4.78039:6137 4.80086:6227 4.80747:6501 4.81397:13727 4.81716:14308 4.82166:18487 4.83291:22430 4.85066:26494 4.85719:27222 4.86276:28541 
1580 585 488 771 1575 1541 1308 1560 1101 23 1155 1100 982 1617 575 834 777 89 1328 1030 33 2 1116 596 1127 1893 334 1502 1598 491 1314 128 391 340 121 1675 1144 1565 1409 586 1053 1706 870 357 1191 1657 292 1609 1263 530 1678 625 1735 1479 1505 1407 1508 1398 933 552 450 1291 157 1700 82 1275 227 1412 568 184 1513 1223 60 414 1728 1630 68 1402 1719 1593 1579 773 983 1427 944 284 293 370 1461 445 240 800 1172 1866 672 601 938 1453 170 247 1227 1912 385 794 1659 58 192 1600 1035 1442 339 467 821 66 1342 1160 1507 1606 69 325 74 1910 421 1886 1515 1316 1438 1264 1472 1749 895 1500 693 789 986 1828 513 1333 1799 1073 16 345 1028 502 310 1329 924 1561 606 470 63 1590 173 922 639 297 431 527 964 1081 177 626 1819 630 776 737 1244 1994 1042 709 1542 412 1631 381 1516 1682 111 1951 1966 1003 253 211 1213 1401 270 1390 1985 1226 367 1448 652 835 1526 224 1017 164 456 1090 1190 130 12 985 1004 1037 905 117 41 1194 1359 380 918 1258 133 849 1089 500 358 1091 234 960 1781 420 1334 1062 1788 30 1219 1855 1954 47 1107 115 787 165 993 1164 1943 1054 1237 792 1777 1437 1760 1903 520 109 1232 1865 379 662 447 632 614 1739 1162 511 729 1645 801 371 1211 1666 401 574 1685 
minDistance: 4.86276
cost: 245692
capacity: 199250
time: 28541
maxTime: 60000
LS1: 38418/39789
LS2: 495/1371
LS3: 0/0
shakeIters: 854
shakeLoops: 81
