4.14197:1080 4.18673:1184 4.24913:1456 4.26901:1642 4.43835:2135 4.47208:2448 4.55659:2791 4.59022:3016 4.62681:3076 4.64758:4178 4.66256:4572 4.7352:4959 4.74766:6915 4.78039:7017 4.78894:11502 4.78962:11665 4.82136:11752 4.8493:12542 4.85173:12613 4.85492:13320 4.85864:13450 4.866:13579 4.86783:14977 4.86953:15089 4.87338:18412 4.88709:20989 4.90365:23032 4.90474:26408 
849 418 74 397 1594 1144 1799 1570 1852 88 685 1502 108 300 1093 794 1631 1464 1923 789 384 476 1756 60 1702 1657 445 1616 1523 539 953 1796 1630 244 1935 1275 1058 1176 1046 1749 1643 1100 1842 1913 985 693 1090 1468 577 378 1584 834 635 1542 933 751 689 1943 1683 1946 491 859 1544 1420 1084 684 1777 602 357 1933 918 37 420 530 289 1226 68 1625 292 976 401 172 2000 1161 1579 1213 164 232 1273 1268 279 247 777 821 1912 492 1255 1760 1442 1541 1060 579 33 1190 1073 1413 944 1606 437 136 515 1387 1486 720 1094 817 695 829 1899 128 737 1821 301 1868 1733 938 1230 1816 66 340 1659 645 1351 1645 1509 584 1865 525 1277 371 1495 1954 1829 284 111 1042 16 1360 450 1617 1675 1216 212 1626 1736 1620 441 5 801 1172 219 1369 22 1086 1719 1910 203 1329 1778 58 497 1107 1682 606 480 1517 1828 990 1785 1315 110 1856 249 1886 792 236 1797 1314 1786 1142 672 458 1267 1455 367 1536 1194 1359 355 447 1081 1589 170 303 534 1089 1044 1461 1070 1567 1938 1654 1513 1658 308 1032 1106 1959 1416 266 1876 427 1903 1687 1980 1003 1219 959 264 837 1710 1071 614 409 368 729 114 1105 421 178 1333 419 375 359 1478 500 1116 1678 1371 380 501 727 807 842 1996 396 782 1293 1248 1034 255 511 1985 652 
minDistance: 4.90474
cost: 245640
capacity: 199166
time: 26408
maxTime: 60000
LS1: 34813/36130
LS2: 482/1317
LS3: 0/0
shakeIters: 807
shakeLoops: 76
