4.16386:818 4.36557:1414 4.47992:2230 4.53192:2441 4.54567:2740 4.59261:3007 4.61485:3435 4.63859:3544 4.67014:3929 4.7352:4732 4.73558:6415 4.73886:6796 4.78594:7755 4.7889:10021 4.79995:17364 4.80275:19313 4.80526:20157 4.82166:33352 4.82252:39244 4.85066:45712 4.86276:55954 4.86853:58932 
478 115 164 1633 652 165 1513 1743 488 58 421 1521 615 637 160 1881 325 431 54 1786 1943 1372 109 295 95 1680 645 1788 1100 1081 234 1164 1565 1681 259 808 13 224 800 986 1815 286 1042 1631 1630 907 1316 15 626 1422 1033 136 383 1219 1997 552 954 771 713 1583 254 777 1446 642 397 1579 1933 1107 1954 1500 23 1304 1777 950 68 575 1946 985 1258 1666 1248 1116 1870 1453 1778 1509 1011 509 503 905 1590 705 297 529 78 1067 789 367 1151 750 1749 604 1951 379 1769 1717 198 1659 938 450 623 1703 1386 1190 232 1274 60 1439 1210 931 1350 1682 177 74 1342 984 153 1144 187 1156 1401 1736 924 779 170 1852 1293 361 1865 1476 1616 309 685 1223 1828 1760 987 340 792 606 1273 1089 863 1912 720 289 82 519 1994 1486 1478 1456 635 1523 1090 381 500 1461 490 1667 219 601 921 729 614 172 1263 1017 550 1977 933 111 247 1199 1002 412 266 1110 128 1054 1347 1719 944 1609 1819 1662 1019 1541 1542 558 1125 630 1971 476 1495 1155 727 238 627 173 492 1296 429 671 918 700 1358 178 511 86 284 467 1227 1593 110 157 821 1472 904 63 491 1817 293 414 865 1172 154 427 380 1516 1264 285 990 596 94 1315 1507 1106 1101 1351 1576 1745 420 1314 1893 1664 248 725 1292 1160 1091 1844 1412 227 1275 1705 1290 801 
minDistance: 4.86853
cost: 242406
capacity: 199279
time: 58932
maxTime: 60000
LS1: 35349/36654
LS2: 507/1305
LS3: 0/0
shakeIters: 776
shakeLoops: 74
