4.31493:1145 4.42469:1336 4.43835:1463 4.47992:2092 4.49873:2281 4.62066:2663 4.67014:3064 4.68824:3364 4.74766:3495 4.77476:5134 4.78594:5340 4.7889:5449 4.79995:6784 4.81716:6969 4.85066:7886 4.85492:9148 4.85864:15742 4.86783:16379 4.86953:33283 4.87234:59715 4.87338:59826 
1130 1985 585 40 849 1407 870 1659 1004 1022 771 530 1455 1903 1702 340 284 1771 15 1580 1131 1561 720 778 170 1372 164 1283 1144 1680 729 1165 85 1481 254 848 1310 433 828 1773 331 1368 468 1475 500 1035 794 921 68 513 1749 375 1155 1815 960 111 1575 724 1333 824 1886 1819 574 983 1630 192 1091 1154 1816 72 918 933 1579 1275 1796 1073 534 1352 395 1044 1972 671 114 253 1741 1216 456 1003 938 1996 1367 924 509 309 1699 464 1856 334 384 1360 1881 976 632 1988 1084 1180 1416 215 665 1829 1865 636 1195 1541 1726 1203 1943 1437 247 478 835 1219 1002 193 673 575 845 80 1314 16 60 1090 935 756 1719 108 777 905 450 1754 35 1486 63 1226 652 1473 414 982 1952 1199 1059 74 325 110 502 48 269 1039 1160 940 1273 990 1264 310 1315 1107 1666 1191 1728 380 467 1037 1227 1959 371 1106 1162 1398 302 412 437 209 23 596 1213 234 803 1369 821 184 1802 944 22 128 1902 1010 834 704 172 1126 321 630 614 1164 447 1508 1912 672 737 1420 409 1888 1461 1951 511 1954 1211 264 932 1328 1590 1997 130 165 1777 1223 1172 1855 119 1807 1067 1573 1700 357 1442 1631 742 1500 1412 300 1097 663 773 1910 1291 339 1089 370 801 1453 1589 1799 854 1593 1513 1194 1620 1502 1042 
minDistance: 4.87338
cost: 244728
capacity: 199154
time: 59826
maxTime: 60000
LS1: 38315/39650
LS2: 397/1335
LS3: 0/0
shakeIters: 917
shakeLoops: 89
