4.27273:1174 4.40924:1534 4.4121:1623 4.43253:2635 4.43836:2739 4.43996:2825 4.45022:2987 4.46841:3690 4.52247:3871 4.54279:3955 4.5917:4053 4.61639:4274 4.71675:4892 4.74766:5752 4.76669:5958 4.78039:6013 4.7889:6315 4.80526:7100 4.81716:8787 4.81788:15213 4.82166:15278 4.83619:17251 4.84679:19270 4.87149:20048 4.87338:28678 4.87912:29174 4.88539:29269 4.88709:30467 4.89542:32216 4.91159:32374 4.94549:38861 4.9586:39070 4.96281:39296 4.98874:41156 4.98904:43507 5.00519:44215 5.01641:51944 5.0226:60001 
1359 1230 1130 170 1855 1581 1101 57 1799 1203 1682 1726 441 172 1226 1912 1044 953 334 378 1195 23 52 380 85 801 849 771 122 720 1790 1193 1369 114 1943 986 1935 480 1264 1072 209 845 219 1659 492 782 1515 331 936 709 233 1288 16 1680 502 1593 1131 81 1177 1155 1924 1580 904 176 301 932 1700 395 530 279 43 569 295 162 379 253 1106 421 1412 1043 1997 1475 60 1107 1310 1364 878 1865 1952 82 30 1817 817 1816 1403 1586 1219 456 889 432 1211 1560 1946 604 1017 778 66 1387 990 944 414 1828 794 1059 1678 68 500 1002 1486 842 639 236 1090 1702 1590 1786 652 848 834 470 1777 152 1461 450 671 1071 285 1455 1994 933 1329 1720 1089 705 1703 821 459 1630 392 1791 1565 1933 1420 89 606 835 991 1314 983 357 645 1091 264 1004 1579 86 1739 1277 412 1815 1573 984 947 520 1351 1881 1144 625 928 704 1625 1200 1162 341 1862 800 168 509 792 58 985 158 1620 684 729 1010 474 1199 366 100 672 1894 1190 340 1589 1631 1699 737 959 1928 511 247 954 1386 1094 108 111 447 310 1692 636 776 1575 938 1609 37 614 1164 753 1194 1868 133 1216 410 534 1191 1749 74 1367 1172 924 1127 244 1583 130 1035 325 488 1478 1213 1097 478 1057 673 1875 1542 1954 401 
minDistance: 5.0226
cost: 246024
capacity: 199190
time: 60001
maxTime: 60000
LS1: 37098/38413
LS2: 384/1315
LS3: 0/0
shakeIters: 893
shakeLoops: 82
