4.17126:1104 4.26094:1384 4.29129:1463 4.41298:1730 4.42853:1926 4.48505:2593 4.49696:2764 4.50284:2898 4.54554:3078 4.61413:3302 4.61604:3876 4.62144:5196 4.63371:5284 4.63438:5378 4.65411:6065 4.66552:6305 4.66685:6893 4.70522:7098 4.7368:7401 4.75814:7763 4.76144:10861 4.76178:10943 4.77013:12291 4.78201:14968 4.82053:15246 4.82221:19289 4.82225:23238 
13 1149 1479 954 1143 1384 1463 1048 556 1819 621 573 165 1791 1802 1226 1814 185 10 665 1801 370 500 41 1586 161 550 179 1391 1870 1414 1291 709 1542 1575 367 78 112 1073 1652 74 254 1221 1646 1413 844 1328 119 1975 1426 1643 1731 427 1100 1977 452 999 632 984 554 991 1530 1273 193 219 574 615 357 325 1495 737 617 1105 315 1427 529 1614 918 198 1314 1855 53 420 1912 1409 1790 371 341 1886 256 313 1656 50 929 1833 668 38 1049 354 1205 1225 397 875 1429 1145 164 247 252 1342 1190 539 1739 204 122 1630 1828 720 708 406 726 408 1536 1130 212 989 33 1243 467 1110 153 1561 1371 672 1994 5 1456 227 1092 1002 61 480 1476 1835 684 1954 976 66 1088 1768 933 1560 953 916 1680 1815 276 100 81 1742 829 248 1098 1335 1267 1158 1786 630 429 1097 1647 1255 1386 552 778 240 1106 210 1380 40 1562 488 1799 1826 1446 1704 1029 1140 1261 1358 963 961 1509 1582 1584 928 1379 137 1971 251 1878 1822 262 751 1952 926 1703 287 1179 828 1988 1183 189 1250 1003 577 917 35 795 359 1438 532 1187 460 298 642 124 1333 255 1351 425 527 798 1350 534 1019 1264 1904 129 12 1023 304 907 1466 782 1453 1625 80 689 1535 266 316 715 658 1012 1817 614 96 1412 63 1649 583 1687 1416 1620 55 1067 729 
minDistance: 4.82225
cost: 241048
capacity: 199197
time: 23238
maxTime: 60000
LS1: 34048/35303
LS2: 407/1255
LS3: 0/0
shakeIters: 821
shakeLoops: 76
