4.3705:1460 4.41298:1670 4.49444:2116 4.54871:2351 4.62144:2671 4.63371:2835 4.63708:3279 4.63962:3367 4.65072:3479 4.6539:4471 4.66578:4724 4.70277:5391 4.72951:5827 4.74266:7821 4.74974:7957 4.75814:8071 4.7657:10586 4.77013:10756 4.7859:11656 4.78705:12604 4.79537:12724 4.79889:15233 4.80846:17657 4.82053:24945 4.82221:41682 4.82225:50357 4.826:56033 4.84798:59535 
47 49 1978 112 756 374 1273 1562 1106 1894 646 227 686 1311 1620 672 325 78 583 303 1226 877 1528 520 66 873 284 1977 1530 865 1476 122 923 863 1645 219 1771 1002 1463 13 1012 1426 541 1456 425 247 1495 357 262 918 30 1453 370 1302 1144 1062 665 160 926 1822 1700 1784 1708 812 1862 392 1371 645 838 630 1436 1118 1446 198 574 443 1143 1594 1788 1656 1782 529 459 1799 1647 95 528 751 1412 709 1739 1288 720 1970 38 1275 397 1092 552 304 264 1266 715 1466 467 903 534 806 569 128 59 638 1119 1330 778 224 626 491 1080 1199 41 33 916 254 1140 189 917 632 237 1416 1870 1897 63 1490 1394 1247 842 474 85 449 350 1379 1577 169 614 1427 1384 1303 331 1631 737 653 1610 1364 89 234 1808 214 726 1706 1167 1413 1314 161 928 1785 556 1024 12 573 1878 1536 1122 80 492 1582 137 130 1417 1952 1454 16 165 1151 944 963 1667 1731 429 1263 1585 61 1401 804 1190 60 238 727 1954 74 907 1233 1053 782 527 1073 1904 834 1833 1098 2 420 1634 1875 712 1804 1678 1632 1828 934 427 100 1966 875 1028 1727 796 1409 829 1643 708 567 406 1874 1742 550 775 1158 1801 119 1262 1933 1110 1439 1267 1886 1565 341 354 628 1309 252 1090 1861 1391 1179 1915 1051 1346 640 1250 480 176 172 1084 1601 1022 1130 251 248 1600 
minDistance: 4.84798
cost: 248053
capacity: 199190
time: 59535
maxTime: 60000
LS1: 32053/33443
LS2: 665/1390
LS3: 0/0
shakeIters: 697
shakeLoops: 66
