4.17927:1218 4.18312:1295 4.36394:1705 4.36754:1853 4.37254:1975 4.41298:2209 4.42853:2345 4.51046:2687 4.511:2791 4.5141:2935 4.5315:3103 4.53595:3533 4.61613:3882 4.63074:4166 4.63438:4607 4.63697:4943 4.63708:5282 4.69012:6156 4.70178:6216 4.70289:6455 4.70336:6628 4.70868:7373 4.75959:8319 4.78403:8503 4.78639:9507 4.78803:11622 4.79407:11744 4.79537:12582 4.80846:12774 4.82053:14988 4.82221:21253 4.84901:32892 4.8579:34269 4.86106:38329 4.87423:46941 
1106 907 206 693 1488 958 95 928 1051 726 161 583 153 160 628 1507 251 204 641 1655 1537 1350 1305 1438 243 1978 1059 1092 989 1817 1926 1140 1306 1773 1799 55 1243 189 172 1645 1227 331 16 1012 420 1634 1476 1154 429 264 573 1894 673 41 663 1985 507 1822 1861 292 976 284 1943 1179 1463 630 1080 567 897 30 66 1886 1727 1127 556 532 1221 1195 381 1155 1858 782 1396 636 1977 879 1456 198 1412 130 1199 916 1814 316 1602 1177 1207 1468 715 1571 828 498 984 1095 309 1928 425 1426 772 1562 713 941 488 1764 1954 1912 1584 923 1917 179 228 969 1098 1797 1561 534 100 1875 596 358 1264 446 1631 708 817 431 1785 397 185 493 1226 304 778 1695 627 427 112 658 1783 33 350 1466 668 1710 1455 1874 1810 1828 1267 1200 982 1126 737 378 1172 1896 442 176 1143 474 1315 1053 1187 869 1317 574 1446 654 1643 406 626 1808 1002 1630 1647 227 1417 1162 1164 80 520 253 1528 119 1786 1346 1453 936 720 165 1506 1073 1581 1283 1536 168 389 1530 238 1554 1211 215 12 1687 773 254 751 1731 1684 672 325 1698 1904 1478 1735 597 1372 1208 1371 1029 961 1117 1213 877 1623 1386 1119 1739 508 1118 727 74 1376 1644 460 347 193 665 895 1461 771 1888 802 137 1314 1093 1479 550 1380 1413 128 1745 1409 1801 1401 1084 933 432 
minDistance: 4.87423
cost: 240787
capacity: 199274
time: 46941
maxTime: 60000
LS1: 34561/35822
LS2: 385/1261
LS3: 0/0
shakeIters: 841
shakeLoops: 78
