4.29129:1162 4.55494:1810 4.57303:1997 4.57701:2560 4.57777:3102 4.60363:3317 4.63438:3426 4.63708:3727 4.65737:3949 4.66685:4028 4.67845:12443 4.70657:12627 4.74718:13154 4.75959:13565 4.76178:16958 4.76938:17632 4.77013:18295 4.78105:20225 4.78144:20296 4.78201:20542 4.78403:22714 4.78563:23250 4.78603:23979 4.78639:29534 4.79537:31986 4.81748:32040 4.81809:35267 4.82053:36085 4.826:36335 4.82889:41517 4.84289:41812 
1264 641 1624 262 100 1412 468 460 991 918 1561 707 389 1190 437 801 1067 550 1688 1409 1841 427 1145 161 189 1507 1371 647 1380 651 122 1213 1894 1014 1817 1358 1153 379 1886 432 1199 1468 1645 1874 668 1788 684 234 1140 325 1784 1454 240 1399 1024 1437 1247 1243 1702 686 1799 449 421 646 199 596 66 1565 528 708 771 306 1686 829 720 67 1012 187 198 1461 1379 264 727 712 1051 1095 1466 844 474 55 1536 1600 1782 215 160 247 630 715 670 1314 128 963 254 1593 488 1997 397 1821 1004 627 42 179 60 1271 924 1953 713 737 583 304 1143 907 1954 1182 1631 527 1904 796 30 406 297 284 1255 1429 1194 709 227 1350 1058 1455 166 238 1333 1098 1836 1187 1002 1084 1773 1802 119 1801 953 429 552 723 904 497 165 1662 1073 1372 1846 1119 12 529 503 944 185 672 673 726 82 1703 1902 778 1413 1493 295 842 1822 1453 1678 1351 1972 1814 1394 1041 334 1474 203 934 532 1642 1745 1207 316 443 1458 1899 331 895 53 665 933 1092 153 1819 961 1855 358 917 1391 16 729 1221 838 431 425 1071 1172 1951 475 1502 638 1529 1450 1509 439 1647 865 456 626 897 47 74 80 396 1623 589 1917 255 1893 350 96 1739 1560 749 1426 947 41 1438 1118 1828 984 1446 1915 1723 1535 108 782 
minDistance: 4.84289
cost: 248475
capacity: 199216
time: 41812
maxTime: 60000
LS1: 34969/36232
LS2: 396/1263
LS3: 0/0
shakeIters: 836
shakeLoops: 76
