4.23114:1127 4.26094:1511 4.41298:2174 4.45059:2475 4.53079:3154 4.53595:3584 4.55494:3693 4.57303:3813 4.6312:4097 4.63697:5730 4.63708:6055 4.65072:7055 4.70277:7221 4.70868:7330 4.73376:8281 4.74095:8825 4.76178:8959 4.77013:9154 4.78639:13097 4.78705:14531 4.79407:14691 4.79537:16870 4.79856:35279 4.79889:39907 4.82053:40653 4.82221:46974 4.82225:56189 
1056 446 1577 1870 1647 1199 1095 429 1605 425 224 1409 1739 1846 1437 1861 1585 443 842 1416 1126 1130 1012 1436 480 630 918 1874 1833 1773 256 189 1835 907 1524 1645 509 615 917 1429 720 1266 573 1314 306 737 1926 944 185 378 1891 1144 806 191 164 1473 1230 1267 1786 1456 304 1802 963 1250 1631 1117 1364 74 1904 22 1426 119 192 357 597 897 1822 903 1915 1098 1262 1420 628 16 66 227 778 567 1495 371 1985 165 1414 1412 1785 534 928 212 234 528 1601 1727 367 1466 1862 1821 1275 529 1709 1401 583 325 1041 1208 1283 1154 933 35 255 550 1278 751 123 1359 1855 12 215 437 1131 1594 1817 645 1342 89 303 491 1954 574 1149 1002 226 779 483 298 85 1158 1378 668 1777 179 1600 309 841 1655 1273 161 795 934 1226 1264 715 254 1561 341 672 490 1442 1463 1384 1790 134 1643 354 1187 1698 1453 370 251 406 47 947 1415 264 1803 1506 1742 340 1330 916 1028 316 1200 508 1513 500 33 247 1988 695 1623 1476 1479 1667 527 1560 1255 1626 984 1023 1745 1140 1804 1379 459 1119 315 1051 1782 78 834 1488 1238 627 1977 1735 811 552 420 1446 30 1801 1788 665 1784 1391 1087 1143 219 879 708 1536 1106 240 49 1565 331 460 1703 1179 233 1562 166 782 1390 1486 1413 454 252 282 1207 1309 427 1799 865 646 991 
minDistance: 4.82225
cost: 247165
capacity: 199186
time: 56189
maxTime: 60000
LS1: 35230/36483
LS2: 417/1253
LS3: 0/0
shakeIters: 809
shakeLoops: 77
