4.31246:1428 4.37611:1702 4.51082:2158 4.511:2254 4.52194:2925 4.54534:3026 4.54871:3234 4.55494:3586 4.58474:4199 4.61719:4830 4.63708:6804 4.65727:8672 4.66552:9638 4.70947:10921 4.72792:12996 4.74741:13106 4.76178:16972 4.78331:17226 4.78563:17282 4.78603:17543 4.79537:17715 4.82053:37510 4.82221:37815 4.826:50126 4.83187:50180 4.84357:50296 4.84878:50940 4.8579:51669 4.8581:52440 
84 1836 5 1703 1609 1642 244 982 1978 800 1207 630 1650 1145 1393 961 1311 532 1817 160 483 1985 1364 1917 1342 1562 801 1350 30 1822 1255 708 1208 1971 1434 673 1328 1645 672 1154 684 1442 963 1059 1371 1365 621 1842 1742 227 509 1097 1727 1513 534 1160 1466 264 12 933 1542 234 665 215 467 304 999 1012 165 821 996 1700 108 1335 1003 1782 1264 1179 1153 459 1688 977 1333 2 1162 1092 47 1275 1886 35 969 1446 1356 74 1453 284 693 1649 1273 574 122 269 695 527 1227 1029 1015 773 1147 1685 705 1861 260 1409 775 924 1177 1502 1509 907 309 1896 238 1888 1106 1205 1629 748 1828 254 1739 1247 1413 737 1369 1314 1529 1902 420 1199 1124 503 189 1495 1384 80 445 720 756 443 374 916 1687 1620 1634 1802 316 341 1839 976 1926 520 1100 137 488 1243 729 1735 1561 1237 991 879 1577 1091 865 119 615 255 1647 55 1002 1358 1226 1875 357 1801 1221 782 491 583 474 223 53 853 1098 828 446 726 727 1581 1954 178 582 1058 1118 1306 1646 370 1155 1416 1078 573 1267 27 1379 1024 618 325 867 354 707 176 921 196 306 778 1067 33 1009 817 1458 78 1507 112 1084 347 1501 1140 793 1698 20 1073 1386 1368 1789 1412 367 1143 125 1429 1575 614 713 475 1438 1915 427 1119 918 1095 838 161 715 429 1427 
minDistance: 4.8581
cost: 245785
capacity: 199388
time: 52440
maxTime: 60000
LS1: 36993/38302
LS2: 390/1309
LS3: 0/0
shakeIters: 890
shakeLoops: 82
