3.99559:793 4.09296:1047 4.26398:1580 4.36368:1901 4.36727:2026 4.45059:2252 4.45226:2733 4.46561:2945 4.511:3161 4.51778:3411 4.55113:4293 4.57303:4450 4.57509:4505 4.63962:4612 4.6798:4761 4.72951:7427 4.75814:7527 4.78201:9090 4.79537:10680 4.80629:11474 4.80846:12297 4.82053:13680 4.82225:38168 4.826:44333 4.84798:50553 
1808 500 737 1092 529 687 963 614 1366 1466 193 1358 775 1784 854 693 1028 1562 264 842 1369 1293 1053 262 1107 1012 844 1463 1226 1454 254 210 1817 641 1735 1761 1495 1180 192 432 1024 640 583 672 1149 1423 1647 1506 829 1597 80 480 30 497 16 309 13 550 1356 552 1634 658 1106 427 1561 53 1346 800 252 534 1391 488 253 1199 1915 792 1084 1917 928 1063 66 1912 1278 1002 1087 140 860 875 1828 1384 1508 1875 1935 1166 532 1874 1799 668 920 596 1126 1182 1017 420 165 166 1420 503 2 1994 1582 1985 292 483 421 1802 834 573 949 370 1417 456 1950 287 665 341 933 1414 944 1894 3 520 172 646 1158 1586 947 1702 55 873 1145 1700 917 1790 1442 146 1865 74 1801 1190 1309 1610 1858 918 1631 490 556 888 1051 69 460 1119 1822 1179 1372 1041 499 1172 429 282 961 567 1680 35 811 450 1656 1273 176 357 247 194 756 1842 709 1575 189 535 1577 1888 1098 1856 1205 723 1446 504 1596 563 203 95 1537 121 1314 1590 782 445 1650 940 713 243 720 1311 1015 1834 1401 304 1364 1154 1698 1412 1810 63 467 148 1350 726 1667 227 1846 1061 1536 1574 555 727 751 226 340 85 708 1785 1304 1143 575 916 801 78 234 527 1954 1460 1997 1479 1502 1034 1263 1288 1630 796 1267 1886 1533 574 1966 1221 958 1645 615 331 
minDistance: 4.84798
cost: 243099
capacity: 199310
time: 50553
maxTime: 60000
LS1: 32957/34332
LS2: 604/1375
LS3: 0/0
shakeIters: 746
shakeLoops: 72
