4.03422:870 4.04852:1197 4.25349:1727 4.37768:2166 4.42916:2349 4.48379:2778 4.49046:2970 4.49696:3318 4.60783:3661 4.63962:4032 4.64041:4142 4.64183:4259 4.65072:4335 4.69012:4443 4.69581:4512 4.70277:4671 4.70657:5634 4.74246:5804 4.75959:6210 4.77013:7180 4.7859:7279 4.78639:7333 4.79537:8868 4.81748:9706 4.81809:13925 4.82221:14647 4.82225:25565 4.84798:25630 4.84878:59399 
1455 873 176 1369 397 641 467 1273 1113 1474 255 796 1144 33 1439 1788 1412 1594 982 1311 1153 1084 1773 1277 804 532 1975 1255 100 1379 1479 737 1542 1528 630 707 1267 1977 247 55 1409 1842 1735 1243 173 991 1745 1896 1446 1073 1358 928 1346 414 1314 800 1320 782 727 675 1624 1530 1634 838 775 350 306 1895 480 204 1264 596 684 1830 1978 853 284 1739 1828 359 1610 1803 357 1158 1262 801 590 420 1657 1436 1626 879 1577 1804 921 1466 1182 1012 41 726 427 712 212 309 715 904 1614 128 850 668 869 160 1371 577 1822 60 1024 1028 435 995 80 1801 370 1602 1227 1631 1106 708 1846 1194 933 87 358 1121 497 720 38 1554 1649 252 984 266 474 1408 66 1172 1263 1902 751 1093 483 1643 1875 168 460 1458 1187 934 224 729 1023 755 776 574 665 16 709 1092 963 844 1143 672 1200 615 1954 1359 119 1585 550 1647 916 429 1855 166 262 1342 1456 1164 1208 1731 282 443 1300 238 237 1178 552 583 621 1063 74 423 1413 340 293 47 658 1401 1372 1087 189 316 1053 1259 1347 1903 78 1140 973 1561 1904 179 1915 1056 1782 67 12 227 1839 1817 944 888 1667 567 203 1678 1453 341 30 1874 527 1852 1698 88 1783 1509 627 1059 254 192 1632 161 331 1096 1118 1495 390 1154 1226 1463 1380 1238 1926 1575 1596 1601 165 1813 1098 1785 749 
minDistance: 4.84878
cost: 242804
capacity: 199273
time: 59399
maxTime: 60000
LS1: 34014/35289
LS2: 478/1275
LS3: 0/0
shakeIters: 768
shakeLoops: 73
