4.04852:748 4.511:2083 4.54363:2270 4.55194:3409 4.60199:3708 4.61719:4200 4.62284:4423 4.63708:4549 4.70178:4843 4.70868:5941 4.72678:6101 4.73143:6879 4.73962:8236 4.75688:8645 4.75814:9724 4.75959:9900 4.76178:9966 4.77013:10089 4.77031:10783 4.78201:12546 4.7859:12600 4.81809:30801 
1799 165 574 1267 1575 1710 1473 1561 512 875 1199 778 421 1384 112 963 527 1412 454 665 1143 155 82 161 685 720 897 1149 1183 30 1656 933 341 95 60 1529 708 663 508 301 1227 219 1698 755 1144 1427 1717 1273 1350 1833 1849 1861 1782 1627 306 66 490 1190 1342 480 1291 1952 1795 1802 374 1095 1632 196 193 1438 350 172 928 1098 1436 252 556 253 737 89 35 1977 1988 1158 437 630 1645 1107 976 47 1742 583 1356 582 1479 392 858 551 1429 69 1117 1822 1735 1825 982 1620 1668 713 80 1446 209 1409 788 331 825 1915 420 793 1934 677 801 743 1966 751 247 1194 1369 1814 264 1426 1855 243 1003 20 1391 1401 459 1179 41 729 81 254 1781 1154 645 1119 68 1226 74 1891 1002 879 309 1371 1801 483 1481 1678 354 1328 367 1238 499 1646 1570 1187 1413 1626 54 1509 672 1739 1017 1275 1333 534 232 1364 189 1571 1507 1063 1454 84 1072 1439 176 572 1912 1600 1051 1106 233 918 702 821 1655 215 1358 550 1680 55 52 614 1034 1852 1417 1687 227 370 771 503 397 1950 916 954 617 1081 497 38 1278 899 804 1242 1127 1277 240 844 184 429 1526 128 33 427 1140 1835 782 773 1311 996 1810 357 907 474 1314 445 845 1601 1596 573 1761 123 1666 1182 479 1213 304 1073 308 1631 1478 119 325 715 
minDistance: 4.81809
cost: 251354
capacity: 199153
time: 30801
maxTime: 60000
LS1: 36571/37892
LS2: 403/1321
LS3: 0/0
shakeIters: 896
shakeLoops: 86
