3.74799:314 4.26986:1296 4.55522:1803 4.57777:1890 4.58474:2243 4.59058:2560 4.60363:2652 4.63708:3523 4.65072:3662 4.6802:4235 4.70178:7495 4.70336:8473 4.70947:9095 4.71669:11101 4.74718:11318 4.75814:12192 4.78705:14546 4.79537:23458 4.82053:24548 
744 1623 1977 204 596 1437 1121 1536 357 455 292 1561 672 1495 1739 1966 1084 1828 690 284 1273 325 1596 1199 1634 1556 1878 576 173 944 179 702 1333 794 1314 406 1267 295 192 30 1835 963 12 1179 1360 520 1915 350 917 1226 1585 645 1053 1678 1582 532 304 1187 1801 1463 425 27 1012 1479 1427 1417 60 686 941 582 1971 427 653 1817 1822 800 550 776 727 552 1028 759 1799 529 1295 1454 751 1446 1620 1552 1100 1630 1442 503 916 1473 113 1926 1030 1645 449 1898 1221 1486 683 122 1524 262 1894 1426 420 1903 1767 573 1086 1029 488 782 574 693 1364 1384 1328 1994 1526 1764 255 976 1401 456 166 376 534 712 825 1565 161 1464 64 1118 953 354 1680 1913 999 861 55 778 247 1017 374 1379 604 1213 737 1303 984 1403 119 1810 1933 479 1380 1656 708 1749 297 1190 397 948 468 1813 74 497 1284 10 1182 519 1667 670 1346 335 1264 709 713 68 1234 1542 1601 715 773 1912 1904 185 1886 958 1575 1409 1204 1255 933 1371 240 1140 20 1833 77 437 1143 1901 421 521 367 901 1466 123 1560 646 1786 1386 429 897 844 665 846 1577 1002 1731 128 1305 1742 66 38 1893 1172 89 1698 1997 1230 626 1562 1644 508 445 1277 1846 355 266 1720 527 1899 720 1954 165 1106 172 614 227 907 1051 499 78 309 1802 1453 1554 1530 667 1300 1808 1850 306 
minDistance: 4.82053
cost: 246391
capacity: 199204
time: 24548
maxTime: 60000
LS1: 33902/35187
LS2: 531/1285
LS3: 0/0
shakeIters: 735
shakeLoops: 69
