4.24501:1064 4.3705:1465 4.41871:1823 4.49046:2226 4.49696:2460 4.5315:2747 4.55194:3937 4.55577:4020 4.61413:4359 4.61604:4448 4.63708:4655 4.65618:5411 4.66552:5615 4.66578:6036 4.66729:6165 4.70947:8345 4.73143:11665 4.73376:11863 4.75814:13410 4.76144:13659 4.78201:13811 4.78639:14357 4.78705:14444 4.78803:14882 4.79896:15120 4.80846:15327 4.82053:15451 4.82221:16404 4.84289:19289 4.8581:25132 4.86106:28231 4.8802:35827 4.8846:36898 
1119 1371 828 984 1307 160 801 1440 665 176 1301 1384 1954 74 708 1935 1731 1273 421 865 933 614 88 568 1087 304 1266 1182 1912 49 961 350 378 673 636 1179 953 237 1678 918 1542 1012 191 1466 958 1842 1160 474 1895 172 1855 284 488 589 1208 1507 1875 1131 722 1739 454 161 16 1017 1130 737 1446 1453 1631 1886 446 12 193 1306 727 924 1463 1764 1121 331 982 715 1360 1227 1117 1799 792 941 8 563 1372 47 577 1597 1810 1530 1162 1915 100 928 459 1151 1271 1509 1429 1512 534 1438 1356 1450 1561 713 850 397 630 1143 500 219 882 641 1975 1107 1367 574 1317 112 1003 1585 480 445 1821 645 1735 442 427 1390 1456 137 1295 1451 1742 468 1093 796 707 1755 1645 297 1801 23 1502 1575 1417 1095 782 1647 1030 1427 1333 756 1024 493 863 1856 1080 1562 1650 264 1230 1228 60 1702 1002 1894 916 189 371 198 1479 787 357 411 553 69 1536 1267 1632 1147 1822 1226 1187 1084 292 392 227 194 1889 886 1140 1528 234 316 75 1571 628 1118 1649 1706 467 66 214 550 425 432 243 1154 278 1350 166 33 1329 238 1897 1051 897 775 675 122 1177 1874 80 1634 934 1041 527 14 1703 1817 1106 921 420 13 1710 1409 1145 254 1199 460 1127 185 119 503 1282 672 1110 1791 1027 1098 1535 1221 1783 687 497 1320 253 1888 1620 443 773 483 370 1495 
minDistance: 4.8846
cost: 243748
capacity: 199157
time: 36898
maxTime: 60000
LS1: 31993/33347
LS2: 641/1354
LS3: 0/0
shakeIters: 680
shakeLoops: 62
