4.15212:1004 4.35337:1706 4.46568:2237 4.48656:2498 4.61413:2932 4.63962:3221 4.70178:3706 4.70277:3775 4.72544:5037 4.75814:7738 4.75959:8196 4.78403:9007 4.78563:10048 4.79537:10238 4.79889:12118 4.81809:14186 4.82053:16287 4.82221:16341 4.82225:19048 4.8602:19119 4.86106:27606 
1784 38 1380 189 788 1140 331 1495 628 212 325 357 574 630 1977 247 1509 1799 1463 1855 1255 627 1524 1413 355 647 1738 1678 297 1735 1520 527 1314 380 340 1059 1179 84 663 1002 596 1928 1386 1371 176 1593 1305 1194 1119 865 844 1153 869 425 916 921 1458 829 845 166 161 1098 354 429 1154 707 778 1768 1573 941 1704 1620 227 284 1647 47 254 1842 483 1028 33 1478 1187 1358 771 1826 1108 553 155 1577 341 427 1745 66 439 665 1576 1634 1053 1828 1024 907 1788 204 1415 30 1084 1199 119 1926 1130 16 684 1966 282 1727 214 897 1182 756 1667 1601 991 615 1350 1081 550 128 1975 1051 1311 264 1106 1561 1915 192 1221 1426 1610 1265 1585 1764 100 1118 976 1801 35 306 1329 1717 1912 1874 1247 1295 796 460 1095 262 1427 1058 1387 371 397 672 1264 503 1409 1474 1502 304 358 446 917 1529 1650 879 1342 961 1207 1782 651 431 1575 1554 1401 1917 934 1456 80 984 60 1151 509 702 1886 1131 1687 191 255 1739 947 148 521 443 1333 1710 1238 860 715 902 1267 165 1455 1586 1454 187 895 420 1841 1273 1453 1822 1536 1003 841 534 1012 1213 1759 474 1767 1282 967 488 1565 709 1143 74 1688 137 1800 1839 933 468 500 1263 782 1379 1642 573 1492 1446 727 583 123 569 1889 1097 800 963 720 1656 1954 1875 1902 1391 1645 
minDistance: 4.86106
cost: 243763
capacity: 199217
time: 27606
maxTime: 60000
LS1: 35553/36836
LS2: 436/1283
LS3: 0/0
shakeIters: 826
shakeLoops: 79
