4.04852:705 4.26094:1099 4.28846:1289 4.29129:1779 4.37624:2241 4.46568:3524 4.52194:3710 4.62019:4082 4.62142:5711 4.63708:5950 4.64183:10355 4.64247:10465 4.67896:13072 4.70336:14202 4.70947:16209 4.7368:18863 4.75814:19512 4.77013:19659 4.78563:23428 4.78603:23550 4.81809:24310 4.82053:26692 
553 312 176 134 1562 1264 1356 875 371 1097 1423 425 8 1924 193 1858 1151 1359 247 224 1817 1542 1977 1346 1997 921 1506 753 1649 1637 793 1700 128 1822 729 1739 1594 1140 226 331 1154 907 1409 1614 456 12 1328 858 1861 804 572 84 243 122 1034 948 954 1063 80 1118 279 1954 20 445 367 918 262 370 35 1804 1027 408 1731 1208 376 1243 720 66 916 446 374 1311 517 1512 817 663 567 429 1926 604 1616 1846 1799 440 1275 1374 1439 1417 60 1785 1801 284 707 179 1646 1530 334 801 1479 227 614 1119 1073 1250 1773 1569 1446 1314 521 713 49 709 373 354 879 569 406 192 1092 1306 357 420 1644 166 240 233 1706 1485 1012 1358 794 844 306 1106 1450 1513 1024 568 1782 252 1966 574 347 1828 999 1144 340 1575 798 234 751 160 1810 1155 421 74 527 1502 1093 982 640 708 550 802 1610 23 153 471 1277 1371 100 759 172 534 1463 1412 1751 1495 1886 1453 1051 1544 958 1226 1855 963 617 712 630 806 474 877 665 168 1839 1464 933 1426 1267 1100 253 1856 672 1130 1049 53 27 1440 282 1735 63 1466 459 1536 1834 1703 1436 1996 1307 119 615 1227 1678 1273 287 749 778 1131 1442 1561 1266 297 1002 1917 787 397 1084 626 30 1105 1630 944 1087 1401 304 721 68 2 1537 189 1429 800 1601 1509 1456 503 782 38 1342 427 1899 865 1143 1888 161 
minDistance: 4.82053
cost: 246737
capacity: 199167
time: 26692
maxTime: 60000
LS1: 31998/33360
LS2: 650/1362
LS3: 0/0
shakeIters: 690
shakeLoops: 64
