4.03422:784 4.25274:1600 4.3678:1985 4.3705:2115 4.37624:2257 4.48379:2877 4.52972:3074 4.54651:3341 4.57509:3428 4.61784:4024 4.65411:4385 4.66552:4672 4.66685:5166 4.66961:5247 4.70277:5400 4.70868:5810 4.70947:9021 4.74246:10089 4.74718:10171 4.75814:11380 4.76144:11502 4.78603:15609 4.79537:15898 4.7992:19011 4.81809:26482 4.82053:30811 4.82221:39394 
1835 1330 33 228 825 1437 1438 1933 429 1267 60 1106 954 1466 1814 166 420 737 508 713 1683 928 1600 1643 1585 947 727 1342 709 389 1495 1806 49 359 1928 1665 1118 253 1205 123 1833 252 933 341 1507 574 1143 1145 1446 1630 739 630 240 1903 1614 1524 74 1764 128 1950 421 984 304 215 1476 582 1492 433 480 801 1575 596 66 227 1440 5 617 295 1273 828 708 1561 1647 325 1158 196 1626 134 556 35 306 1012 907 1095 1935 534 1904 1372 170 1164 1119 875 160 1208 665 1381 189 367 1996 1574 1127 712 1781 1084 1412 1822 573 1801 122 680 1786 1710 1915 1773 512 1828 301 461 645 161 1179 1314 1632 397 1262 192 1506 729 1560 507 1463 1453 500 749 219 331 1623 1562 1666 243 1735 80 1913 427 1698 1597 1121 119 958 244 1582 1529 1540 1631 1002 672 445 16 1678 100 1371 191 247 1051 460 10 1090 1409 165 1019 256 1333 452 1144 1810 1003 529 1190 1442 804 917 179 924 1436 1799 85 1335 1329 1444 1804 1739 601 879 539 1634 408 720 187 30 251 583 1266 614 842 185 991 877 1526 520 316 715 425 262 254 1788 1087 1147 84 1771 280 1264 916 233 198 844 1359 493 1250 1727 641 193 918 1474 1817 1479 726 1172 1594 1105 1454 1421 1456 782 1912 1536 1708 1151 12 704 238 577 1413 224 1482 264 
minDistance: 4.82221
cost: 249378
capacity: 199294
time: 39394
maxTime: 60000
LS1: 34055/35323
LS2: 448/1268
LS3: 0/0
shakeIters: 793
shakeLoops: 75
