3.76285:444 4.24238:1521 4.41298:1984 4.49806:2205 4.57701:2508 4.57777:2578 4.63371:2934 4.65072:3070 4.69581:4142 4.70277:4336 4.70868:4442 4.78144:5924 4.78403:10810 4.7859:11027 4.82053:17652 4.82221:18363 4.826:30406 4.84289:36641 4.84878:52365 4.86106:52572 
406 38 1179 252 1680 1817 454 665 1003 1453 1333 1994 1997 172 123 1164 176 1822 161 1786 734 1474 1172 284 982 860 237 1346 166 1978 771 1100 1926 153 264 1117 1935 1509 1536 727 1243 1819 1594 1645 621 1971 397 947 1814 984 1461 1114 1247 844 1739 556 1056 1835 1810 1267 124 1667 946 550 710 27 1486 672 737 168 1773 226 1912 1084 1768 1178 726 1041 684 854 1656 1295 212 707 778 751 192 234 193 292 30 60 1626 1273 1530 1012 420 532 1226 606 1409 1513 1875 445 1053 1463 938 125 16 1801 1975 615 782 873 1412 749 224 708 616 358 577 1593 630 427 497 1107 1384 12 1804 1372 1655 1417 668 918 85 357 686 1358 1154 341 1828 759 1561 74 1825 895 380 1264 812 1444 325 191 715 583 845 953 304 1391 995 1049 437 916 1335 1643 958 1413 179 903 798 1874 1088 1143 493 421 551 1644 198 1261 443 626 1144 507 933 638 203 1283 1187 47 55 534 170 1182 729 316 641 865 1590 1685 687 460 1821 1585 128 1450 35 1473 333 66 574 1180 1456 350 165 1855 1894 597 539 253 1436 1977 1002 122 1954 1207 185 429 1597 1118 1238 753 1095 1106 446 1426 1870 1565 1314 720 1562 1442 227 238 1119 432 1478 693 1502 552 1799 1262 243 215 137 1506 1330 796 33 1359 1371 1464 1647 78 1199 425 1446 969 775 596 1731 
minDistance: 4.86106
cost: 243134
capacity: 199160
time: 52572
maxTime: 60000
LS1: 33380/34685
LS2: 560/1305
LS3: 0/0
shakeIters: 725
shakeLoops: 70
