4.46568:1686 4.48202:1909 4.51046:2283 4.52972:2484 4.55209:3871 4.57777:4070 4.60199:4236 4.61604:4313 4.61636:4438 4.61719:5241 4.6312:5334 4.63371:5550 4.63708:5680 4.64041:16611 4.65072:17617 4.68983:22539 4.70277:22757 4.70947:23731 4.75959:23796 4.77013:23870 4.78563:23995 4.79537:24055 4.7992:25017 4.81809:28574 4.82053:29558 4.82221:30424 4.84798:59205 
370 646 573 941 1561 503 632 1801 1203 928 776 253 1745 206 1468 574 1436 614 627 1348 55 1247 685 123 1446 1912 189 191 35 47 550 1317 760 1199 1530 1748 1727 359 1634 1453 341 247 514 1051 569 577 726 1833 254 155 1894 1954 58 712 1533 1631 176 460 1726 1426 1413 1335 1341 435 877 309 227 984 1017 73 1471 381 1655 1144 160 1656 1506 528 82 198 390 354 1560 1502 497 1649 1803 1121 1799 737 963 474 1601 16 1415 1267 1024 552 1856 1645 1501 1971 224 841 1626 312 1542 325 1951 672 1739 753 1509 1056 1973 80 1804 1874 519 119 33 228 1943 778 425 1444 844 1703 1130 1050 1277 846 184 1315 1076 1190 1097 1412 1417 196 284 934 1179 30 172 306 165 756 773 1238 1204 1158 597 1012 645 639 583 709 429 1623 1002 100 1870 1473 630 1227 651 1371 1187 12 673 532 508 1416 173 493 1788 427 1985 873 1454 720 848 1200 1610 796 1329 806 1597 421 153 1409 1314 134 1113 74 1438 1878 161 459 1456 1118 782 1577 879 707 1364 96 683 1802 292 238 128 917 812 1333 420 170 1773 480 203 916 379 1598 111 1817 1821 534 212 357 918 1855 234 727 1983 1084 749 793 1490 1147 1784 1230 232 1562 112 262 1106 715 1875 1926 78 443 1350 838 702 1936 1226 615 500 1731 122 85 243 1059 397 1828 1842 1904 1975 
minDistance: 4.84798
cost: 251929
capacity: 199169
time: 59205
maxTime: 60000
LS1: 32532/33983
LS2: 754/1451
LS3: 0/0
shakeIters: 670
shakeLoops: 62
