4.15606:938 4.17126:1051 4.46568:1629 4.49444:1831 4.57509:2053 4.60363:2607 4.63708:2720 4.66685:2986 4.67845:7952 4.70149:10523 4.70277:11598 4.74151:12408 4.74246:12475 4.78639:15048 4.79407:20695 4.84006:39012 4.8502:43551 4.8581:44595 4.8602:44775 4.86106:52366 4.88238:55023 
432 1874 961 1140 480 1502 1875 389 702 1656 1442 1833 30 1554 421 596 1413 1446 1506 1199 672 1084 897 475 1771 1194 1802 534 1409 68 161 196 817 626 1118 1468 788 1731 1429 709 128 367 1265 727 165 392 212 1267 916 1088 976 1594 1739 80 1154 1143 74 1058 1764 153 1706 1080 1994 176 309 621 1799 1814 88 172 252 1926 253 1372 243 1247 698 66 1263 1364 1536 155 411 573 1190 326 380 1478 934 539 984 665 13 583 227 1147 47 429 1856 708 499 663 1359 1978 1179 1243 287 1626 1649 406 520 325 907 1342 425 1883 615 292 119 1106 179 751 198 844 877 1902 1074 1178 192 684 1710 254 1358 782 1187 1825 270 574 647 928 82 1385 1573 1530 137 1971 420 1561 219 427 683 1683 238 641 1623 262 1314 1444 379 1861 1386 947 397 129 1950 1177 1029 1928 933 284 715 1417 906 1226 1092 1098 1416 55 1597 1119 550 952 749 1264 1305 1333 982 1250 1977 226 124 1912 276 1634 1786 328 1311 1822 206 825 1954 1067 1374 1095 828 726 1600 1801 1405 169 1081 1632 1703 1458 264 1826 488 316 108 841 1593 166 630 1371 1320 1726 589 443 1315 1645 1221 62 1130 1727 577 886 1474 1773 1915 1002 1828 1158 1889 335 1788 1271 122 879 901 1453 1456 875 84 503 234 1509 304 1528 1205 1903 963 1735 1087 1414 532 865 33 1904 
minDistance: 4.88238
cost: 243610
capacity: 199374
time: 55023
maxTime: 60000
LS1: 33772/35125
LS2: 618/1353
LS3: 0/0
shakeIters: 714
shakeLoops: 69
