4.07186:849 4.37808:1426 4.45059:1858 4.5387:2553 4.55494:2823 4.55522:3032 4.57777:3339 4.61413:3675 4.63708:3845 4.64183:4910 4.65072:5979 4.65618:6207 4.66242:6462 4.6916:7099 4.70149:7335 4.70178:7393 4.7368:7747 4.75738:8093 4.78144:8885 4.78201:8991 4.78403:12365 4.79537:13105 4.79704:14572 4.79856:17640 4.81809:18256 4.82053:19525 4.82221:30352 4.82225:32954 4.82425:41835 4.826:43179 4.8579:43830 4.85953:50114 4.86106:54494 
771 1364 1814 1384 488 1429 420 1358 683 1822 256 1002 583 1386 334 189 1463 1029 713 1179 1784 801 214 1413 1626 165 1221 501 673 1561 520 991 1213 1084 33 128 1350 13 1342 1130 756 1199 976 684 198 842 491 374 963 60 123 1582 604 111 737 392 1786 1810 243 331 776 1926 1975 1273 61 176 854 918 55 96 1455 527 1933 443 1632 1264 720 234 665 1687 1208 80 357 529 358 1058 1904 1346 247 941 406 626 1409 16 389 1464 1182 284 1878 670 535 1151 1056 1790 238 66 38 552 1060 1891 618 1401 166 12 753 1802 292 244 573 1875 1479 1476 137 35 1311 1314 30 1466 574 1815 1121 1446 917 672 1471 708 350 1187 1143 1609 1596 1267 641 1839 1731 1703 1153 1454 427 74 630 1585 1100 1620 112 219 1833 480 425 1021 47 1405 1954 1226 993 1438 1456 1067 1351 1427 136 371 1178 1180 1645 1720 1372 1030 1488 251 1051 304 928 325 1492 270 1801 845 1495 702 1304 614 1799 227 1678 1863 1300 916 958 969 1106 1012 297 984 1380 1817 1874 1698 122 1788 1140 1190 1764 693 653 727 924 800 84 676 1333 1735 431 449 117 193 1003 421 1507 663 1107 100 1552 503 897 829 1536 497 1562 211 450 1994 1565 173 1131 1063 341 437 715 185 1530 1277 335 1649 468 253 1675 534 
minDistance: 4.86106
cost: 245030
capacity: 199349
time: 54494
maxTime: 60000
LS1: 35938/37211
LS2: 374/1273
LS3: 0/0
shakeIters: 866
shakeLoops: 82
