4.36727:1297 4.42475:1959 4.46153:2265 4.51082:2567 4.63438:3206 4.66685:3860 4.70289:4027 4.70336:4246 4.74246:4331 4.78144:4549 4.78403:5655 4.79407:9867 4.79537:13800 4.7992:22102 4.80846:24051 4.82053:24157 4.826:24211 4.8579:24281 4.87808:24422 4.90231:27240 4.90555:27422 4.92015:31558 4.92754:34179 4.93439:43432 
961 1463 427 1585 1904 406 1835 1267 1350 429 1226 1802 709 1647 331 1576 534 66 499 1875 1230 1101 982 449 1314 1130 1822 1371 817 1634 778 1024 176 1143 737 1179 916 1889 456 227 1456 1788 1528 1147 708 30 78 1414 751 550 1631 491 256 121 508 1997 304 1509 418 1816 1446 1515 1529 357 1834 347 234 1273 663 574 1828 727 1058 1575 801 641 897 74 788 945 702 237 1978 446 1739 1521 1804 500 1288 683 804 1002 1799 1667 647 1380 1119 928 1426 340 529 1342 1695 1902 806 1657 1801 214 693 1495 1333 838 1888 238 627 1221 1742 1208 433 1372 189 1401 84 1708 112 782 695 1131 1063 1717 224 877 108 1745 1790 573 1194 527 243 1458 665 483 1917 264 1229 1275 1092 165 918 1261 1735 1041 1311 309 421 1427 984 297 1429 1043 879 1365 1073 1561 185 460 991 1600 720 503 459 630 1140 1051 1096 1649 583 1825 80 179 1084 1081 425 1861 906 1479 1295 1413 812 1954 577 1601 10 1623 122 672 1565 569 1952 161 254 1087 474 1202 13 773 1003 1610 1155 907 1264 1199 1645 1943 1577 341 1017 969 1455 1886 1250 933 20 1653 839 1782 253 1632 1716 1409 1442 480 1536 284 684 1985 1364 1154 1187 1416 1098 1915 1771 1513 119 1703 1028 1384 842 1630 841 1358 520 844 1721 1556 316 128 1106 
minDistance: 4.93439
cost: 244779
capacity: 199496
time: 43432
maxTime: 60000
LS1: 35697/36987
LS2: 408/1290
LS3: 0/0
shakeIters: 858
shakeLoops: 82
