4.25349:1101 4.29129:1337 4.49956:1767 4.519:3879 4.57777:4063 4.61784:4228 4.62144:5099 4.6798:5343 4.69581:5920 4.70149:5996 4.70178:6987 4.70895:8218 4.77013:8282 4.78803:8424 4.81809:9222 4.82053:11932 4.826:12083 4.8802:16416 4.88238:28311 4.8846:28493 
153 596 100 1416 882 411 74 1822 1247 194 614 1977 961 1106 1291 1187 917 947 1695 165 1250 1190 1041 867 1631 1773 1426 869 1481 636 895 865 1015 1335 1453 160 331 254 192 1084 1333 1509 33 1178 252 821 1731 1130 443 227 1330 737 251 429 30 574 161 13 421 1030 825 357 1371 1562 534 1667 279 1107 695 1761 1784 66 1954 392 1833 792 1012 68 170 1629 813 1158 755 238 1759 1446 1735 232 702 1645 442 1530 1826 1801 420 1269 804 1875 1003 1317 253 1226 123 131 935 1117 1417 257 12 488 1267 308 1802 1205 1855 1904 292 1328 1444 1364 1790 137 828 234 128 350 615 1842 172 1273 1554 853 1476 1342 1199 1227 1878 243 1131 1183 1095 474 751 1478 20 1047 1409 1915 1314 1306 713 1238 1678 684 583 1862 1720 1577 1356 844 672 316 1474 84 1632 185 47 1466 928 1162 778 1024 480 933 1626 1384 1634 82 1950 1051 1305 550 176 1086 1002 1585 134 378 845 693 1293 680 800 189 179 233 687 215 907 304 977 771 1579 838 1461 773 1506 1369 1687 80 1179 1266 166 1119 715 119 49 59 1935 1803 1951 1063 1575 727 1528 1912 1601 367 89 1311 582 1536 427 249 1739 1391 1702 1080 503 1708 1983 1153 1053 264 782 1454 504 1350 1143 1221 708 60 354 628 1560 1710 1195 1208 467 1450 1788 1828 374 1561 806 857 1177 445 916 1151 1997 
minDistance: 4.8846
cost: 246127
capacity: 199182
time: 28493
maxTime: 60000
LS1: 33950/35253
LS2: 555/1303
LS3: 0/0
shakeIters: 728
shakeLoops: 68
