4.14899:1030 4.17126:1231 4.5315:2418 4.53595:2607 4.57509:2734 4.58558:2830 4.59172:2976 4.63438:3213 4.63697:4681 4.63708:5353 4.63962:5670 4.66552:5794 4.66685:7486 4.70149:11591 4.75688:11723 4.75814:11899 4.77013:13394 4.78144:24233 4.78705:25882 4.78916:26605 4.79704:28044 4.80629:28150 4.80846:36247 4.81072:40247 4.81809:43238 4.82053:45486 4.82221:58723 
1645 1703 1700 1874 1243 433 1983 1731 475 1073 1835 1735 1409 1384 739 865 1414 1264 1799 1488 1412 1926 443 227 1495 1646 378 1476 1278 583 1024 1309 111 47 1687 1453 1067 1875 1954 1190 1110 1657 123 1413 1213 100 173 1081 1333 445 488 782 1300 982 1308 93 757 1655 1346 1810 1143 776 1012 1912 693 1314 1350 1789 239 160 82 1408 1742 907 1199 304 1145 449 254 66 172 224 1977 253 1144 72 247 1456 503 490 78 1342 552 284 631 1846 698 1634 1455 165 527 621 1536 192 933 1429 596 1950 984 1121 74 1828 569 357 427 155 654 1739 251 1417 1450 969 1380 842 534 1291 325 1933 963 1562 1087 1009 41 252 119 1003 1100 1359 429 306 751 28 862 1043 672 1904 756 1801 1788 266 5 189 556 1610 262 1118 35 397 1364 1158 614 1208 1182 1469 720 1205 715 1084 84 354 1833 198 812 1002 30 480 1313 958 374 243 1207 645 12 628 1131 170 795 1420 721 1802 233 442 1273 713 1561 68 1667 804 507 341 1028 1369 1454 89 193 801 147 520 1267 128 1822 474 234 143 1426 928 185 166 875 509 80 918 1975 1311 33 1107 1019 1240 1620 576 1356 1401 1442 309 916 1226 178 775 574 1063 219 873 708 176 260 1351 161 194 1147 1577 646 508 1130 1698 1915 601 95 1473 1179 1479 1106 1446 1154 1530 709 1886 1427 529 
minDistance: 4.82221
cost: 239683
capacity: 199194
time: 58723
maxTime: 60000
LS1: 35777/37063
LS2: 447/1286
LS3: 0/0
shakeIters: 812
shakeLoops: 77
