4.15212:1018 4.26986:1505 4.36727:2107 4.48379:2479 4.48656:2764 4.51046:2857 4.5315:3279 4.5387:5200 4.59578:5573 4.61604:5663 4.63438:5884 4.65411:6756 4.65727:7636 4.69581:7776 4.70178:11049 4.70336:11172 4.70657:13222 4.70868:14146 4.72707:14978 4.73675:15329 4.75814:15534 4.78331:16254 4.78403:18538 4.78563:37561 4.7859:38744 4.78603:46511 4.79537:47301 4.80569:47966 4.82221:50621 
1145 166 1878 1127 234 1764 1119 1913 1716 1172 41 1311 713 1342 176 196 1391 306 1571 539 753 358 370 793 252 529 1872 460 771 1788 1267 519 483 1002 432 193 1801 1529 888 1802 493 233 503 322 28 72 1012 427 12 357 1634 1684 304 944 1855 778 137 456 1140 626 1200 1745 1118 845 1207 1429 1412 918 1585 976 1817 244 1735 1822 963 1743 1926 801 488 1221 1348 1158 1365 693 1819 1578 1610 1488 583 897 1782 1067 1238 18 726 1682 243 782 1275 1479 1446 635 1455 227 78 478 672 614 189 10 1056 119 1456 1562 192 1335 74 207 160 1314 1620 527 1875 1243 641 30 1106 1273 556 552 247 573 1347 1835 165 690 668 300 423 1107 1997 707 1645 1376 1041 1642 406 280 727 982 1213 1438 38 1834 1899 1786 1163 924 100 685 907 446 1463 879 1191 1371 704 1655 1631 1536 1442 1886 630 684 367 1833 1502 1603 958 1739 179 316 1783 431 1810 215 1524 749 1507 1453 1799 1132 1594 1199 933 708 172 1410 665 47 1742 198 1313 1821 1647 60 1768 1828 1427 264 1466 1749 1814 1126 1657 491 775 1409 646 1384 1359 411 709 238 916 1073 459 1417 1179 729 1561 1492 969 350 262 1495 80 253 1552 16 1331 1688 1208 128 439 1333 1264 1895 1063 425 55 1861 429 842 443 1153 1729 1078 627 450 1372 1084 187 1143 
minDistance: 4.82221
cost: 248858
capacity: 199239
time: 50621
maxTime: 60000
LS1: 33240/34531
LS2: 470/1291
LS3: 0/0
shakeIters: 792
shakeLoops: 75
