3.9414:761 4.11029:1286 4.1404:1476 4.18312:1638 4.44781:2568 4.46141:2699 4.46568:2902 4.48379:3050 4.63371:3798 4.65411:3958 4.70336:4620 4.70868:5467 4.70895:5674 4.75688:6020 4.78144:6195 4.78403:6262 4.78563:6329 4.7859:6487 4.78603:6937 4.79537:9137 4.79896:11306 4.82053:13554 4.82221:29514 4.8308:47108 4.84798:52098 
1227 1928 1917 450 357 1003 1333 1107 672 1350 1471 1596 1080 1978 1479 1121 1379 1423 42 3 556 1788 737 574 897 615 534 1507 614 867 287 503 1293 1585 708 137 1012 1675 292 1200 853 371 12 749 1386 1573 1273 1446 155 1454 1685 1861 316 1886 1667 1735 1630 1084 1600 432 1314 1933 1455 435 1437 234 693 1912 969 961 1542 1924 1863 782 370 1098 185 1842 192 1114 1915 425 359 1006 502 215 160 848 331 1118 552 1429 1935 1163 1130 1954 1536 238 166 1221 262 665 198 306 953 828 916 1904 991 1926 1238 1047 1095 1634 1574 928 459 709 66 1335 729 1819 553 704 879 1145 214 715 1835 1267 1039 844 845 720 641 1562 1575 74 421 1250 80 1502 1442 1291 1672 1728 684 341 773 1533 1051 1977 189 1554 1828 358 429 122 1106 1025 1453 1801 1414 488 1463 1067 1731 1577 726 1875 284 88 252 1761 1412 1275 1023 78 1653 500 727 480 1226 1492 446 165 1081 1143 1620 1495 771 193 1029 1565 1426 119 1317 528 1649 539 1179 38 1140 1826 1614 1894 445 1896 751 264 1561 1874 227 963 1208 128 474 527 420 1427 1895 8 712 93 1841 1409 1024 707 325 813 179 1301 1530 212 117 216 1791 1002 1329 1305 460 1822 1158 1119 1113 1703 1702 1059 1951 427 1631 1372 254 1243 1560 1028 1413 55 1535 494 1397 907 1959 1380 1199 33 982 573 
minDistance: 4.84798
cost: 243849
capacity: 199191
time: 52098
maxTime: 60000
LS1: 33727/34963
LS2: 472/1236
LS3: 0/0
shakeIters: 739
shakeLoops: 71
