4.07186:896 4.127:1289 4.26986:2063 4.35337:2256 4.36368:2390 4.37611:2519 4.46561:2687 4.46568:2834 4.48379:3697 4.48656:3861 4.5387:4195 4.55194:4507 4.55522:4755 4.57777:4925 4.59578:6166 4.61604:6395 4.63708:6561 4.66552:7731 4.70868:8355 4.70947:8651 4.74246:8813 4.78603:9474 4.78705:9811 4.79407:9880 4.81809:9949 4.82053:10193 4.82221:15157 4.86106:20268 4.87423:24557 4.87808:32201 4.8846:36764 
709 264 5 1530 684 350 1446 192 244 1643 1172 715 1413 161 867 1731 60 737 704 309 1803 801 1250 468 13 1708 1448 1702 1207 238 940 1560 193 176 1797 727 227 1614 641 520 1456 483 552 1577 1351 1273 1416 749 406 1802 1384 828 729 1828 782 80 933 1655 1678 918 1419 534 1277 316 527 166 1417 1506 1372 170 185 1051 1801 1996 508 984 1080 1975 1183 1507 500 1143 68 84 1221 119 254 903 74 1412 1328 1852 488 695 292 638 1667 577 1190 1226 374 429 1509 1582 33 212 96 1084 963 55 1623 12 30 1495 1063 1293 928 1002 1454 529 243 1409 1429 1350 1095 357 117 1856 672 1017 1878 838 756 1463 917 427 1199 574 1935 1118 1875 875 1119 1786 1552 449 334 532 196 1081 1561 1915 219 1029 165 895 172 1597 474 100 445 1784 203 1912 1145 1364 708 1107 123 20 66 443 1100 1106 392 1453 160 304 1742 1358 1735 122 1764 253 583 596 1479 1149 1562 1773 1703 685 1333 1012 262 1954 1158 1739 128 844 1971 1515 234 359 573 370 1634 693 778 1977 1386 916 411 751 1686 1644 1833 849 1716 528 1087 1585 969 1822 1208 1003 315 1401 1028 1626 1314 726 420 842 1056 947 1698 1904 215 189 425 941 821 1342 1835 421 137 1391 1536 665 1267 1653 47 1311 1179 1178 1264 853 
minDistance: 4.8846
cost: 241478
capacity: 199279
time: 36764
maxTime: 60000
LS1: 37163/38447
LS2: 379/1284
LS3: 0/0
shakeIters: 874
shakeLoops: 81
