4.17901:1215 4.48326:2148 4.48379:2273 4.49202:2332 4.51046:2936 4.52972:3150 4.53595:3891 4.57701:3978 4.61604:4198 4.63438:5089 4.63708:5264 4.67429:8105 4.69581:9006 4.70277:10444 4.70336:11062 4.74095:12981 4.75959:13083 4.78403:13351 4.78563:13511 4.7859:14368 4.78603:14485 4.82053:14973 4.82225:20196 4.826:31392 4.85953:33118 4.86903:33178 4.88238:35407 4.89974:44994 4.90231:47642 
1463 1806 1358 1738 1495 306 720 445 28 963 160 804 450 1561 1450 1238 1565 1047 308 252 917 179 1131 689 1486 1446 953 1502 1230 1468 916 189 1765 1012 641 1119 665 1359 616 137 488 284 1915 214 1554 751 1154 443 626 647 264 1977 1384 143 1535 1187 1857 33 483 1912 1084 209 569 794 1267 480 287 1799 1631 1277 1826 357 1861 359 508 1897 1342 1782 1107 1226 534 1372 1080 1143 1233 194 1529 684 693 374 556 1200 1067 1199 550 119 1709 1213 825 262 651 212 1350 1814 427 1409 842 1904 1427 1802 503 1544 729 111 1926 554 1560 1250 933 20 1855 166 1092 1288 112 1575 1158 615 446 1685 1369 53 821 529 1552 1645 1426 1087 1954 1145 1243 1842 474 727 429 813 1364 1247 527 715 1333 1121 254 1416 574 1610 12 1790 838 74 552 1314 1710 928 1509 1735 583 1835 172 672 1634 1401 1438 1742 793 782 371 122 95 1264 1015 1456 1003 227 621 1889 1580 238 81 1801 41 1024 1791 1178 253 68 1130 66 1507 1875 1043 237 1002 84 1485 47 1833 1626 1788 421 1442 1221 1632 432 969 165 1412 1179 60 1380 1305 59 234 1095 1371 1106 1822 709 652 873 1783 707 121 304 1536 1703 193 708 1417 124 1328 739 1784 1041 1194 796 1739 1291 976 1208 1275 1429 673 844 895 1293 1997 921 459 535 1466 243 
minDistance: 4.90231
cost: 243613
capacity: 199246
time: 47642
maxTime: 60000
LS1: 35946/37238
LS2: 445/1292
LS3: 0/0
shakeIters: 818
shakeLoops: 76
