4.41691:1534 4.53595:1816 4.54363:1932 4.60925:2353 4.63438:2834 4.63708:4000 4.66552:6573 4.70868:6665 4.73376:6852 4.75814:7197 4.77013:7256 4.78144:7495 4.78515:10352 4.78705:10473 4.78916:11089 4.79537:11324 4.82221:12288 4.826:22594 4.85953:32167 4.87702:35633 4.87808:35830 4.88238:37941 4.88696:42852 
69 411 1346 1537 196 80 161 1737 1409 708 379 1799 1585 1380 1915 630 421 1502 1342 683 1822 1429 838 468 227 813 13 20 429 684 287 1084 1118 737 1320 1997 1685 1624 712 1630 828 1786 1731 1282 1413 1536 1562 397 1364 1899 134 642 192 304 359 1073 596 206 715 128 1264 1801 1804 532 1358 1686 1003 456 123 984 1678 1589 1623 534 1314 1199 1442 520 406 1533 1416 1088 749 583 1828 672 1703 528 482 1412 137 1436 425 1912 254 1273 1554 295 1886 573 751 1158 189 1087 1717 617 1190 1773 929 1164 383 1391 1788 328 340 1228 84 427 224 243 707 354 1230 1888 1917 941 1100 173 1144 1530 460 1154 480 59 316 954 1438 1488 193 420 1384 165 1051 1097 702 1143 1561 240 60 1951 1029 1187 1107 1002 1208 788 623 1401 223 226 604 1643 253 1933 154 651 1098 860 66 1202 367 1417 166 550 982 292 1295 1106 685 185 1267 445 756 1454 262 1649 1463 928 857 1579 474 1977 282 122 1179 933 238 1453 1574 1328 1542 916 782 284 907 1601 1954 1162 380 775 1371 1971 392 1350 1172 342 309 1311 508 1017 1803 1063 1456 1262 574 626 1305 1645 1735 1647 357 1904 1710 234 1247 727 665 794 615 1054 709 1386 1333 212 647 1655 1437 172 773 1466 55 74 30 119 1739 1177 912 1764 726 1250 1582 1814 88 776 
minDistance: 4.88696
cost: 246188
capacity: 199159
time: 42852
maxTime: 60000
LS1: 34492/35818
LS2: 490/1326
LS3: 0/0
shakeIters: 813
shakeLoops: 77
