4.22309:1293 4.25349:1420 4.26986:1598 4.37611:1871 4.48853:2189 4.51046:2346 4.5141:2471 4.52194:2707 4.61584:2907 4.63697:3431 4.65411:4249 4.69012:4510 4.6916:4629 4.69581:5160 4.70277:5537 4.70657:5664 4.74718:6011 4.74983:6111 4.76178:6202 4.77013:6691 4.78563:10466 4.78705:10551 4.79407:15391 4.79537:16325 4.79704:16548 4.80846:19251 4.82053:19374 4.82221:19428 4.82225:33903 4.84798:36560 4.84901:59646 
1912 1267 778 670 16 917 534 1253 683 1182 708 1315 237 1745 1106 1444 1630 354 672 212 1688 1926 775 1537 232 1616 963 1773 800 1084 1426 836 1147 1954 96 483 1446 1506 1821 73 1461 788 1041 1087 1088 630 617 828 432 1230 1450 577 646 350 234 1168 1009 80 84 1810 227 1533 796 801 583 253 1330 143 1575 1002 381 1706 1561 1703 49 467 1994 1073 574 931 675 1295 1442 798 38 1468 954 1720 1710 1802 1057 406 1311 172 240 1626 1190 215 169 720 941 702 85 170 1024 877 1179 262 1855 198 1119 918 528 192 727 1199 1126 842 935 841 1130 1027 1835 1017 1456 1118 1359 292 854 1314 427 1826 1191 1729 947 1307 238 529 1371 1030 1121 30 203 1682 1645 645 450 1801 916 66 1247 1915 1012 315 60 1401 749 184 665 93 519 243 82 1631 1180 264 224 468 626 1200 861 582 715 28 138 1316 189 1536 128 165 707 95 1095 1650 1643 596 615 1059 375 176 425 865 1333 1160 359 1833 1966 193 1656 242 306 129 756 1062 266 1144 33 1143 1093 325 1799 532 309 185 933 35 1417 418 1264 847 1667 1342 1817 421 435 1063 1051 1429 1488 497 1453 1685 616 1784 1735 1409 1878 1814 254 383 556 1828 1350 357 1739 1544 1804 1579 1700 709 1822 1056 74 924 1277 1238 782 1502 1436 1131 341 734 1092 1526 1158 667 
minDistance: 4.84901
cost: 248878
capacity: 199449
time: 59646
maxTime: 60000
LS1: 35779/37076
LS2: 455/1297
LS3: 0/0
shakeIters: 811
shakeLoops: 74
