4.17417:1074 4.36754:1534 4.46153:2027 4.48656:2152 4.5141:2298 4.51778:2360 4.55194:2576 4.55522:2744 4.60925:2988 4.63438:3177 4.63445:3303 4.64041:3379 4.65618:3818 4.66685:4727 4.70336:5470 4.71669:7173 4.73143:7324 4.77013:7441 4.78563:11490 4.78639:19593 4.78803:30089 4.79537:31473 4.79704:35033 4.80846:39469 4.82221:40052 
1121 775 1107 452 897 1028 1601 1271 1600 1785 1904 1056 1117 918 1147 1729 1177 1230 306 503 80 1455 1311 739 1442 534 1427 1915 406 596 172 1862 567 715 800 16 1179 1926 1365 166 1899 1182 583 165 1983 1837 160 1244 325 435 234 357 924 1833 792 1479 881 574 1803 944 1118 60 1739 720 1536 1320 626 1495 1359 1309 450 425 628 1897 1883 1852 713 78 941 1063 198 1764 796 1870 667 1371 1645 828 1913 1384 1306 1731 645 1417 298 1191 266 1314 1665 999 253 240 100 12 1786 1078 429 727 550 237 232 1574 170 1678 119 630 917 1515 1042 1172 74 1886 1656 420 1097 1195 708 1106 1041 1019 577 1002 227 513 209 497 1342 1053 1912 1855 1624 350 639 1051 672 55 192 916 1954 30 1552 35 668 1561 1444 1409 865 1454 1095 128 1801 1695 1702 1105 1889 1799 1126 685 1742 264 589 121 1088 1158 1277 614 514 507 933 483 140 1575 1562 737 1530 474 488 670 374 427 1478 467 1667 1821 793 1264 1341 1446 1698 1456 573 756 1464 1221 1735 1594 1517 947 445 1092 331 1682 782 1100 1585 238 456 1412 689 615 303 771 726 1273 1356 421 1151 214 47 1267 749 1903 1589 535 1680 1440 1634 207 189 1238 1200 196 1227 335 553 82 1792 1822 316 1190 354 1997 1448 604 480 1226 1901 1632 1012 551 646 1817 443 243 68 1119 1346 928 541 
minDistance: 4.82221
cost: 250525
capacity: 199363
time: 40052
maxTime: 60000
LS1: 33641/34967
LS2: 542/1326
LS3: 0/0
shakeIters: 759
shakeLoops: 72
