3.99176:758 4.3441:1610 4.38368:1707 4.41871:2008 4.45059:2155 4.48326:2273 4.49109:2439 4.51082:2612 4.5387:2713 4.55194:3004 4.57303:3308 4.57509:5283 4.63438:6562 4.65072:6868 4.67377:7114 4.70947:7336 4.75959:8497 4.76178:9679 4.76311:10458 4.76387:20002 4.77013:20057 4.80846:22176 4.81809:22846 4.82053:29931 4.82221:45674 4.88238:45838 4.88965:46607 4.89218:51984 4.89297:58612 4.89826:59359 
1485 371 1835 1731 737 474 1143 1717 865 1178 856 1453 1912 1110 720 189 1463 1002 128 1466 1172 1556 176 1379 1610 480 292 1822 1205 499 1577 119 1788 370 1041 1585 165 161 801 982 233 1815 1710 672 380 969 1438 198 367 16 1467 778 727 1226 1645 693 773 853 1048 1739 80 374 331 1311 877 1634 1630 1810 1926 1678 1653 1372 1330 1358 921 1200 1351 357 1537 1695 1145 1816 636 306 1698 148 817 94 1855 1656 782 1119 1012 224 420 1273 122 84 12 1536 709 30 624 577 569 630 1427 500 1314 1050 68 1221 238 1179 1501 493 234 60 1643 483 1147 1187 1513 1875 1216 1561 604 1092 749 1594 875 928 85 1801 1106 5 1904 449 1493 89 1950 775 304 1067 1817 255 1828 227 50 172 446 1243 193 1509 1237 1521 1409 137 1118 1562 425 31 916 219 1080 215 1412 312 170 1771 1426 347 1528 445 860 1540 497 185 1084 1095 1100 1335 729 1786 895 112 1371 33 1225 196 1544 726 1087 1155 1149 1456 961 252 1495 984 1429 550 1417 715 108 1342 287 1620 1542 1182 583 673 918 429 1533 1623 1703 665 708 713 1003 1199 1346 1154 1903 1333 1051 684 1975 1839 1819 74 1575 1442 534 1073 95 315 573 1158 421 1954 1802 695 406 264 1446 316 508 1444 1530 958 169 907 55 254 653 1735 933 1063 1804 753 556 179 
minDistance: 4.89826
cost: 241354
capacity: 199163
time: 59359
maxTime: 60000
LS1: 36151/37441
LS2: 458/1290
LS3: 0/0
shakeIters: 802
shakeLoops: 76
