4.37611:1625 4.6312:2159 4.63438:2277 4.67377:3505 4.69355:3833 4.7103:6575 4.74741:7453 4.75688:12765 4.76144:13043 4.77013:13193 4.77031:16038 4.79537:27793 4.7992:41376 4.82221:41446 
1874 406 73 1784 1822 227 1634 149 1464 778 364 1426 1250 895 176 1561 853 1351 1706 867 437 292 1554 1584 1536 1053 503 425 240 524 683 1423 1695 30 138 782 1187 143 1478 284 304 408 1614 1106 1453 1456 796 1594 47 1582 198 1509 1092 1144 1003 1983 1479 206 1446 713 1742 550 773 792 1143 1466 1267 869 924 940 1903 1263 1391 1562 916 693 519 991 189 1764 933 838 1342 1041 976 1593 844 1902 1507 84 1346 80 483 800 215 1371 427 907 491 35 354 1347 389 316 1596 897 1012 100 1056 1030 1855 78 720 264 574 1211 1802 360 460 449 670 1095 532 596 1097 707 1172 626 1262 1409 1954 1093 280 1178 1846 663 1444 1731 636 1935 1468 684 1105 928 672 1704 969 1631 1264 1616 1118 1226 1051 1311 253 727 243 12 1063 1540 1893 341 1378 325 686 161 1530 947 1442 1463 1140 1881 1626 16 1059 847 10 166 1830 1180 583 1117 203 1458 1450 1401 55 1179 1131 69 443 1739 712 1438 204 1162 1436 467 1380 350 845 1160 1283 357 1878 1002 192 1814 165 1454 1190 917 1801 1506 1773 1598 1177 1305 1861 445 1972 238 995 1601 66 128 33 1147 179 1516 1985 433 28 984 237 1084 1006 85 160 191 309 1896 1803 708 753 941 1828 480 1821 1333 771 1556 74 1027 749 1632 1726 695 877 1314 1230 1024 1119 303 1817 421 13 743 1227 
minDistance: 4.82221
cost: 244882
capacity: 199180
time: 41446
maxTime: 60000
LS1: 34246/35611
LS2: 623/1365
LS3: 0/0
shakeIters: 728
shakeLoops: 70
