3.11236:1560 3.2744:2791 3.28269:2951 3.34684:3616 3.40248:4208 3.40432:4321 3.46404:5738 3.47448:6008 3.50865:9128 3.53057:9364 3.54408:9676 3.54543:9756 3.54586:13785 3.54696:13901 3.5682:15386 3.57247:24487 3.58689:26549 3.59559:27752 3.5985:33477 3.60615:34604 3.60731:35778 3.60887:42472 3.6193:49959 
869 1738 1059 234 726 1367 460 1036 829 919 1837 1031 1917 1375 415 237 1594 938 481 1996 1093 1391 1118 1933 703 468 576 1172 626 159 1702 503 835 1359 1653 746 804 78 375 1431 464 767 955 1666 1040 80 961 944 831 212 519 1501 930 41 135 616 470 1710 1772 753 1670 500 1828 74 1672 1746 1463 1176 92 146 1184 374 754 866 1874 1961 1860 1438 1035 987 1493 1719 556 1756 322 1296 1629 1748 1912 1408 1511 1588 1434 87 115 814 738 488 985 1870 737 664 751 1453 1799 1544 2000 1060 233 1459 1165 1273 585 828 663 1570 1067 1230 1924 389 1155 1728 1143 1136 777 903 1437 122 1803 568 1951 1274 1217 1862 1852 203 1428 1448 421 1131 1797 247 1285 1975 1834 928 1865 397 1714 450 772 1420 1357 1056 916 1436 1439 1892 1502 907 1899 845 619 1889 1688 1559 309 1334 114 1444 285 1223 1108 1087 1058 30 1001 227 1192 583 953 1606 70 1267 65 555 1789 801 1698 28 842 1486 982 1580 875 186 799 1737 152 425 1523 1682 1945 236 267 720 100 401 1568 821 1872 1335 1024 775 222 1291 1004 5 848 1733 1720 612 1177 1577 1414 1229 732 1171 1399 729 1894 137 1890 142 1312 837 1256 1567 1891 485 82 715 136 1840 1358 597 1333 1513 941 1127 167 109 582 1304 1573 1796 211 1617 638 58 771 446 223 755 1774 1092 48 1512 1435 1380 178 885 1540 932 251 204 303 112 420 1221 595 1271 68 1416 995 297 1454 257 1954 684 73 1181 1527 1393 1233 206 1190 1876 1287 1915 642 693 794 1372 1630 680 1716 710 1978 189 1363 1994 1801 1777 238 558 1063 185 1342 243 495 579 1562 1500 1182 1680 688 1023 1771 1467 1191 1950 16 1244 1385 193 1046 1644 252 1237 601 348 1988 1107 1051 870 69 657 1626 545 1963 354 1417 1310 1645 456 433 1929 1089 1560 1147 1658 1405 60 160 168 631 778 1980 26 865 1888 1506 1142 1495 1072 1042 385 628 261 1966 625 88 834 1183 652 1110 85 440 172 250 1923 742 1121 1202 366 304 1647 1489 1318 291 647 1115 1582 429 508 1080 1381 1351 893 1446 1833 698 1053 1376 879 1726 873 1293 192 1412 1838 431 1410 1407 1590 667 47 1034 1128 
minDistance: 3.6193
cost: 366592
capacity: 298745
time: 49959
maxTime: 60000
LS1: 21239/22145
LS2: 403/906
LS3: 0/0
shakeIters: 480
shakeLoops: 46
