3.12577:1706 3.24343:2542 3.31727:3342 3.32399:3514 3.35143:3739 3.38382:4220 3.44011:5248 3.48229:5968 3.48423:6581 3.48682:8137 3.4877:8227 3.492:10295 3.49369:10404 3.49942:10785 3.50865:11812 3.51967:13749 3.5266:14075 3.53057:15536 3.54543:18155 3.54885:28425 3.56035:29646 3.58689:31857 3.59559:33372 3.59706:34438 3.61676:34703 3.6193:38277 3.62578:44161 3.63225:47948 3.63467:49818 
455 601 392 689 1164 1773 1513 234 1230 202 130 30 1867 1540 488 628 243 1233 1828 411 1108 1410 366 293 1714 1680 397 1180 1912 1917 1951 1842 100 1562 14 780 192 972 1221 1835 459 261 483 87 938 510 732 720 1405 1506 1512 738 1737 1629 1890 837 1541 121 944 604 1495 753 1408 1865 546 1909 508 143 1665 626 117 1487 58 502 1334 112 1976 772 1569 1369 296 989 358 1216 160 1143 1594 237 596 1570 1710 1702 1944 1978 506 695 1816 1428 1626 814 1467 222 1577 354 1391 1793 1359 285 152 1147 1056 1650 843 1336 1670 1658 223 1283 584 684 401 1738 446 1892 1387 1726 1080 1121 842 1177 801 582 698 503 142 136 827 1744 667 1838 1037 1493 1829 715 778 1565 1237 439 746 1501 777 1523 1888 1861 251 109 558 1580 1902 66 1521 1578 1457 206 1834 69 1727 825 1310 1274 1797 1894 1782 414 745 1046 1860 869 529 616 755 1052 1318 114 1878 874 775 1118 1952 1176 1219 1124 794 1471 568 74 1367 1762 1923 1131 879 1439 1093 556 1717 65 379 193 863 1463 35 782 97 389 460 198 1502 1996 519 421 1004 1752 982 1446 804 899 650 1256 846 1294 870 1407 1954 1094 1994 1438 176 247 491 339 124 1784 834 642 1921 1291 888 1304 1434 1644 227 576 440 928 1361 107 931 450 1454 29 1087 917 1461 955 1796 1632 737 1801 185 186 1682 1433 685 1071 1675 1045 645 1623 1719 1040 1656 985 1730 1695 674 1852 1059 78 420 1385 485 1950 1271 1012 1312 1036 1063 1933 572 1961 1988 1051 1872 1450 845 1412 930 1127 1226 984 1032 1559 1568 545 821 835 961 1542 664 865 99 470 673 1833 73 309 1736 28 270 1681 574 173 1191 410 1067 236 146 906 303 1617 1820 1376 926 115 70 487 1393 742 652 80 1350 468 1724 1560 1190 1078 1544 85 829 1647 1111 292 614 1582 1372 1745 318 137 824 1357 348 1172 1965 252 907 456 300 57 375 1358 60 1158 1202 1474 1464 16 1399 220 1031 48 425 1042 268 210 1142 828 619 1397 550 88 476 1749 1242 724 625 1863 1238 1606 873 1380 1904 1223 1296 432 1703 1073 849 647 301 1229 1128 521 916 72 1862 304 1588 
minDistance: 3.63467
cost: 365428
capacity: 298927
time: 49818
maxTime: 60000
LS1: 19710/20570
LS2: 393/860
LS3: 0/0
shakeIters: 438
shakeLoops: 39
