3.38382:3241 3.40432:3780 3.45082:4106 3.47448:4321 3.492:12520 3.49369:14418 3.51017:15018 3.51589:16109 3.53815:17053 3.53826:20447 3.54543:21612 3.55676:26002 3.55813:27040 3.56035:28060 3.57069:28384 3.57615:28488 3.59926:30303 3.60731:32750 3.60887:39466 3.61122:52289 3.61627:52386 
1318 243 440 1894 888 1420 1191 642 1379 69 1814 1414 584 1799 1645 234 1410 414 1852 1177 1629 1378 285 715 879 608 1545 423 1644 446 1891 1835 476 1121 185 1707 1089 684 460 1361 292 1957 1434 401 1393 1359 1107 814 60 984 1617 1090 1407 632 1682 804 1296 470 1923 1180 1612 1040 639 1626 732 630 1954 568 450 1042 1444 1668 849 251 432 848 1797 1698 755 1131 778 80 985 542 136 1695 1429 223 2 1048 1455 729 1975 1182 1801 1710 558 375 1347 1267 420 1271 1471 1672 247 348 1244 119 1142 842 178 1192 1274 1283 1618 1051 1746 1819 100 807 1080 206 742 664 1453 1773 544 1046 122 1541 1464 928 1727 1702 1890 1738 1791 1127 550 110 1560 1010 1293 1577 1874 1034 1428 961 1582 77 663 726 1810 852 1436 1875 1454 1063 576 1202 955 1223 1870 1912 1374 1072 1416 1865 556 1951 1108 350 596 769 1756 1446 1375 1304 1159 1147 628 1219 1036 1598 26 870 1199 415 1720 73 222 492 855 468 260 991 555 1256 1368 1863 1001 534 391 845 874 493 58 233 168 865 1709 595 1334 1045 1417 1996 431 1058 780 2000 304 1237 1032 483 1699 754 54 698 1513 1056 50 143 1213 425 1439 1380 1523 1287 858 1312 1350 561 667 825 1165 303 1933 938 1559 1431 601 574 944 720 1371 657 525 215 1892 734 1391 491 23 933 1888 379 875 1580 1181 1489 1578 389 252 297 1601 506 503 1917 268 392 1372 835 777 1512 137 254 626 1409 794 488 1067 1649 1782 1310 688 904 1216 1737 866 844 647 1653 1119 490 1728 1588 459 170 837 1351 265 479 1143 513 1988 412 1680 1829 1367 1749 710 1105 1730 1780 193 152 828 916 930 616 753 65 1681 1565 1476 1358 487 502 1864 1915 443 198 236 1405 97 614 1978 583 280 276 220 1463 1834 917 1511 1495 1647 1225 1437 92 1435 1259 456 41 250 112 689 1277 1003 16 354 1273 873 1963 1479 1828 1486 433 982 142 1166 1344 159 1205 172 1427 74 582 212 993 366 210 1014 510 1798 1950 1862 1556 680 238 1130 1544 1024 1976 114 1426 1789 1381 1543 1714 1294 316 1570 1521 475 1250 1540 421 774 775 854 1502 115 
minDistance: 3.61627
cost: 363109
capacity: 298793
time: 52386
maxTime: 60000
LS1: 20167/21083
LS2: 436/916
LS3: 0/0
shakeIters: 459
shakeLoops: 39
