3.20608:1887 3.24142:2183 3.25093:2432 3.26059:2568 3.44566:4196 3.46404:5291 3.47371:7382 3.47448:7481 3.4877:8005 3.492:8552 3.49942:11260 3.50069:13363 3.5119:13503 3.53012:15805 3.53057:18334 3.53547:18469 3.54408:19890 3.54543:20297 3.54696:29266 3.56035:35850 3.56231:36145 3.57615:38169 3.58689:48201 3.59559:50326 
866 582 440 550 172 874 982 834 919 1350 16 1540 1130 1654 88 325 753 1110 1680 767 109 1454 1570 755 759 736 508 695 1738 234 1439 1829 619 1051 1080 1040 734 1391 542 1658 1304 1956 1119 1416 1771 1681 321 778 65 1244 209 74 2 483 837 130 576 427 142 1267 1579 604 1678 555 304 87 1994 1213 689 1242 1296 1730 112 495 58 931 990 673 901 1438 879 1493 1929 1799 1183 1461 237 1627 1467 1071 66 930 160 488 1271 1649 1541 212 395 303 975 227 1193 1180 703 1559 1922 1501 293 1463 1380 1048 464 1489 1860 1569 985 1124 584 1836 873 420 694 1720 1856 1234 936 614 1838 220 358 1861 1728 1810 1502 266 1036 1761 1143 1369 1666 1010 276 1056 928 1121 804 176 1179 556 1216 1644 1904 1067 389 1523 510 844 1237 446 1798 1046 1537 1402 1908 955 355 829 1623 1233 240 480 568 1727 1405 1372 626 935 1863 78 1788 906 680 138 503 434 1138 1512 1142 94 1647 1381 1797 1606 1773 460 1223 1412 645 1407 1030 164 433 1682 1915 1024 48 726 496 1285 899 285 1192 720 1250 1668 1626 1361 1169 1590 1521 201 1562 41 277 1089 944 104 1572 684 68 1909 311 437 986 1565 1379 821 774 223 1950 1988 222 450 1485 292 1095 243 179 1413 801 1801 1259 152 1737 1577 972 1166 813 1211 1865 351 1603 664 1310 410 1515 1629 1387 1358 845 1544 1894 842 493 794 1954 50 814 117 667 1172 1892 236 443 993 1274 827 1334 573 853 1315 1789 401 171 1630 115 1582 1617 1973 470 265 926 698 1975 688 938 545 1710 1782 1588 1283 1001 1127 13 1177 1510 414 1464 415 369 204 1273 1959 849 1158 1936 1578 1031 529 1318 1912 657 1486 828 583 1122 421 870 1870 1108 916 1093 647 1159 375 1985 1818 1726 776 1890 1650 1314 77 1933 777 1834 932 275 186 1874 1746 291 215 1393 907 252 825 332 348 1368 1698 574 254 137 1277 1434 1365 114 865 875 199 1683 100 775 1675 1219 1553 280 1888 297 30 945 1568 456 392 431 715 1899 69 903 1312 1556 455 1479 1545 929 1923 1191 42 1351 1367 1427 742 1293 136 143 1543 1585 1147 1793 1844 1513 670 1495 468 1599 73 35 475 
minDistance: 3.59559
cost: 369157
capacity: 298797
time: 50326
maxTime: 60000
LS1: 18359/19223
LS2: 420/864
LS3: 0/0
shakeIters: 420
shakeLoops: 36
