3.2744:2199 3.30179:2517 3.30599:2617 3.41183:3346 3.44566:3905 3.47229:5249 3.47448:5939 3.5119:6166 3.54543:10624 3.55676:29711 3.56035:32887 3.57069:33033 3.57743:37119 3.59559:37223 3.59706:39549 3.5985:39744 3.60731:42190 3.6193:45035 3.62082:49437 3.63225:55188 3.63467:55271 
60 178 159 108 306 726 1654 556 1059 821 1976 1011 1867 100 1793 1647 1556 146 1879 1334 1820 1466 114 69 775 695 92 708 667 1606 866 1087 619 616 285 773 1183 720 173 1975 740 1852 1714 1698 848 1994 1865 30 115 350 1294 1954 401 375 456 1416 1810 472 1582 136 82 888 688 828 1763 1143 1359 715 664 1580 16 1444 303 1541 950 1543 642 385 1443 1853 903 1528 247 985 1119 1874 300 1971 961 1046 630 582 1803 1344 1057 1244 1369 1710 771 755 514 1862 626 112 1271 1182 1834 1393 311 1024 1728 1840 1644 842 737 1376 930 1159 1177 1192 172 243 431 1923 1200 1080 366 1291 1093 845 576 545 1899 926 1438 1446 1559 1380 1223 879 1848 314 1042 1540 1485 972 1933 142 446 104 486 250 1553 1256 1588 1774 206 1063 989 1833 1996 780 1149 1486 502 1890 1405 680 1108 1034 1051 1950 1720 137 1814 237 212 1142 1495 1797 1180 1127 955 1394 710 1181 772 412 778 1459 601 654 1544 1658 73 1207 26 858 1040 1511 1917 1067 1434 1913 1629 1872 1689 458 1799 944 1378 1304 993 660 931 154 684 209 1036 88 843 1623 1744 1391 1737 304 525 119 742 1915 1089 297 1412 625 583 1801 844 1296 744 405 1577 829 529 160 1761 1601 929 251 777 1650 542 1655 922 1773 1385 863 753 121 317 1870 1742 1467 1361 814 348 873 807 238 1202 488 1876 280 1680 392 1216 1191 638 596 370 1397 495 1056 916 28 1471 168 1738 1162 80 1816 1752 1194 1570 417 480 321 1399 1004 852 516 1983 1502 1048 1463 1407 379 1367 421 301 1111 1121 1410 1342 1649 389 801 870 1277 558 1058 1090 1283 365 1358 1835 986 211 657 698 95 1929 193 568 192 152 479 877 1988 724 1565 369 1233 1318 1860 35 707 1043 1147 1760 1520 1031 1569 614 1274 1094 1176 292 11 500 276 1310 831 645 1487 1784 754 266 1778 835 924 437 1791 1288 117 774 1951 171 1237 440 470 928 917 1963 1590 1131 804 186 727 1374 2000 1312 1512 1513 1561 837 58 234 1562 1012 1892 1151 1242 1730 1762 414 476 1454 1464 1221 1912 236 647 1888 1716 267 534 468 1107 1165 222 252 982 1672 1626 1681 450 1506 1749 1768 1501 1828 227 
minDistance: 3.63467
cost: 369231
capacity: 298785
time: 55271
maxTime: 60000
LS1: 19317/20227
LS2: 459/910
LS3: 0/0
shakeIters: 430
shakeLoops: 39
