3.18533:2466 3.27046:3062 3.2744:3215 3.30142:3915 3.30179:5468 3.31727:6006 3.34483:8959 3.35143:9156 3.44886:10429 3.46404:10998 3.47174:11281 3.48229:11499 3.49942:13018 3.50865:13606 3.5119:14127 3.51589:53167 3.51967:53993 3.52173:54174 3.53012:59228 
1915 704 420 1127 1320 1059 1147 1650 930 814 715 1136 385 238 873 735 1816 1216 1890 508 767 1513 464 496 901 485 1540 1110 853 1056 247 1737 1704 816 1576 845 1031 1658 865 1448 1834 1762 1580 427 264 944 574 1143 1789 684 1856 267 1649 1080 148 1943 734 961 252 1390 375 1318 1107 782 1951 176 1908 1412 1899 1372 1368 604 192 990 1484 1626 1562 68 708 35 16 401 573 1739 1225 136 295 851 1367 212 950 1034 1642 1569 326 681 775 916 495 1244 1944 1836 1233 626 1644 1950 1629 1481 1311 568 322 1391 1512 1617 1017 1405 311 1040 223 1892 119 808 754 1570 491 558 529 1670 69 800 779 1867 1801 1004 1067 395 1501 1090 1467 421 1463 1814 1738 1691 1184 291 616 470 1340 742 1416 680 703 584 78 1446 941 854 1604 1046 1933 1896 357 57 1192 824 117 1728 1865 777 926 1840 450 737 1114 104 1029 1917 1852 227 137 31 172 729 1130 1335 804 191 200 993 709 1393 460 114 1051 468 254 253 625 19 879 583 1182 1959 1874 425 110 772 1495 545 1312 1376 1675 1253 1142 1986 459 236 556 1610 807 1755 207 837 1833 1081 1425 1296 1458 842 88 74 179 358 1434 1166 1752 1680 1756 619 1002 1191 248 1810 1583 1221 1543 220 1655 1505 499 630 456 1328 1093 1870 1582 985 240 392 973 366 1553 243 431 1479 1315 63 348 1578 932 888 234 1045 1351 506 41 2000 168 72 1985 1341 488 1594 1385 821 1256 1798 143 1846 1380 1350 1149 1053 1229 193 1825 1274 1983 924 1044 1804 555 1902 720 1923 445 476 1285 1783 645 920 1465 1213 42 1237 1489 1464 152 1780 1121 647 475 1845 1454 945 1730 292 142 32 1568 30 1428 123 1313 410 1377 1001 414 334 955 546 1336 1468 1036 928 870 58 1092 1909 1860 1788 50 1647 1048 1364 1310 806 1108 1623 542 1417 982 1700 60 1358 844 233 1410 829 1106 115 1929 1749 1219 1541 1119 849 250 1334 1438 1862 931 1786 1089 1444 1407 726 1727 290 1828 65 1019 1585 370 100 97 1996 693 1430 951 1606 367 54 877 935 112 1223 1544 774 929 440 1486 1797 1703 1841 1897 755 596 1994 1283 801 847 1277 1936 825 178 1600 1687 70 1698 936 304 1024 
minDistance: 3.53012
cost: 366499
capacity: 298735
time: 59228
maxTime: 60000
LS1: 17196/18061
LS2: 444/865
LS3: 0/0
shakeIters: 402
shakeLoops: 36
