3.14987:2393 3.33953:3485 3.35541:3784 3.3932:4178 3.40432:5542 3.47251:6526 3.47448:6640 3.48423:6935 3.4898:7204 3.53057:8088 3.55676:16960 3.56035:22796 3.59559:23015 3.59706:23326 3.60887:25698 3.61412:30912 3.62082:33346 3.62165:34455 3.62482:35573 3.6309:47838 3.63225:50782 3.63467:54177 
1237 628 1556 837 1746 1828 1107 487 775 507 801 1924 78 1892 789 1121 824 755 1296 835 1267 689 425 439 554 1001 698 87 794 583 782 649 1553 619 122 1256 1867 961 1402 759 734 834 1223 1810 142 252 875 1063 1647 568 729 1814 909 1051 576 1933 1439 807 1915 427 724 212 1398 1923 1180 1954 829 1060 1495 901 1543 1436 631 667 1738 58 1604 1799 825 601 1580 420 877 1562 1119 1056 488 642 595 92 1058 1829 1961 1502 1434 902 211 136 1416 1062 1950 542 1803 68 220 870 233 1603 1780 1988 1383 845 35 1414 703 104 286 1225 1959 1244 54 173 77 1710 1648 630 291 303 393 119 726 1437 432 1897 1487 936 1762 1467 137 1476 865 1042 114 664 292 532 899 478 1668 1364 608 236 491 1515 1464 1310 888 1274 222 561 85 1031 1980 385 16 525 250 445 1043 1626 32 1852 1876 1312 1379 1108 1080 1216 502 857 172 930 1166 468 944 1359 199 392 1356 325 1485 455 804 626 1304 1093 227 844 202 985 1749 117 1024 178 1554 100 1896 800 1629 1645 1891 1027 2 1446 95 1405 1004 486 74 1017 301 1034 1072 2000 545 366 1582 938 1067 732 680 1910 1723 873 1334 370 1773 276 1791 1372 920 1203 1513 1089 1230 50 1454 848 1728 707 1644 1555 1110 231 391 1381 60 464 1541 51 485 1365 42 203 1540 1768 879 1772 1385 1864 1578 66 955 375 1573 744 1040 297 1410 772 1922 1861 1804 1912 916 1046 1358 984 234 1783 198 529 973 604 1965 1455 1393 1483 1837 1951 243 1874 556 1142 30 596 490 401 266 421 1147 1890 1601 1512 1975 1391 128 975 1427 1577 1271 1966 1682 240 1277 1479 160 304 1010 1588 1493 558 1078 1136 866 616 311 932 1560 754 777 709 1599 582 1127 440 152 1412 645 854 1544 1221 437 115 415 842 73 470 1862 534 1662 982 168 446 31 1486 1283 460 1363 1367 1707 1717 688 1947 1797 47 1917 1233 1834 1929 1501 238 1213 395 1143 1008 1205 1936 885 935 625 1092 1789 1428 710 849 1407 1856 1801 1727 665 814 1865 1380 1368 1463 1374 585 285 953 574 112 778 1745 1399 821 1192 433 1179 1590 1737 1685 206 1756 720 
minDistance: 3.63467
cost: 368741
capacity: 298810
time: 54177
maxTime: 60000
LS1: 20417/21339
LS2: 437/922
LS3: 0/0
shakeIters: 463
shakeLoops: 42
