3.30142:2750 3.40432:3835 3.46404:4470 3.47448:4983 3.4898:6268 3.49369:6516 3.49942:7207 3.50865:7797 3.51017:8024 3.51967:10990 3.52173:11267 3.53057:12203 3.54178:12560 3.54543:13134 3.56035:29826 3.58112:31573 3.58689:31838 3.59559:33205 3.59706:35435 3.60731:37237 3.60887:38447 3.61627:55883 
1310 961 1756 1928 1737 1506 220 1428 1629 829 1394 1454 1131 431 583 231 1048 888 69 901 88 1407 917 1361 1579 641 280 58 1865 1852 473 754 1442 647 650 1045 210 304 1501 254 847 1502 439 500 1305 1988 941 1091 625 1181 1888 366 1191 935 1647 66 1829 568 508 991 1582 1892 844 771 873 441 342 421 1856 1933 1463 65 1046 285 420 1923 1562 1172 35 1912 938 1486 1544 645 97 555 160 379 1626 1344 247 1973 1801 1391 483 506 1980 715 1056 1247 1229 121 631 1223 663 1351 1219 1334 142 875 672 1658 60 1067 930 1746 395 1063 1789 862 821 1399 41 108 488 1387 401 1897 1476 233 1803 777 485 638 491 1461 1142 1467 476 1874 334 1304 1996 1894 100 1994 1714 1158 5 370 1004 1093 916 433 720 680 1271 1569 870 1318 1954 1796 54 907 513 252 753 1043 470 835 1540 1778 1147 1779 1328 1203 542 1560 1434 849 1213 1814 1684 560 1975 85 429 1034 846 1040 8 1863 509 879 502 1017 1810 460 604 1630 74 112 1798 1749 1143 986 1797 845 558 664 493 688 999 481 189 616 772 1483 295 906 511 193 170 1844 468 774 42 630 1730 234 1393 62 1559 117 392 1274 923 865 955 626 1950 1834 1233 99 192 1372 1902 1148 1896 950 897 82 1435 1416 842 301 137 1742 684 1439 1707 375 848 30 1094 222 1244 1072 1375 265 354 50 1854 115 1495 632 531 949 1412 1644 94 931 1772 1059 292 729 807 427 1095 251 1237 369 215 576 751 944 1833 1978 1314 1350 1752 837 590 1513 1119 1680 1283 1489 446 1577 1367 1111 903 1060 340 206 291 1036 1379 1836 789 703 1521 351 698 1385 828 124 1051 1225 1164 391 869 423 928 1216 582 1336 236 388 667 1171 1444 1183 1774 109 1728 726 1127 561 270 681 1606 185 1899 297 1799 61 1192 440 761 1976 584 773 1917 732 1261 425 1368 1256 556 778 1182 136 276 1380 1891 1285 1653 1121 453 1405 250 775 1570 73 780 985 78 1580 1523 81 114 1649 1234 801 657 1122 1238 260 1446 707 1080 1573 1365 816 1645 1436 1945 834 1108 456 1720 1936 1688 1410 1110 1543 1617 13 795 1177 1959 1488 1691 628 737 
minDistance: 3.61627
cost: 367902
capacity: 298740
time: 55883
maxTime: 60000
LS1: 20664/21571
LS2: 406/907
LS3: 0/0
shakeIters: 479
shakeLoops: 43
