3.27794:2577 3.28269:2681 3.28343:2875 3.30346:3315 3.36607:3714 3.38059:4251 3.40432:4655 3.40439:4941 3.42439:5098 3.4312:6251 3.45363:6825 3.46404:6972 3.49369:7657 3.50865:9588 3.51017:9751 3.51589:11542 3.52938:12190 3.53057:12820 3.53547:12936 3.53815:13211 3.54178:14421 3.54543:15468 3.54696:19156 3.55536:24791 3.56035:26662 3.57743:29969 3.59559:32148 3.59665:48623 3.59706:49969 3.5985:51057 3.60615:51138 3.60887:56903 
227 639 1865 1034 873 532 1158 1045 1237 1891 1310 1829 1223 1380 1221 357 1374 1834 1407 612 297 693 234 1838 30 1312 1961 982 1890 483 1739 173 1078 1031 285 550 427 928 1118 1473 879 1216 82 1304 1923 508 546 291 176 1390 1191 726 1087 1626 237 568 767 754 732 1756 869 1672 1056 1810 1225 19 903 1361 1714 1542 1863 443 1108 503 1658 266 1067 590 1909 1493 58 1803 558 1888 1176 664 1559 1063 1959 945 931 137 1789 240 119 423 1003 1398 1975 1540 193 97 1817 1742 1142 460 209 828 1051 941 1590 1372 1506 652 29 777 1436 567 831 332 95 1653 68 923 401 250 497 1983 1080 65 301 136 1046 1405 1797 1119 1702 117 715 1464 919 1896 1207 845 649 604 1193 1177 456 1359 596 556 579 1467 1438 1544 152 955 1465 1933 1151 212 78 388 1202 389 1131 561 789 1995 1513 1675 203 632 164 821 1328 311 1502 1130 1814 1040 480 1172 1606 70 252 1886 841 696 1691 1682 1818 1644 1394 321 466 1562 1454 1541 1351 251 1801 1727 223 1391 1315 638 990 626 1182 1439 778 1107 395 204 481 496 1256 168 1052 1230 755 445 1761 1479 1524 645 1912 1771 1723 375 829 201 1556 1128 1570 1171 916 1501 1205 464 148 1578 654 1463 1495 233 421 1996 1656 1560 243 720 877 527 1247 247 488 1094 1698 62 1749 138 1106 1726 1609 433 220 1375 420 1318 351 211 1271 446 112 1892 1393 1274 186 41 85 1852 1561 899 1816 801 385 667 172 1762 633 198 1954 534 1305 1690 1647 858 849 35 908 36 1703 33 114 1121 51 304 1904 837 608 1569 1203 1768 1746 476 366 468 239 1072 1330 703 1093 698 1043 115 729 804 1001 42 1285 358 1143 1297 1680 614 1053 415 1334 744 795 379 1073 684 1527 1022 1147 976 1367 60 1579 1010 484 1427 628 1127 1434 1192 1442 1250 1402 2 1737 555 875 88 470 1629 583 1048 340 949 933 1024 950 935 1580 275 81 865 616 1936 985 1867 1950 1681 1365 1573 870 1828 500 1486 1302 1233 842 440 2000 236 1582 1654 1567 585 16 1720 1978 300 647 844 751 753 1862 1645 1379 1244 160 657 901 1446 930 334 74 502 650 
minDistance: 3.60887
cost: 368468
capacity: 299021
time: 56903
maxTime: 60000
LS1: 19233/20130
LS2: 426/897
LS3: 0/0
shakeIters: 439
shakeLoops: 38
