2.90379:858 3.30346:2339 3.40432:3853 3.41817:4093 3.4312:4613 3.4419:5028 3.44566:5180 3.44938:5864 3.46404:6641 3.47448:6977 3.4877:7879 3.49369:9367 3.49444:10348 3.50069:11445 3.50734:12930 3.50865:13118 3.53826:13814 3.54543:14068 3.55663:16850 3.56035:17150 3.5682:22310 3.59559:27163 3.59665:37955 3.59706:43355 3.59926:51552 
1486 916 212 576 1760 561 252 742 724 227 154 137 1513 1512 801 69 1088 1205 143 1148 206 1193 1151 844 1374 1951 351 842 468 1471 984 375 1580 392 1730 1063 1959 834 1645 1950 780 1010 112 1902 417 944 33 845 29 223 750 1874 1080 1454 415 1662 1686 1405 1230 1427 475 411 1892 1128 532 933 440 804 583 236 814 1410 1093 1092 963 1672 1700 795 1350 292 1626 1119 680 1852 667 1942 421 1391 1865 1570 1048 460 1523 1108 1433 1223 1644 1961 649 1756 1559 1191 254 1042 1127 938 582 1067 1177 1390 431 1368 688 65 1464 172 1371 1335 639 1036 1909 1565 420 1242 204 1728 572 1495 240 1393 62 1394 1668 1796 58 707 1493 1072 1250 1582 1819 354 1912 2 509 1797 1897 1923 935 136 1213 1179 502 1051 1888 877 1773 1385 1342 119 585 54 829 906 928 1439 642 41 117 778 1221 823 645 152 1727 297 497 1216 664 1675 1436 1954 673 185 901 359 1318 745 1225 529 821 835 348 761 971 542 1856 162 173 1380 1658 199 97 619 1412 1199 631 1290 220 1200 1569 1238 1502 1399 291 1413 1540 1941 470 1089 807 1379 1106 1862 369 35 68 1463 850 170 828 1192 88 265 1630 777 1814 1682 849 1008 1748 280 476 574 508 268 1248 434 961 1988 819 250 110 1398 870 1233 510 755 1189 247 1863 1034 211 1975 1334 558 1381 198 1372 1121 1237 209 657 1147 427 1810 414 340 720 1917 358 446 1820 1737 1929 1261 685 683 104 1720 1273 909 456 1788 654 176 990 1632 1996 1980 295 66 1407 115 433 1274 1056 1062 249 726 8 1828 1328 794 885 304 1310 1541 495 1024 1071 1434 1771 1752 1606 1698 908 1834 370 556 1046 1219 1544 869 715 105 1361 488 879 1789 238 930 1357 1468 16 647 525 1040 1444 1476 385 2000 837 50 1577 1803 395 114 991 1729 13 1001 1527 1446 365 1681 366 1801 1746 1143 1798 1829 1365 684 1203 1647 955 1456 1324 89 1467 423 1629 1136 160 1045 243 947 461 404 1604 689 1744 616 1479 1226 42 178 1229 1181 142 1402 1367 491 234 941 544 568 179 866 1183 285 1590 1271 703 1304 1158 1957 1351 1110 1400 614 1978 74 267 
minDistance: 3.59926
cost: 366711
capacity: 298787
time: 51552
maxTime: 60000
LS1: 20001/20936
LS2: 453/935
LS3: 0/0
shakeIters: 457
shakeLoops: 41
