3.19682:2350 3.2744:2830 3.30142:3258 3.31727:3715 3.34684:3930 3.35764:4192 3.46404:5100 3.48229:5388 3.4877:5875 3.49444:6543 3.50865:10570 3.5119:14119 3.51589:15755 3.53057:15853 3.54543:16655 3.54586:22023 3.55676:23431 3.56035:25750 3.56836:37640 3.59559:44357 3.59665:47507 3.59706:49723 3.60887:51053 3.61676:54710 
1028 532 1374 1675 1559 154 1003 126 1988 247 616 1890 378 1647 705 923 614 1513 1917 1950 853 772 1685 734 51 1410 1727 1217 385 1710 1365 57 440 1728 1176 223 1951 754 389 351 955 1407 1720 236 1437 1544 1862 941 613 468 227 375 1335 985 1001 366 1511 916 172 866 1106 168 1965 485 1582 254 58 1408 354 1974 1119 226 142 1803 893 1223 1471 1560 1385 30 1233 491 42 1393 1369 814 1067 1296 1283 1347 1735 1730 1961 1031 1040 1367 318 265 1771 433 952 146 1458 1131 926 1565 848 1868 415 1978 535 74 608 1714 1820 1409 568 1342 1399 626 1650 1590 1046 421 1380 1980 1203 737 573 1200 1475 1680 1726 1912 1473 971 1915 1780 1351 794 932 1495 251 1702 901 777 800 78 788 1872 1737 561 1242 1379 649 792 340 1682 930 1277 1164 1056 1219 1446 1864 1698 778 206 500 740 211 257 1746 1261 1562 1975 1761 1063 647 625 1177 1324 1448 445 68 1089 1688 1486 114 488 1273 975 745 604 824 193 1072 370 16 710 1368 1172 95 88 1466 1789 1290 1271 1191 845 1700 1500 638 1512 417 72 1207 619 1416 128 1142 703 1051 1125 738 1774 780 1285 1391 222 936 1221 519 695 237 297 1502 65 69 112 1071 1783 1954 1405 579 1749 427 1256 953 1454 987 431 441 1703 642 189 753 1828 877 667 1668 136 715 82 29 1567 138 348 1556 1990 1310 391 1658 664 982 204 1058 904 446 496 1897 256 1312 755 1155 40 456 1225 959 685 143 1644 680 645 1570 1797 999 829 1629 33 908 583 582 1959 117 643 1192 1798 1892 1143 1244 660 1943 849 13 1995 879 1394 1501 1933 1053 1356 1459 698 1315 210 1216 1439 460 1121 1111 1127 993 556 5 1744 529 1508 1334 191 1661 919 130 1840 1124 1801 885 1130 1230 1328 1004 973 1523 137 895 173 1274 846 558 304 250 41 234 1626 1479 542 1804 252 268 202 1398 899 1994 944 1799 119 1427 285 1108 1059 1630 744 192 1817 238 576 545 562 1461 789 1363 1838 414 1585 401 1874 198 260 684 1586 1128 1463 115 1027 1350 1107 984 1773 1923 1577 732 1358 1110 821 66 508 834 1666 425 1213 152 1202 546 585 595 961 291 1899 1865 270 943 776 382 631 1237 1540 1588 1996 
minDistance: 3.61676
cost: 362970
capacity: 298802
time: 54710
maxTime: 60000
LS1: 20466/21396
LS2: 455/930
LS3: 0/0
shakeIters: 451
shakeLoops: 42
