3.07602:1696 3.11819:2180 3.17073:2865 3.21406:3581 3.27931:4376 3.3003:5097 3.30179:5361 3.30599:5451 3.32399:5631 3.40248:7059 3.45082:7929 3.47251:8521 3.47448:8737 3.48229:11116 3.48682:13551 3.4877:19537 3.48783:22331 3.49369:22828 3.5119:36581 3.51589:43124 3.53057:45503 
1786 1461 389 68 99 1271 1803 1543 491 1024 590 23 945 425 625 172 1627 1590 50 616 955 556 1067 1329 1852 1876 1738 1095 851 1645 112 1649 472 488 806 990 1486 115 1936 415 1647 421 1933 1617 729 385 236 732 1451 1244 1801 65 496 1183 268 450 414 1141 458 904 254 30 1296 1644 1046 582 1767 1202 827 848 1435 1154 1253 1390 248 423 720 1626 239 388 1723 1147 754 1004 888 843 468 186 546 1351 1978 1213 789 1191 775 1714 845 1585 1896 1915 1108 498 1304 1051 1569 1922 1890 1385 982 641 1726 930 1942 48 877 87 318 1142 1629 1003 630 1380 58 801 433 1233 267 1601 772 1663 1728 1565 1944 1666 369 555 1407 1283 1749 1285 1495 446 1567 870 1203 1872 1577 1796 1464 384 1797 1789 1675 370 81 858 1829 1917 1229 626 1182 1105 1570 798 1483 1340 375 628 703 1719 1912 1561 596 179 835 54 906 1054 78 529 1746 1820 584 495 1274 1975 1698 873 1463 576 1761 1001 1680 897 1310 1429 270 1513 1318 176 1515 464 57 1865 1899 223 1716 1092 1707 966 931 1833 849 143 1223 1056 928 1860 357 1506 366 1043 41 137 1559 1902 1159 1238 710 1192 334 755 1950 746 715 583 932 1562 771 126 1106 585 152 865 907 1094 1297 1420 73 1040 309 1136 1080 354 440 1237 685 1980 788 1287 1816 1405 1780 1151 664 1886 1607 1131 123 456 1172 201 1391 303 1682 325 745 348 1436 920 880 1951 1089 295 1540 1193 941 265 558 650 774 435 1121 185 604 1454 1312 285 660 714 614 1425 1489 1261 519 234 293 321 304 74 778 1501 429 1216 984 243 1453 1892 961 1438 484 1177 1862 1368 777 542 1130 619 1409 1247 938 842 1838 1078 1190 1367 1541 292 1545 1985 1127 322 1544 455 1804 825 916 507 193 1828 1756 301 753 130 568 88 291 233 77 1745 1710 395 349 1919 1415 918 1158 212 794 854 665 1874 985 1189 1864 192 252 1059 85 1799 1222 19 1410 1359 513 1143 1834 393 200 1442 136 1836 114 1365 1017 1110 1533 1840 1702 828 1623 276 1921 987 1990 100 1045 104 1053 1798 1658 784 647 1372 1002 1560 1256 1687 392 534 511 36 1737 574 922 1277 297 1546 1576 1393 1443 1720 821 893 97 726 460 
minDistance: 3.53057
cost: 368327
capacity: 298802
time: 45503
maxTime: 60000
LS1: 20151/21032
LS2: 391/881
LS3: 0/0
shakeIters: 469
shakeLoops: 42
