3.11034:1889 3.12192:2095 3.1479:2275 3.14987:2590 3.23659:3375 3.28343:3661 3.29996:4511 3.30142:4666 3.31727:5705 3.3932:6230 3.47251:7604 3.47448:9595 3.4877:9953 3.50683:10794 3.51017:14412 3.5119:14598 3.51589:20243 3.52558:22740 3.54543:24521 3.56035:27696 3.57069:27961 3.59706:28373 3.60615:36212 3.61122:49597 
816 1130 1954 1923 257 414 844 1334 1107 1988 1728 1034 28 437 1511 1314 1746 1773 1138 857 1899 865 737 1959 1169 829 1737 1994 1990 1399 778 1569 1372 1454 1238 1277 115 301 1912 529 1237 1056 1342 753 1024 684 777 88 1043 69 1756 185 392 1867 1003 1928 366 1739 403 68 1291 1576 243 944 1367 1783 265 834 583 1842 508 885 321 1471 1031 1829 1233 1793 1111 162 1374 1432 1086 664 446 660 1663 1617 1644 104 1668 334 439 1192 928 178 1473 411 848 1040 1714 1917 1559 29 1461 604 555 1053 310 842 726 1348 734 152 688 1658 256 642 558 410 632 987 596 1183 527 1510 298 211 1975 955 370 1177 137 80 780 606 1393 647 1502 1407 1752 36 385 160 176 1810 1438 1300 219 470 1172 1915 794 117 266 1387 97 1361 1118 1048 1798 445 1874 1379 1727 1036 973 58 1294 1357 1058 1834 143 1856 325 1523 237 1823 1127 907 1567 425 250 792 866 982 936 82 645 136 1495 285 835 1582 206 1106 1961 460 128 1797 1464 1493 1310 1951 468 1380 1463 42 1762 1860 491 720 1771 1691 1680 1699 924 1726 1541 1230 1142 1654 828 429 938 1182 945 1063 1682 1974 488 902 1143 261 1221 1604 220 825 707 502 614 685 233 249 57 1405 65 1560 703 1544 1840 710 1864 1359 1950 204 227 916 901 1489 1318 1067 434 847 1046 628 568 879 1285 975 971 254 1385 556 192 1427 1435 1774 1035 1073 1108 814 1274 985 1283 16 1216 1929 1933 433 1978 269 78 1296 1556 8 729 1816 415 1730 247 199 421 1158 1490 1080 1801 179 1059 1416 1119 667 1391 268 212 804 1656 1351 450 1562 297 500 949 1121 1650 1820 837 1890 775 899 686 849 236 1996 311 776 291 1980 1312 919 732 698 1995 1876 440 930 1295 74 1675 1095 1304 1852 904 1629 1944 1804 1176 1952 1072 1749 1479 496 252 1588 926 1376 1924 1136 1328 1838 1626 1165 1565 1365 41 1540 33 961 226 1720 1446 375 1647 1803 742 340 1330 859 357 1271 1828 1865 1261 821 114 1078 754 665 35 198 990 1814 456 186 576 1358 1512 1439 626 1501 138 873 638 1051 168 91 1528 112 1383 304 1892 401 427 554 1042 1973 506 148 1486 1250 60 
minDistance: 3.61122
cost: 370144
capacity: 298908
time: 49597
maxTime: 60000
LS1: 19212/20109
LS2: 442/897
LS3: 0/0
shakeIters: 431
shakeLoops: 40
