3.11236:1825 3.3932:3014 3.40135:4252 3.40248:4381 3.40439:5085 3.42194:5450 3.44566:5924 3.45672:7897 3.46404:8400 3.48229:11270 3.48423:12603 3.49369:13007 3.50865:17695 3.51017:25468 3.53826:28890 3.53944:29623 3.54341:31302 3.54543:31587 3.54696:37314 3.56035:44313 3.57069:46897 3.57344:49524 3.57743:49664 3.58689:51198 
1436 1962 842 1192 1857 908 1863 1006 385 1675 433 613 1556 1896 1398 744 829 392 885 1434 1405 1917 199 303 80 351 1862 432 534 1060 1106 1730 1089 1980 445 1274 280 1840 421 1439 431 1468 1576 1501 1852 446 1891 1142 961 1177 1629 1486 250 178 1223 488 848 2000 1410 835 1246 542 574 16 1456 1886 1797 604 824 684 1965 639 1127 1698 1119 582 825 1183 938 379 583 391 1590 474 114 1644 623 1702 688 1003 1493 985 1393 1381 496 297 1542 1912 104 1379 215 1804 1562 1453 1506 904 875 973 1692 1034 397 1714 285 464 1454 1130 69 1277 1143 1976 755 1645 33 1283 1033 185 993 257 596 375 128 60 660 645 1978 88 1961 1169 794 1746 821 456 796 849 560 1193 470 212 1216 695 792 1286 680 206 115 1186 142 492 550 1296 930 1803 1816 152 415 694 481 1771 1312 814 146 1036 455 47 777 1385 1053 325 1040 1080 1738 1658 1999 804 186 97 468 1012 863 539 693 642 1794 667 754 1833 1475 1620 657 710 951 631 367 800 626 65 1617 1814 277 917 852 238 243 236 209 70 585 782 619 1368 58 460 176 664 1860 1710 1988 173 1081 1929 1872 1588 873 1058 514 726 366 1372 137 172 879 1024 865 247 888 870 475 1094 369 617 511 340 982 1221 1380 1890 291 1369 1996 1367 1495 558 1365 1273 370 1409 976 1267 92 1061 334 1364 1799 1374 1745 995 1700 1128 1915 414 1051 859 1654 1162 1892 1464 1582 845 1528 834 1994 753 1257 1350 1559 831 1966 1318 1463 1059 168 348 625 1975 29 53 437 916 222 234 1071 252 1063 1121 1680 1230 837 720 1558 1304 1377 1819 1446 1580 1544 1351 1172 844 1046 1573 1108 776 1577 1435 461 1416 556 170 41 440 1894 703 907 50 211 1428 11 899 253 1583 1042 1763 1682 1834 1271 1213 42 1570 1791 1626 1171 1334 1056 1341 276 1057 1647 689 745 371 1512 1604 647 1838 1358 1502 1067 1829 78 1801 1179 272 595 1045 1864 198 1244 941 1190 165 66 1688 1202 202 1219 112 960 311 1110 203 1413 568 1027 434 601 109 1726 1391 1865 136 734 1407 1310 1004 1107 1778 1191 1954 1513 401 1540 304 1509 1237 1810 
minDistance: 3.58689
cost: 369372
capacity: 298781
time: 51198
maxTime: 60000
LS1: 18780/19747
LS2: 509/967
LS3: 0/0
shakeIters: 434
shakeLoops: 37
