2.90379:769 3.35764:2806 3.40432:3370 3.41817:3596 3.44566:5635 3.48682:7209 3.492:8599 3.51017:8906 3.5119:9815 3.52771:11147 3.53012:11227 3.53944:11934 3.57069:12586 3.57615:12852 3.59706:12998 3.59926:13243 3.60731:13653 3.60887:13933 3.61122:14012 3.61427:15957 3.61627:17060 3.61676:32682 3.6193:48350 
1556 275 877 1347 688 870 973 1128 1923 154 1001 1176 30 814 1391 1136 1888 406 1515 1838 193 1121 1726 1043 1902 755 1696 78 1342 1742 41 480 247 1486 1650 1367 1487 1410 647 1577 212 1599 1375 926 1929 844 1797 984 961 285 1654 1912 1541 1801 297 1067 734 1680 16 715 1891 370 461 645 1951 1607 1814 243 899 1283 1437 346 468 119 1789 1653 427 1461 227 631 1656 888 1485 837 1501 178 415 1810 534 1416 558 804 179 1694 455 556 2 933 1089 1773 1728 136 1143 19 479 1961 1187 649 393 1454 1106 434 185 1155 1528 778 1463 1318 1177 1464 660 842 198 1774 1865 69 1223 1405 440 470 638 446 1495 293 487 1359 68 689 291 1417 207 1904 1357 1192 1675 614 985 1004 1736 1056 311 1817 1803 1737 657 1593 1048 357 1506 36 1841 1816 732 1689 1924 866 1393 1034 1456 1118 1351 1702 1562 211 941 1666 1780 502 1629 1682 582 74 1473 1965 1959 1649 1559 1107 1162 395 1744 1756 85 1234 1540 698 168 1127 117 1315 1361 456 1069 1164 112 488 460 1909 1714 901 1890 1752 1010 355 1727 1237 366 410 389 1985 431 1988 1172 726 955 1698 1852 137 1446 1434 152 1427 1523 1644 625 1219 1860 703 1207 1158 1863 432 172 745 1216 1975 1606 1502 1334 1094 35 1293 816 114 276 1200 1588 542 1942 1328 1311 1589 1489 1221 348 1399 1834 1467 1748 385 873 1870 1763 642 1087 1202 720 821 1647 146 252 238 568 1512 1130 1183 1668 1872 301 1169 1983 829 1407 944 160 630 1892 1565 1582 1003 1603 222 667 825 1513 1954 1296 1784 845 576 1368 1080 429 1271 1570 774 1995 831 1746 753 1749 916 58 1139 95 1294 483 115 1627 1777 932 1274 464 707 1242 1191 236 1544 1054 1040 827 1567 1580 553 1799 879 1051 421 433 304 233 1818 1142 982 990 1385 1310 266 875 1304 1031 414 345 1829 392 828 1372 88 924 1312 1862 251 632 583 495 963 604 1695 1046 1778 1761 42 908 1720 1730 794 33 1439 1783 295 1358 742 1379 1874 1555 60 1095 1921 358 1978 1213 506 1626 1071 417 1950 375 1093 1244 1277 930 65 922 991 801 1119 626 1710 234 300 1042 1053 772 928 1398 1380 777 1658 1511 664 
minDistance: 3.6193
cost: 370068
capacity: 298797
time: 48350
maxTime: 60000
LS1: 23100/24010
LS2: 360/910
LS3: 0/0
shakeIters: 527
shakeLoops: 48
