3.03589:1736 3.09981:2270 3.1479:2611 3.19032:2974 3.19682:3226 3.24648:3483 3.27794:3700 3.34684:4114 3.3932:4636 3.40432:4898 3.4419:5938 3.46404:6313 3.4877:7860 3.49369:10411 3.50069:10811 3.50865:11157 3.5119:12909 3.5288:18243 3.56035:19772 3.57069:22818 3.59559:22903 3.59706:23523 3.60615:23810 3.60887:24921 
1544 1164 982 449 1108 1988 737 1801 136 237 585 1623 114 1257 726 1296 1312 1746 729 1810 1942 1816 527 1067 710 1043 1968 1777 1512 1559 1350 775 1127 478 1862 953 1917 485 944 1045 1997 1464 238 1443 1177 1738 1650 1118 392 926 92 561 1745 1046 865 1233 119 220 130 1819 1974 845 1439 300 1894 1890 222 750 1517 1252 1582 1363 583 270 1899 277 366 1912 1351 985 1789 631 1682 1562 754 647 1283 142 1407 370 778 1950 1374 546 1570 29 203 1541 1667 1726 1179 1728 556 1189 1040 742 506 715 1804 1891 1523 1365 297 1951 1429 829 532 459 625 1735 1130 1710 847 1540 703 1803 198 1225 65 164 1863 476 236 1438 97 1364 568 955 821 1428 223 558 1833 1915 1626 389 542 508 395 1947 604 873 595 1461 250 240 58 689 1274 375 1186 1203 1372 816 291 1393 1010 1079 73 117 745 1466 1334 834 875 1192 1059 234 87 1929 57 456 1959 1617 243 176 1416 626 1434 499 168 1147 755 771 42 941 630 455 828 1788 172 1310 1654 88 66 1271 1975 1028 1056 667 1391 1176 1347 115 1315 1454 1394 1588 1051 1205 1680 247 252 74 935 1242 354 1114 460 1357 488 301 206 1936 1630 638 784 48 1399 1050 1358 1081 616 1756 1238 1609 1027 1513 1004 1409 1486 491 1647 642 358 1978 1380 285 601 137 844 507 1772 318 936 233 423 283 1063 227 191 1180 1229 930 1093 1172 397 1698 837 720 698 1892 1330 385 1379 879 1785 660 1223 1077 776 1773 351 1230 639 1838 502 1796 112 1367 853 32 1744 1183 1720 1335 1828 212 1774 1237 1933 984 1919 304 801 446 732 1003 1668 1797 1829 885 753 104 1190 1385 1256 788 842 1405 916 1658 1586 1142 1143 794 348 1388 923 1748 1806 1191 152 1121 1119 664 1342 1182 529 693 1923 1213 1371 1359 657 473 1181 292 1479 899 431 814 186 1463 1874 877 468 41 1459 226 433 257 440 30 421 1672 1910 1244 1304 1221 767 866 1502 1666 1629 1489 1567 1318 1110 100 938 415 1001 1328 724 411 199 68 1683 555 336 1996 619 1107 1577 1398 888 1780 1749 641 645 425 1202 1861 1073 1437 1368 1944 1573 211 1580 919 464 1124 576 1606 
minDistance: 3.60887
cost: 363615
capacity: 298737
time: 24921
maxTime: 60000
LS1: 20996/21941
LS2: 456/945
LS3: 0/0
shakeIters: 465
shakeLoops: 42
