3.2744:2841 3.30367:3246 3.35764:6190 3.36607:7548 3.42104:7884 3.44011:8321 3.44566:9061 3.46404:9550 3.47614:9817 3.48682:10230 3.4877:10457 3.49942:12171 3.50865:13007 3.5119:13671 3.53944:14607 3.54227:14801 3.54543:16273 3.55663:18087 3.57615:18613 3.59665:18870 3.59706:19041 3.59926:22138 3.60615:57615 
837 1569 754 443 583 1791 1502 1379 829 647 626 1556 1221 631 1351 456 1482 1952 417 234 881 545 794 827 1031 951 1778 58 680 366 1891 710 1714 348 488 1710 541 845 87 1435 1434 834 742 973 601 401 476 1894 65 1350 1205 753 450 1285 1917 1876 114 165 1728 1438 1416 1323 1763 1617 778 875 1087 1143 1626 122 755 903 475 1172 1598 285 1407 1797 642 78 941 1010 1164 1334 1122 841 206 1513 1078 945 1951 924 265 510 824 726 935 293 32 1127 1975 1211 1277 734 745 1541 1929 1283 80 873 240 1978 1493 483 1953 1810 1647 1393 1380 211 375 1746 280 1093 82 162 236 1638 1367 1216 831 1582 1341 1604 257 104 1867 1294 630 304 41 467 1230 1862 1855 318 168 883 1959 1365 1682 74 487 1399 616 684 1034 1961 179 879 1861 227 1768 35 597 907 1180 1467 1720 357 88 1056 198 582 1661 1436 506 1193 844 801 193 1417 1094 1892 1834 715 1202 1997 650 1412 292 1446 816 1828 847 529 1092 776 888 1645 15 561 916 1748 1588 1903 982 1361 1225 185 857 777 1176 1328 1442 1223 466 1108 1680 990 1825 1473 1580 1573 1629 369 460 1130 1454 1131 1165 1376 1358 1410 1773 502 1371 108 1405 1310 1921 100 276 1816 222 1192 1461 901 252 1857 1080 421 1703 461 1762 1048 902 1121 961 209 1233 508 1912 1312 115 437 855 848 849 1577 1387 1142 264 1915 392 546 1829 468 1670 1237 1391 1803 558 495 1486 828 1623 1107 645 619 1439 1681 863 212 638 1544 1865 136 370 1559 1788 1730 1456 1250 704 42 1761 1798 854 804 677 5 441 1372 1656 1291 1512 248 112 843 796 556 1045 814 614 985 1864 1058 1369 568 1040 271 367 470 1027 1752 1147 664 596 251 1700 1888 1726 821 1342 842 859 1084 1565 432 955 1954 1724 1940 1071 1219 415 660 97 1119 1612 1774 938 1698 77 1177 695 930 1271 1111 1477 16 1059 500 604 775 720 247 1046 433 944 440 286 459 1540 1459 1344 152 1965 1444 69 186 1742 1063 1256 1944 657 1988 117 1463 1838 1423 1890 1801 1089 1957 1495 1273 1799 865 670 1036 1511 1427 1051 36 1644 1870 414 663 1515 1874 1067 698 420 339 385 1738 427 1274 1315 1683 464 
minDistance: 3.60615
cost: 367844
capacity: 298914
time: 57615
maxTime: 60000
LS1: 19119/19965
LS2: 401/846
LS3: 0/0
shakeIters: 422
shakeLoops: 37
