3.20195:1995 3.3932:3412 3.40248:3652 3.40432:3819 3.41817:4344 3.42439:4528 3.44192:6309 3.45363:6725 3.46404:8485 3.47251:8857 3.4877:11164 3.49942:13992 3.50683:14157 3.50865:14804 3.51017:14930 3.53826:16011 3.55898:16373 3.56035:17906 3.5682:20597 3.59706:20947 3.60615:30134 3.61676:30238 3.63467:34949 3.6409:37307 3.6412:55631 
2000 142 350 1393 1735 1757 450 1252 1748 1429 1955 1738 1110 1069 1380 115 1629 1486 825 266 160 114 1200 576 715 821 888 1816 1495 1216 303 1978 185 1040 930 439 366 737 375 961 1048 1862 844 1127 680 1439 726 583 30 1820 1580 1128 949 506 1972 933 421 1482 1332 1797 443 1344 112 642 848 351 1828 1582 1359 1783 1670 1515 1834 1164 1336 1888 205 683 831 1545 1142 1407 732 1250 1312 119 1437 276 955 1374 370 698 1181 663 488 1080 1416 1222 1778 1829 1256 1294 1789 280 1791 485 601 1662 650 982 1839 1923 835 1606 66 550 1323 829 657 630 1191 1410 1513 1588 1304 1912 1954 301 660 801 42 172 1159 777 80 1454 938 1589 189 1952 1885 468 720 775 901 1655 631 1417 1329 35 1158 751 837 446 1053 1647 1890 1059 1803 779 385 16 1763 1057 1001 778 1334 1092 1801 1176 456 233 897 681 1271 1046 1044 1856 916 1512 877 685 1467 1798 198 804 1780 369 431 1238 1036 441 1523 1896 935 57 206 816 1106 755 991 254 899 1980 824 1838 240 582 729 1108 1378 1653 1617 58 973 179 1056 828 1858 1143 1682 415 1351 1361 136 1107 1283 945 1119 1379 423 73 227 130 702 879 734 348 162 1192 1744 1274 1310 1502 527 1093 976 470 1852 1726 556 1121 1863 420 1063 427 1917 1842 252 1543 1335 1368 1434 5 247 1293 638 1182 1601 401 297 476 990 1501 1259 1183 1285 1147 944 285 1644 1570 33 65 68 1131 1577 608 845 614 647 1427 814 1933 645 1902 1688 69 1714 483 201 1666 1959 1899 1658 154 1219 152 1630 1223 265 1058 1375 568 873 1892 425 561 834 173 903 499 1412 440 1465 664 558 703 1544 1620 843 148 391 1542 117 794 847 1585 500 1604 688 842 870 492 76 1067 1760 414 1737 1765 710 236 249 1559 8 1357 1318 212 1242 137 1476 1599 936 754 1562 460 1645 782 1579 250 121 1365 1788 1367 464 1556 1727 317 1929 1810 1172 378 222 619 1774 1210 191 168 88 1756 221 1277 1177 1376 48 82 1358 1230 1237 304 1205 193 1773 1391 667 1372 1446 684 97 192 1463 1399 211 1090 849 626 1442 1247 1730 1043 1213 542 257 1573 251 234 1012 1051 1799 1865 
minDistance: 3.6412
cost: 362844
capacity: 298816
time: 55631
maxTime: 60000
LS1: 19280/20133
LS2: 406/853
LS3: 0/0
shakeIters: 422
shakeLoops: 37
