3.18533:2119 3.19682:2367 3.25093:2831 3.2744:3272 3.27931:3404 3.30142:3727 3.30599:4358 3.31837:4854 3.34012:5027 3.3932:5510 3.40135:5622 3.42439:5920 3.44185:6465 3.44192:6762 3.4736:7078 3.492:7285 3.49369:7923 3.50069:13878 3.50361:14174 3.50734:14409 3.50865:14984 3.54178:15190 3.54543:20057 3.54696:20252 3.54885:31165 3.59559:32877 3.59706:50093 3.5985:53059 
1369 1446 1523 212 1383 1959 1828 855 1261 1051 1230 1334 137 754 1216 1372 1034 297 1495 828 847 870 476 1512 1379 1413 421 461 1170 535 1980 176 1080 441 1063 885 1398 1588 1961 1092 1231 1978 414 1680 80 804 431 778 508 861 5 304 614 1431 738 311 87 1191 301 1142 1442 168 401 309 119 69 1814 842 1110 1890 649 638 88 185 1818 1394 567 1342 385 254 1780 627 33 1559 199 916 351 1730 1485 460 1244 206 1954 370 1803 1582 863 60 240 1278 115 582 275 845 58 1434 1493 554 152 1909 545 1177 348 1720 1783 389 824 945 456 660 1463 645 1247 746 1703 179 904 1473 1935 1609 1459 1874 1436 1752 1486 42 250 1365 1580 875 1048 468 1606 903 718 893 1817 1479 961 558 1087 136 222 935 1439 358 30 122 1556 630 1511 65 104 794 445 584 1285 154 772 1312 1127 680 753 1714 1304 1644 434 568 1995 209 237 527 1310 1417 265 1036 172 1774 973 1501 160 1892 835 1544 1951 1506 1540 1647 1205 285 1975 242 1448 1728 68 933 1182 1259 985 1237 1681 519 1682 1010 1717 631 1853 114 841 901 1675 142 249 506 1804 1094 941 955 375 1045 801 625 963 178 1024 2 446 775 95 608 1599 1645 826 1727 464 1773 647 1929 1629 982 1393 720 13 930 186 1359 1626 1798 427 1407 932 491 1375 1433 626 1570 821 1456 1427 619 1147 1658 1367 1955 105 616 1207 532 1221 521 776 1632 1630 1283 732 496 1943 698 227 1233 440 1277 755 1515 928 502 684 1923 1416 1710 829 483 556 292 443 1031 303 35 1361 1789 1128 1335 583 1223 1791 751 1801 417 1573 944 1429 1381 744 488 695 1957 51 1200 1172 1056 1176 475 837 322 576 1274 1683 1653 1797 1891 1915 41 1179 8 1461 993 1412 518 1666 879 1567 1760 277 1737 1240 1067 546 433 1513 1726 276 1121 974 189 816 849 1136 1109 82 1988 1438 777 1046 1141 667 1489 234 439 1380 1899 74 689 734 1944 873 1950 1358 669 1688 1912 664 1876 266 1661 702 1702 1437 223 1391 1106 1862 1535 1788 1202 128 834 657 899 1267 585 1746 947 236 117 112 1399 261 1130 1834 252 601 1143 1454 888 561 1040 366 814 66 1192 990 1502 1861 291 1670 1318 
minDistance: 3.5985
cost: 368818
capacity: 298743
time: 53059
maxTime: 60000
LS1: 17864/18778
LS2: 477/914
LS3: 0/0
shakeIters: 409
shakeLoops: 36
