3.08336:1618 3.20195:2811 3.30142:3580 3.31895:3902 3.34483:9400 3.35541:10802 3.41817:12030 3.44938:13246 3.45363:14072 3.4877:14528 3.50683:16388 3.50718:18390 3.50865:19073 3.51017:29052 3.53057:32800 3.53547:37335 3.53826:40100 3.54543:42122 3.54696:44681 3.54885:45285 3.56035:47269 3.5682:47533 3.59559:47790 3.59706:50485 3.60615:51825 3.60731:53004 3.60887:55560 
1242 1771 304 73 1277 1909 173 870 928 1876 1988 1585 859 875 1744 1315 1714 1582 1728 1226 1405 917 1334 1237 351 1858 1797 1852 88 1037 192 576 1810 168 1543 1527 1256 1865 1193 291 251 247 130 1433 303 269 873 1680 209 1182 821 385 924 203 993 137 647 720 1121 561 654 926 1136 459 1936 1385 1996 984 1191 991 48 152 1544 1620 375 297 1976 112 1304 1365 684 389 801 1727 596 604 468 1629 726 285 311 1698 834 657 1456 778 1994 1560 136 1606 1467 1870 1756 1950 1444 777 1073 464 556 143 370 1951 1310 529 1332 582 715 379 265 78 1915 514 1124 30 1912 367 667 534 496 849 172 1202 276 642 703 1596 1285 941 65 572 82 1716 128 1107 1028 1523 441 1428 901 1668 1737 500 176 1368 949 1892 729 1966 33 1773 1398 77 1567 1057 754 1476 779 1372 1553 1791 558 1439 1119 1409 1762 628 80 1244 1216 1702 1502 1501 71 1588 420 734 95 1063 930 475 982 233 831 29 1274 1149 119 828 1484 1213 1919 1429 252 1391 1359 267 215 1658 877 446 625 614 1918 1142 5 538 114 626 178 69 1570 795 1446 104 1067 182 1108 115 1749 568 1402 1874 1720 204 938 632 1271 437 1466 1513 1093 1961 885 1590 1053 753 16 1512 950 1828 366 1172 1089 1379 631 1506 1273 1051 1654 456 542 608 348 844 1407 932 1675 772 1899 1412 1803 1105 1036 1143 1380 1891 58 755 866 616 1862 1247 1223 1562 395 1072 392 1106 1804 842 1042 1561 212 709 601 1890 1454 1556 1192 488 1626 1427 1878 1437 1601 1681 193 206 1577 357 1052 909 1127 1928 574 944 211 664 1435 1176 832 371 97 1434 1351 698 929 1726 1045 694 1019 1463 201 555 1118 955 431 1236 814 986 767 1367 1840 1094 1230 1816 1046 1059 865 223 645 445 1565 1838 1110 36 1576 688 775 1031 1164 189 649 1580 401 1090 164 1742 837 879 1131 358 1147 1493 1954 916 1394 1221 1130 824 1225 1358 1056 1009 1158 1374 1691 476 1783 421 1448 1453 18 427 250 1004 275 1655 510 1647 945 1040 236 1461 67 1356 1111 461 1410 1540 606 1183 1793 1719 1087 1688 470 220 516 1342 530 1801 1128 1044 985 804 
minDistance: 3.60887
cost: 370154
capacity: 298820
time: 55560
maxTime: 60000
LS1: 16259/17145
LS2: 480/886
LS3: 0/0
shakeIters: 379
shakeLoops: 32
