3.1782:2182 3.28269:2788 3.30142:3020 3.32399:3244 3.35764:5529 3.3932:5974 3.40248:6198 3.41817:7469 3.43525:10268 3.44938:10498 3.46404:10991 3.46951:12107 3.47448:12211 3.48229:12314 3.48682:13281 3.49369:15677 3.50718:20884 3.50865:24368 3.52771:25921 3.53057:27354 3.53944:30798 3.54179:35543 3.54543:38522 3.55676:40354 3.56035:44167 3.5682:48308 3.57344:48507 3.59559:56744 
332 257 821 238 1304 130 1180 755 1730 1524 654 1801 930 941 392 1742 729 1296 734 1726 1312 443 1662 568 112 1682 642 1283 1723 1630 1400 1222 414 66 1059 1172 904 1870 80 369 985 20 1147 1559 866 837 1318 1588 104 1756 285 775 1248 1219 1130 1166 115 468 601 461 1087 1334 297 114 561 304 885 1623 1531 1001 266 1422 68 694 1698 710 229 684 873 1717 186 1833 100 178 389 1816 583 1644 142 845 1413 431 1464 990 1121 19 1244 1380 1577 291 1237 1558 1727 1746 1045 936 1512 1436 1502 828 556 880 1647 1202 677 1951 1582 1829 749 1358 842 1965 1528 1461 1627 638 85 176 726 460 1459 870 1493 1620 1142 65 1479 1658 1916 1398 647 128 1003 1810 1997 8 1760 831 1446 280 223 1350 340 944 395 1791 411 1487 237 379 1407 1176 1892 351 744 667 1457 1695 492 933 1108 824 251 1119 1410 1899 707 1058 1171 172 496 1556 1285 1489 301 105 366 1057 639 370 582 938 374 1562 470 958 1128 1221 198 1434 1250 1444 1799 1450 649 879 143 1067 1891 1640 1774 844 397 220 1521 421 745 117 1200 348 1468 626 434 355 1486 488 657 286 1617 1107 60 261 234 720 1192 1183 746 595 1648 1509 1777 441 1230 88 1048 1885 1164 1417 1954 875 1934 1177 1896 780 1863 82 1864 1654 16 136 848 1978 1329 742 955 804 1042 311 1541 78 433 1011 680 41 371 1216 152 777 1368 1915 249 727 1784 1310 30 502 834 1131 1435 1626 209 456 1966 1590 1912 1431 799 1359 785 1294 445 698 1857 976 446 1580 137 1834 1975 1786 1143 1838 1666 1670 1027 1872 476 1758 1080 1629 1862 222 1160 481 440 1495 1710 1542 778 1852 1456 1789 1720 1105 1917 1437 888 1223 907 576 1439 1127 673 1681 961 1828 1501 1046 14 645 1804 1755 1485 1089 1335 1645 250 688 1803 495 1894 1515 989 529 1942 253 1036 1737 1675 1040 1393 916 1043 415 614 1271 48 1788 558 1454 801 1056 1409 1797 863 1438 375 621 1031 1599 1985 1328 1315 619 252 1959 292 1274 1565 1570 334 146 1051 42 236 1210 545 268 1768 973 1928 664 1463 660 1988 631 1205 193 1136 1544 584 982 1513 1576 1471 1191 1365 1367 1277 1190 597 794 1391 1865 715 483 
minDistance: 3.59559
cost: 369124
capacity: 298790
time: 56744
maxTime: 60000
LS1: 17736/18585
LS2: 440/849
LS3: 0/0
shakeIters: 381
shakeLoops: 33
