3.2744:2529 3.30142:3077 3.4312:5718 3.47448:6210 3.48229:6299 3.492:6392 3.49942:6862 3.50865:7199 3.52938:9085 3.53057:10709 3.54543:11971 3.54586:16979 3.56035:21117 3.59559:22723 3.59706:23807 3.60731:25094 3.61676:27813 3.6193:48391 
1623 647 754 660 949 1179 142 414 1924 1213 1658 1915 888 100 128 1852 1342 1653 1267 48 1495 842 397 583 558 222 1467 1375 1797 1374 1976 1798 1570 1728 14 440 421 630 556 431 1562 226 1003 631 1063 1118 1385 1192 1862 689 389 795 1087 596 873 657 1107 1334 1255 619 917 1668 1024 1089 448 1897 1431 1273 1380 487 1569 227 1488 66 1864 136 1702 1629 625 1655 1067 1372 502 1080 1580 1647 115 1839 325 772 1315 1555 1749 875 1310 684 1142 1954 32 732 508 495 42 1183 1950 154 729 1810 237 1119 1056 761 1577 930 1230 1727 206 1788 1912 1506 69 804 1143 1393 446 297 1865 434 429 1127 1892 62 1439 982 1391 726 1223 1128 276 1803 582 1899 792 1980 680 848 460 1801 164 173 88 293 1045 1479 755 1662 30 1233 488 1271 366 1528 1329 1707 277 542 590 553 168 1576 664 1762 1221 130 788 645 1923 87 1461 291 1505 1773 1468 233 470 1029 715 1190 1502 1594 1205 778 1277 1381 1294 1799 379 374 794 916 1405 1874 534 1959 844 1274 1513 1745 1917 236 475 1521 1410 114 81 260 1058 1541 437 932 1394 1191 1493 199 541 496 1737 1456 178 1834 240 1463 1559 707 1590 1996 171 1399 552 370 789 41 1617 698 348 1626 97 955 777 1376 456 455 65 1051 1777 897 439 247 941 945 551 710 986 1095 78 295 1001 1244 74 1351 1130 1402 1645 1436 1052 1426 152 1789 1870 292 1682 1738 1111 1237 1894 1631 1486 1093 1804 143 1691 616 669 109 303 1428 1177 1438 354 1828 1565 16 935 1714 1046 1216 907 450 468 1229 1730 1318 1176 1247 254 1110 1876 304 461 395 1860 1008 1582 879 375 734 1720 821 1368 1796 1891 1202 829 117 1200 885 1409 1890 1471 1744 1172 719 584 359 568 265 1004 1951 1182 1040 1312 1180 1446 1184 555 1427 828 441 572 807 210 614 938 192 201 491 1242 202 576 1700 1219 1454 1367 837 433 667 1756 834 1108 1501 1978 1567 112 1042 517 404 1975 1407 1816 1036 387 1523 1465 1568 827 1675 1829 252 985 1149 737 720 1544 1434 401 137 1222 899 185 845 392 1921 1961 959 1059 604 688 642 780 944 1121 212 1203 1285 984 1136 1283 1464 
minDistance: 3.6193
cost: 365754
capacity: 298752
time: 48391
maxTime: 60000
LS1: 20834/21707
LS2: 403/873
LS3: 0/0
shakeIters: 452
shakeLoops: 42
