3.03333:1235 3.11034:1760 3.27931:2629 3.42439:3859 3.46404:4495 3.46951:4847 3.47111:5041 3.47251:5224 3.4877:5548 3.49369:5661 3.50069:6192 3.51017:6842 3.5119:6924 3.53547:7023 3.53643:8000 3.54696:8195 3.55664:8330 3.55813:9325 3.56035:9435 3.56231:11894 3.56816:12094 3.59706:13535 3.61122:14010 3.6193:17350 3.62082:21438 3.63467:21763 3.63548:37644 3.63675:50270 3.6409:58175 3.64246:58642 
1975 74 1999 1559 1730 1888 285 1876 250 1655 1417 1222 1454 206 657 1223 777 1513 1155 485 984 392 999 189 373 1305 1495 1629 1540 821 1959 1405 734 1976 1542 1833 468 233 842 162 172 502 647 982 440 1283 899 556 1372 1865 1749 261 1277 1073 1929 238 715 1912 1233 1374 1040 1944 1468 1183 619 1848 561 358 142 1988 69 814 322 1852 828 421 470 1246 1364 179 938 1511 385 1256 1036 1493 1502 1630 359 1570 58 1771 1438 370 420 1994 445 922 608 460 1840 1072 1087 1573 164 456 1961 459 137 693 1560 877 199 1271 1351 1761 1143 667 291 742 1172 649 754 1434 1744 1304 60 425 16 1456 601 1952 78 854 1738 726 585 883 1242 1562 568 1063 865 1225 1763 816 1010 1924 1046 1398 1164 1367 1118 926 176 1410 1342 1798 944 1463 845 1001 558 1810 1650 870 935 500 1110 798 1501 375 1688 1130 1878 1710 303 1582 1568 1216 412 613 707 1003 1439 792 1108 645 866 642 1383 960 100 782 240 1506 115 1191 1909 429 465 1915 1092 1567 88 1180 1365 941 1891 1259 582 703 1700 1379 573 664 604 1965 5 1951 1789 254 1034 2 1652 1356 1653 201 1151 97 1080 1380 1803 28 1142 688 149 1556 794 18 1416 1273 1121 1357 973 1393 475 1950 1127 1334 660 1978 446 276 223 1644 873 443 243 576 252 31 136 1862 401 1237 1773 1446 844 829 1500 1045 272 35 847 631 1144 930 879 807 1569 1829 415 47 114 1006 506 1274 119 178 1612 1543 1698 1583 367 755 724 1834 1675 720 1095 1544 311 1310 1626 1312 1407 1774 54 173 212 1647 1668 1461 1512 1158 340 638 117 1051 1433 1816 431 1089 1094 906 916 1291 976 1192 1335 835 1240 292 8 65 1230 227 1904 1194 1801 1917 904 1870 1263 931 1037 488 1778 1727 1375 1391 1580 1996 222 1294 389 1702 1399 1897 437 304 247 955 1149 732 1890 112 1031 1682 66 152 351 875 1221 1202 853 825 1577 1296 160 297 1358 684 508 211 1756 837 410 464 42 1923 1791 68 1983 1742 1892 95 1119 236 1250 366 234 491 1666 1071 745 908 616 532 1056 1177 628 1084 82 888 1179 1899 1662 1842 
minDistance: 3.64246
cost: 362995
capacity: 298747
time: 58642
maxTime: 60000
LS1: 21454/22359
LS2: 349/905
LS3: 0/0
shakeIters: 526
shakeLoops: 49
