3.20195:2661 3.30142:4330 3.38059:4789 3.45363:5455 3.47229:7638 3.4736:8800 3.4877:9200 3.49302:9677 3.49369:9882 3.49898:12703 3.50069:13112 3.50865:13752 3.51589:17637 3.52173:29511 3.53057:29770 3.53301:31014 3.53547:31124 3.53944:32365 3.54696:34612 3.56035:36376 3.57615:36552 3.59559:39031 3.59706:39154 3.60887:44905 3.6193:51427 3.63225:53908 3.63467:56022 
202 1089 742 1296 1223 16 734 827 68 1471 1328 50 1256 698 1798 888 935 443 1283 475 778 667 1456 1912 1702 261 519 238 688 1565 1955 2000 775 1238 1719 440 1216 585 837 1655 835 654 160 684 206 1863 680 291 1012 1237 1668 755 1495 1816 1923 1183 1003 870 1647 340 649 1542 1045 1891 1988 1444 420 488 74 1136 1121 1271 252 292 410 1515 720 1951 28 198 1429 265 1909 58 614 1318 1544 1192 703 1654 664 1648 1391 1716 461 1063 1585 1630 582 1545 1885 556 1862 207 1944 1888 590 446 1351 136 1124 247 726 1675 1410 930 1929 5 794 657 81 1489 737 1688 849 1773 1523 414 178 583 375 931 745 1749 1310 1649 1644 1122 114 233 1180 1229 348 35 1127 626 645 929 20 179 639 1569 1459 595 143 415 100 88 500 1623 1724 883 1799 1801 276 1242 82 350 1400 1143 1304 476 1393 828 468 470 568 1742 511 1803 838 1500 1682 1454 1094 389 780 1372 928 1511 1954 431 304 824 1578 990 976 137 842 630 619 1407 117 295 483 1438 1744 1172 189 421 1080 1024 848 647 845 863 1975 1506 1439 266 97 1380 1399 146 441 1119 69 807 866 576 1398 1978 401 1779 1904 1431 982 1191 1056 1486 112 277 1261 1965 1108 1829 154 1710 558 1915 926 873 395 754 95 1417 285 1513 1179 1008 73 1577 1416 1291 1860 516 1957 1501 220 821 1015 391 1890 104 1006 115 1277 427 1159 1738 1118 66 1698 80 831 1658 941 249 60 236 901 1051 1834 1797 597 388 1367 1446 212 1358 467 1783 222 1273 1509 1042 392 944 1700 1110 186 738 729 938 209 1244 311 47 677 1917 1233 829 1650 1334 955 1463 875 1788 211 816 879 1365 916 715 777 1046 1434 1540 1864 199 1274 1720 1833 254 1921 907 904 897 170 240 631 1383 1727 973 227 168 1570 1059 985 54 1342 804 293 1662 1058 506 1892 724 1142 432 1250 1184 508 1629 984 1865 1067 456 1580 616 503 532 152 1111 298 48 1789 1502 1147 121 1040 1598 130 961 1202 642 1983 1294 1980 638 774 458 366 1683 1543 1626 1994 1756 1107 1200 234 1177 555 1588 1653 296 
minDistance: 3.63467
cost: 369067
capacity: 298852
time: 56022
maxTime: 60000
LS1: 19064/19957
LS2: 406/893
LS3: 0/0
shakeIters: 460
shakeLoops: 41
