3.03589:1343 3.12846:1859 3.18533:2575 3.19682:2838 3.21052:3661 3.2744:4010 3.28269:5739 3.30142:6624 3.3354:8565 3.35541:8922 3.35764:9887 3.3932:10454 3.40248:12706 3.40432:12852 3.42816:14752 3.44011:14858 3.46404:15376 3.47448:16192 3.48229:23007 3.492:26842 3.49369:28136 3.49942:33027 3.50865:33734 3.51017:34193 3.51967:37171 3.53944:37642 3.54543:40628 3.54586:45909 3.54696:46047 3.55676:47390 
1838 879 1570 1051 742 480 1862 1110 941 824 1271 1791 1553 1036 1335 87 1379 502 841 572 1119 920 1951 685 1782 412 1804 703 1105 78 984 1121 601 168 688 1334 1005 1876 1081 627 35 930 1063 265 503 1277 885 1318 825 425 311 940 215 1899 873 421 573 1431 1820 291 496 1211 1954 5 623 1626 1668 1601 143 1339 1658 117 212 1828 1003 1577 206 1402 883 1216 1833 1222 1788 1367 1059 1629 1254 1952 1358 1521 645 112 441 115 375 1361 732 136 33 1874 1910 1666 1164 1834 794 1410 301 234 1485 1183 72 240 1177 1680 952 806 1274 1009 41 1230 358 280 1176 1143 1080 1131 1359 73 1864 1915 1072 1544 58 1710 1155 1559 440 1694 437 130 1296 392 1329 1471 1698 238 775 1923 737 1783 1031 936 1182 1285 1233 65 1106 1742 974 845 1997 460 383 1727 32 945 1393 1720 667 626 814 1565 165 1588 1087 485 1149 227 1291 681 1582 916 1562 595 1142 304 1974 828 1391 777 789 1634 951 874 1556 1172 1413 1501 1728 1929 1293 1528 616 1917 1975 261 1988 710 1196 1789 1257 837 23 647 254 955 1250 985 510 642 1463 297 369 70 500 614 1486 264 1001 1729 176 348 1647 95 8 715 928 1996 804 185 1158 1527 1741 82 1955 991 196 842 754 192 631 816 236 276 334 1675 858 1357 581 583 1328 596 582 114 266 226 982 109 1078 128 574 780 1312 1434 322 1512 491 48 1165 1959 186 16 1540 1067 1436 1439 1407 1048 1040 1928 801 142 907 160 1645 1336 42 568 755 1885 1730 68 401 902 1202 1192 1310 506 443 1941 1398 1127 1089 1870 821 778 1810 1221 152 433 1546 1798 1632 252 619 1225 1223 351 852 1159 899 189 507 137 1205 162 650 1237 1107 179 488 1160 1797 1719 726 1053 1043 1380 944 1046 1073 357 1892 30 556 389 753 1179 285 1417 935 1842 1056 1865 561 204 938 366 1726 468 1450 827 1166 1488 470 88 178 545 990 734 446 1644 293 222 1476 668 1682 1816 664 1580 729 1365 529 1454 1681 1428 387 1861 1773 1654 1147 1717 961 1388 904 1372 414 1561 1801 173 1194 799 1912 1433 865 211 1756 1002 74 1323 776 1374 456 1256 694 1578 844 1456 1288 1513 975 
minDistance: 3.55676
cost: 368004
capacity: 298805
time: 47390
maxTime: 60000
LS1: 17170/18032
LS2: 440/862
LS3: 0/0
shakeIters: 392
shakeLoops: 33
