3.11236:1913 3.17642:2689 3.1782:3102 3.28112:3882 3.28269:4144 3.3003:4604 3.31837:4826 3.32399:4971 3.35541:5249 3.3932:5709 3.40432:6484 3.44938:7046 3.45082:7482 3.4877:7753 3.49369:7920 3.50865:8589 3.51017:11877 3.5119:11978 3.51589:12161 3.54543:18479 3.55663:21097 3.55813:24554 3.56035:28709 3.57344:30053 3.59559:30587 3.5985:34639 3.60615:36168 3.6193:40316 3.62578:40546 3.63467:41087 3.63743:44918 3.6409:47421 3.65498:47888 3.66446:55326 3.66464:57683 3.67809:58749 
203 1579 1582 630 401 406 88 1044 789 172 604 1259 1154 1523 938 863 2000 1668 1730 114 503 1852 1368 1728 847 1644 667 1626 903 873 441 660 461 1036 1580 916 1312 1080 173 414 1797 152 277 1928 1894 1446 1773 1408 834 930 13 1216 1347 584 500 1053 673 1543 1089 1380 1506 1511 1590 1242 1486 1862 1680 212 1118 198 1273 1361 1183 410 1482 1031 1961 1780 1737 1416 119 206 240 112 1577 16 1528 1110 726 1685 1997 647 371 1407 866 753 35 1398 251 250 1915 1553 1121 534 41 1988 348 231 1874 1393 354 1647 1359 432 238 1649 821 1372 542 121 1358 1213 680 1266 558 1334 1658 1833 720 460 1801 707 1285 428 1428 1501 814 1540 1835 186 1351 415 751 924 1710 1891 1040 252 1762 1562 1106 804 838 642 222 1092 944 488 1976 1588 601 366 1840 1653 69 780 1892 775 496 1954 1405 899 476 33 247 1484 1965 357 688 1029 561 1448 1561 42 1367 1810 794 1256 774 1682 300 1054 1059 1176 1202 715 389 1067 982 837 734 137 1545 1001 1296 1439 926 265 623 379 1464 1261 1467 223 1944 236 456 596 437 1720 1789 1318 638 1226 1369 1788 738 632 431 556 645 1072 392 1865 1936 297 1283 1468 58 1950 888 36 1394 1042 82 875 657 649 842 1191 1158 616 1726 1277 1063 1267 60 1778 1131 1034 823 933 1375 1233 215 1675 351 779 1890 1105 874 1004 1058 778 1681 355 1838 1567 870 1222 1172 440 1438 1585 1192 1655 276 53 1727 583 625 932 237 1024 1128 1385 1471 1541 184 595 801 1454 1410 495 1515 480 614 1381 234 729 209 30 1304 1006 755 772 1814 1714 1917 1223 1142 877 1774 1929 576 906 1888 961 1365 1556 1274 309 1093 87 446 1744 777 1003 8 1310 1143 115 1271 1056 582 1391 1459 1870 975 1081 117 74 835 993 97 304 397 698 849 1909 1399 1087 1912 1791 1650 1763 1570 917 143 136 935 1127 445 845 626 291 193 267 1512 1959 421 1694 491 1244 1240 1463 1010 1051 160 1513 824 1834 375 1629 470 1048 1648 879 865 1502 550 1046 955 1698 901 1782 1796 468 1495 828 1617 1434 931 1149 1601 709 1799 568 1237 1456 303 1544 1749 65 1876 
minDistance: 3.67809
cost: 364336
capacity: 298731
time: 58749
maxTime: 60000
LS1: 19669/20545
LS2: 414/876
LS3: 0/0
shakeIters: 426
shakeLoops: 37
