2.90379:887 3.04876:1527 3.1479:1899 3.18029:2651 3.30599:3569 3.35541:4109 3.3932:4674 3.41817:5090 3.4312:5817 3.44886:7230 3.45363:7449 3.46404:7747 3.47448:7988 3.48229:10791 3.4877:11249 3.492:11639 3.49369:11745 3.49444:12975 3.51017:17837 3.5119:18299 3.51589:20018 3.52938:21943 3.53057:22079 3.54543:22706 3.54586:22825 3.55536:26160 3.55664:26250 3.56035:26502 3.59559:27594 3.59706:27763 3.60615:29428 3.60887:30650 3.6193:42695 
1247 825 375 1700 955 314 771 1562 1834 239 1502 401 710 104 1540 427 1046 583 614 1368 74 1367 41 930 863 729 443 1626 1577 1311 745 901 1436 1454 534 990 1285 1801 1176 1749 1003 488 1031 78 1814 1570 1512 576 171 985 945 1888 604 904 1080 1273 837 1595 1838 1601 1954 1565 529 1237 1429 754 993 1256 1427 1567 1544 1717 291 1714 1682 265 292 828 82 1924 1108 236 1975 1523 585 251 726 1582 1629 816 1545 1799 1783 304 1402 415 619 1468 885 1810 596 470 1648 1791 240 336 616 1267 142 1744 1855 429 1748 1223 738 1274 961 804 1463 1803 1959 1966 1493 446 247 1789 1560 1862 1915 698 1515 1965 715 1649 1710 1312 441 1213 276 417 1579 1580 1001 1067 60 257 260 1121 986 865 1561 1250 395 824 137 842 638 1027 1202 1503 1773 542 1434 321 1191 433 385 831 496 1271 1479 1501 1890 1513 119 233 645 414 1865 35 234 1828 794 168 277 370 1928 1842 582 252 976 1180 1573 1318 266 1644 1961 389 558 1864 5 1233 227 2000 1009 450 1656 1172 848 114 746 1142 601 1933 1090 989 210 1820 460 1569 136 1428 1645 1358 782 1381 1510 1216 170 1816 1217 439 1980 1623 1118 829 1876 1724 506 456 1490 309 1205 774 222 1921 1675 1183 688 421 1780 775 384 1365 1063 778 923 1737 1261 1438 16 1777 1056 1730 568 1024 1399 1655 201 899 185 1978 814 366 1380 1058 1733 1405 1192 732 193 933 212 1746 1983 152 1310 440 1391 1528 642 870 325 1328 1818 1797 845 1040 270 737 584 944 1407 275 664 1242 1798 1509 115 425 117 1107 1588 1455 938 1036 1774 628 667 777 298 680 1130 1471 432 1912 51 1829 650 92 1034 95 1393 293 958 475 202 720 1506 556 1187 1315 1647 647 827 58 1852 288 179 1277 100 1177 1486 1892 626 1059 1244 1612 1543 206 468 982 348 1874 755 47 378 1903 1726 916 112 1012 684 1376 1500 727 1546 925 1021 888 1087 500 1283 1795 873 1304 665 1052 1334 877 941 1708 431 220 573 160 1988 1835 1936 1702 1342 1089 1559 1051 1143 159 1541 1585 1923 854 173 1127 821 753 973 495 792 285 186 297 685 423 1680 
minDistance: 3.6193
cost: 367241
capacity: 298742
time: 42695
maxTime: 60000
LS1: 20861/21760
LS2: 346/899
LS3: 0/0
shakeIters: 520
shakeLoops: 47
