3.25736:2474 3.26059:2672 3.2744:2975 3.29996:4131 3.30142:4406 3.30599:4833 3.32399:5849 3.36607:5997 3.4419:6784 3.45363:6944 3.46:7188 3.4614:7578 3.47251:7852 3.47448:7970 3.4877:11966 3.49369:19244 3.49942:28694 3.50069:34424 3.50865:35787 3.53832:37097 3.54341:38063 3.54543:43939 3.54885:46925 3.55664:47079 3.55676:47525 3.56035:47782 3.56231:48006 3.5797:50702 3.59559:50911 
130 1274 260 1553 143 916 806 1383 642 1439 1672 837 1471 1575 480 500 1223 775 1468 1107 972 1902 1626 265 88 576 1796 1062 1042 30 1810 1828 1946 254 227 1501 1310 78 1954 1164 1738 637 1746 726 941 1748 210 1500 292 1130 1680 1589 1192 1486 1328 777 1918 1446 202 1263 1351 667 901 238 1427 1789 1952 582 1829 1475 498 1381 845 207 97 688 354 583 672 162 1577 58 985 1128 1804 1429 1667 74 268 35 1761 771 1093 1614 250 1649 1716 234 487 715 1820 446 971 1658 933 1046 935 804 1714 373 1623 1463 247 1923 1285 1393 295 173 236 1158 366 1590 120 1040 801 112 1870 104 843 923 1973 776 1361 604 556 532 488 649 1010 172 1318 1056 1001 237 976 443 865 821 460 1544 69 1119 1420 698 1698 1629 1131 684 13 1798 737 774 1229 1294 1180 553 1226 28 1604 496 1256 877 1435 41 1407 392 1846 193 660 1380 541 1402 243 1237 695 411 866 897 204 297 432 1080 1610 1176 346 14 1108 82 1580 631 780 168 936 1052 1576 1436 108 568 1405 1413 720 1015 555 1645 370 81 1045 1412 1067 1773 614 1559 334 318 1720 453 1051 1951 1369 2 1398 1036 185 982 574 1865 657 955 11 427 831 1863 1569 829 1768 794 1788 1567 1502 873 1479 1177 1961 2000 1438 1071 240 558 1121 885 1394 1277 1803 1801 742 1513 619 206 1535 1541 525 270 375 744 1464 1043 1296 778 944 1216 476 1527 1968 1154 1834 472 1772 1363 1334 1063 686 1917 1434 647 1570 385 1118 114 252 1058 142 304 502 929 538 1565 1090 119 1399 1367 1771 1233 529 792 351 1315 1606 745 100 879 849 1912 930 1250 470 814 1799 1630 1737 1183 1191 239 348 212 754 1358 1682 996 685 285 176 198 359 211 1896 1752 301 848 1205 1735 16 251 1862 1542 1372 1347 834 1287 160 137 1839 828 917 420 60 893 1143 1151 1780 1127 1078 1996 48 1617 1730 870 1323 844 1675 1860 1909 1110 1410 495 115 1856 415 291 1726 1666 445 461 29 1456 508 680 1545 1291 1710 1562 1588 1304 1365 1892 1965 1566 65 1459 1765 734 1841 191 1897 1852 542 1391 468 1142 355 94 136 842 1975 1124 80 1017 401 961 1646 421 456 
minDistance: 3.59559
cost: 368598
capacity: 298847
time: 50911
maxTime: 60000
LS1: 17593/18467
LS2: 459/874
LS3: 0/0
shakeIters: 386
shakeLoops: 33
