3.2744:2357 3.31727:2829 3.44886:3933 3.4877:4605 3.48895:5738 3.492:8406 3.49369:8735 3.5119:9249 3.51967:10874 3.54408:11021 3.54543:19000 3.55676:21736 3.56035:24831 3.5682:31516 3.59559:34282 3.59706:39400 3.5985:43144 3.60887:49826 3.6133:59791 
1561 961 582 1789 1468 542 1506 824 1645 1908 1128 1118 1067 1988 875 431 1114 1375 649 976 794 1737 1380 460 423 1136 866 236 1541 1213 568 1428 1801 1714 572 1890 1250 726 303 68 616 853 1288 558 1626 1917 583 370 495 990 1202 729 1087 879 1629 1444 220 1923 1359 1045 1090 1842 755 468 1486 1698 855 1702 632 1379 1147 1034 1909 1463 974 78 295 311 227 1834 1892 1837 168 1229 814 1287 827 1730 446 829 1762 1367 862 1285 77 647 740 1682 1675 780 485 1783 984 777 885 1358 924 1454 928 1479 389 1274 1110 1356 1649 486 152 870 938 1689 1544 265 421 753 1143 1773 1080 1606 944 1582 1191 1644 1024 1368 916 782 596 1798 955 1393 1929 1752 1261 1056 1804 1874 172 825 1559 845 1655 114 1803 1223 1233 1634 66 734 1844 843 1312 1335 638 591 664 1216 374 1237 556 251 1446 1190 941 1756 1176 18 1727 456 959 940 378 1121 982 1738 1271 626 623 680 1072 1657 1364 1221 367 1540 1865 142 276 744 1063 1502 1876 1577 178 1748 1471 285 1053 115 415 433 252 576 532 243 1391 1193 206 546 604 173 1833 1119 1372 186 895 1508 1296 1658 930 1042 293 1081 1177 1590 1797 1726 375 844 198 1059 584 849 1562 1409 535 1912 1242 1046 1464 137 1681 104 58 689 1915 821 1899 1048 1398 193 476 1051 1650 1036 660 1339 1290 1860 715 222 234 238 1788 800 1588 1040 1183 1439 1127 348 425 16 65 888 1010 395 667 1310 1410 1405 1222 1399 1515 458 1653 837 88 1426 933 475 1238 1089 254 774 865 297 630 1453 684 1192 993 1891 1512 82 1142 1402 434 1084 366 555 13 1838 237 631 1407 1951 873 1749 1381 1032 1006 642 1568 1267 1683 1107 112 1412 1670 525 95 545 1774 1262 798 30 1417 1647 904 1131 1710 1980 401 1862 1867 1334 907 1361 1431 491 69 1435 1744 1315 301 1810 1523 443 627 1978 1567 1746 677 41 1501 358 97 1420 1001 1429 1342 1277 1601 1182 1654 1106 385 1961 1365 1374 657 483 1513 1570 33 1685 775 1799 720 935 1158 1236 1975 1990 496 778 8 1933 212 754 1205 703 304 1283 60 1680 1351 1031 179 1244 74 1555 1585 1983 351 1293 1950 1108 1225 291 488 842 1918 
minDistance: 3.6133
cost: 362349
capacity: 298773
time: 59791
maxTime: 60000
LS1: 18970/19866
LS2: 453/896
LS3: 0/0
shakeIters: 424
shakeLoops: 39
