3.12846:2035 3.1479:2295 3.2744:3084 3.30142:3556 3.34628:4280 3.34684:4410 3.38059:5076 3.3932:5207 3.40135:5295 3.42934:5759 3.44938:6092 3.4736:7841 3.48229:10101 3.4877:10362 3.49369:13517 3.50069:14621 3.50865:15247 3.5119:17237 3.51589:18426 3.52173:18753 3.52558:19000 3.54543:19378 3.57069:21908 3.59559:23076 3.59706:42510 3.61427:50824 3.62482:55551 3.63467:57785 3.63743:57866 3.6412:58031 
596 1090 1466 439 154 1261 1138 1760 481 866 1738 142 370 1644 1121 1225 117 1334 68 1119 277 684 285 1398 1221 136 1788 862 1191 538 986 223 1892 1304 137 247 1089 1828 585 1929 415 1996 50 122 556 251 737 1874 1748 1909 1952 160 1142 1407 828 1028 1383 853 47 1891 729 445 130 1192 1484 1726 1978 1652 753 1368 619 1486 1202 1463 1559 1513 1003 88 236 625 642 30 1791 1237 1283 1106 804 1980 1789 778 626 1051 582 703 252 1680 1001 1716 1130 1380 1427 392 250 1523 561 206 616 982 85 1044 393 1483 33 899 1577 825 660 893 779 1310 1238 1434 60 1367 297 955 300 1171 1842 1046 573 875 495 1318 1143 1144 456 1183 104 201 1393 649 265 1604 227 631 814 461 751 772 1506 1720 534 1479 110 1213 429 152 1502 1359 69 172 1040 1829 990 1461 470 773 1606 511 366 1838 638 97 191 1863 1312 930 1233 801 1626 870 48 1274 935 1127 476 411 1471 1446 1710 1540 1107 375 1010 1961 437 1182 829 1405 112 883 1021 468 1512 601 863 237 233 938 1951 1164 657 193 845 1499 584 1941 1399 1314 1501 1357 1585 824 119 1570 401 1702 74 848 1118 834 1888 1216 1810 1988 1685 775 576 1058 1437 114 351 842 1749 821 1200 550 1078 1686 755 1172 1004 745 1091 1819 1708 1963 70 379 1416 189 933 720 1727 115 1756 1043 738 1223 168 1347 440 1783 1351 1780 1063 5 1500 1059 847 1580 904 1567 1438 354 1311 414 202 849 837 664 961 1950 1439 1675 754 1263 941 1654 885 688 1653 724 506 835 1027 1899 726 715 780 186 1365 1136 304 532 1528 1865 385 1385 173 1917 903 1912 350 1801 222 178 1067 1277 1761 204 1544 73 500 1374 1852 734 1358 292 1562 1230 916 1658 291 1391 1803 645 13 1226 583 427 1177 234 1147 434 1205 831 1431 1944 1796 35 1647 680 203 421 405 581 488 57 58 1896 1124 901 1601 1379 1694 1923 16 647 171 873 212 1573 1666 92 1495 1582 1799 667 1774 1629 926 929 1372 542 446 1915 568 1454 944 1714 384 1271 777 1936 1688 483 1728 1456 159 209 1296 460 1056 1410 1072 1036 54 162 303 1110 243 
minDistance: 3.6412
cost: 367921
capacity: 298873
time: 58031
maxTime: 60000
LS1: 20985/21882
LS2: 383/897
LS3: 0/0
shakeIters: 484
shakeLoops: 43
