4.00768:796 4.19566:1309 4.31733:1707 4.3441:2001 4.38245:2170 4.55843:2484 4.55986:2746 4.57218:2978 4.60961:3263 4.62002:3411 4.63957:3597 4.69017:5339 4.69275:5708 4.69499:10488 4.71168:13787 4.73435:14994 4.73967:15707 4.77028:15972 4.77104:16609 4.77307:16805 4.79242:16918 4.80307:17019 4.80489:18187 4.81032:19233 4.81131:21402 4.82024:23240 4.82568:23409 4.85525:23522 4.85631:31889 4.87426:43809 4.89714:44596 4.90822:45422 4.91123:46196 4.9199:46322 4.96918:46529 4.9696:48383 4.97732:50313 4.98502:52421 4.98615:53036 4.9912:54904 4.9954:59273 
1356 143 1367 1334 2000 1839 972 1833 1368 778 1355 1749 918 322 1626 1056 1456 450 80 1426 308 114 1854 1390 936 1955 1320 1596 1380 1688 1455 374 1816 716 829 1881 1647 1544 304 104 1190 1727 457 126 715 445 1023 108 657 561 1358 646 1071 152 1834 1788 1756 1698 175 1737 1463 441 1376 174 1598 1555 254 652 321 1147 68 1442 1304 1267 1959 1010 938 1655 227 879 1002 431 563 845 1019 69 1579 1810 122 1034 534 1106 784 1149 1666 1314 1114 1121 1556 81 468 1059 1535 1090 790 596 446 1044 354 672 303 456 853 825 458 1223 1917 193 842 693 488 1391 285 1397 41 226 619 204 137 1745 1343 1240 1988 1151 702 1057 616 1230 1250 685 1739 1983 1791 1728 202 1379 1003 931 75 1342 509 111 1226 1446 211 987 1657 301 383 1217 1761 1130 1127 83 1803 1501 1856 1694 1710 58 586 689 228 236 576 1912 1545 1645 1324 1814 1720 1570 1255 709 990 1351 115 908 643 1513 31 535 780 1365 1467 309 1576 821 1990 1053 626 572 1928 1266 339 261 491 1897 1479 1073 1407 1233 1486 1971 1829 499 1011 112 281 1195 1058 247 1333 880 1828 1263 705 529 478 1275 119 483 253 1437 664 5 209 1468 574 1909 1385 1801 1244 897 272 490 835 1662 1087 684 1481 1996 1143 481 1387 1629 1200 411 
minDistance: 4.9954
cost: 246640
capacity: 199200
time: 59273
maxTime: 60000
LS1: 37178/38466
LS2: 442/1288
LS3: 0/0
shakeIters: 805
shakeLoops: 74
