4.3441:1288 4.35046:1384 4.48662:2463 4.55843:3195 4.60877:3426 4.64939:3565 4.674:3709 4.69017:3881 4.69499:5557 4.70054:5727 4.72775:5835 4.7619:6428 4.77307:7043 4.78447:10511 4.80892:10804 4.81617:11747 4.85631:12031 4.85881:23538 4.87567:24426 4.87755:24562 4.90426:24773 4.91508:25819 4.92539:26246 4.93363:37583 4.94003:39506 4.94723:52621 4.96789:53856 
234 1878 450 233 1825 1121 1217 1662 1344 1917 742 1255 122 211 68 1310 1464 1368 321 1010 936 780 1176 309 1342 1359 519 755 715 1657 491 1371 434 1125 1476 228 693 1894 1980 14 1454 303 574 561 379 1886 1897 1397 1569 1842 1380 204 1839 1057 1324 616 23 664 206 185 1191 1314 1749 782 1935 1915 1710 1815 69 1034 724 875 85 88 1876 673 529 1784 304 886 475 1496 1872 619 456 1468 1372 1990 396 1461 614 694 58 1073 1814 1154 1560 1972 778 503 1544 80 412 704 1090 1250 435 1933 1446 1928 1356 866 202 468 1002 236 931 504 1996 811 375 900 1385 433 222 983 81 1238 879 775 285 335 1493 266 705 1513 737 1453 441 1791 389 198 1682 702 1469 1803 176 1590 1056 1427 933 1416 794 870 499 1334 573 193 1138 1333 1365 837 262 817 104 1582 1143 1739 1598 626 1304 1801 1110 1192 1834 423 801 1106 938 1735 123 596 231 835 973 556 421 845 1761 1545 535 1335 1479 358 1611 808 119 904 684 1535 604 1743 576 1830 284 1875 1012 1351 869 1127 70 586 1745 1118 212 445 500 1266 1579 1645 498 1666 1147 1071 1078 62 1059 1541 1233 1816 1667 1003 1856 995 896 1023 209 1737 159 1909 1448 114 1237 923 562 152 292 483 1092 247 897 1391 1828 1542 865 935 
minDistance: 4.96789
cost: 244027
capacity: 199157
time: 53856
maxTime: 60000
LS1: 38212/39535
LS2: 398/1323
LS3: 0/0
shakeIters: 898
shakeLoops: 82
