4.3441:1498 4.42788:1759 4.44372:1889 4.48895:2446 4.49096:2561 4.49431:2797 4.52139:2979 4.55843:3065 4.59258:3177 4.59594:3240 4.59623:4204 4.62471:4425 4.62827:4491 4.66092:4640 4.66557:4819 4.69499:4886 4.70036:5072 4.73435:5228 4.74757:5951 4.77307:6765 4.77862:8424 4.80307:9141 4.80892:9222 4.81032:11976 4.81131:12693 4.82197:13503 4.82568:15156 4.86655:15824 4.87567:16106 4.90804:18823 4.92046:18961 4.93641:39138 4.9384:42549 4.95431:43239 4.9714:55314 4.99345:56149 
1071 1053 1623 992 487 491 1878 1255 690 1042 778 203 227 1417 1456 1839 1978 69 1825 209 489 1267 726 1833 1034 1749 198 561 879 558 234 211 375 112 445 1575 873 73 1594 643 1739 1569 529 1019 1263 303 938 904 1002 685 1544 1446 1057 456 304 219 1130 1073 1187 1988 500 1579 1090 755 1022 115 1955 1479 488 842 1399 295 556 1225 1335 155 973 519 1761 1886 65 586 247 626 1735 1657 1147 1078 1277 1169 81 637 1834 374 1273 1917 1230 1827 266 1972 504 1737 1971 1469 421 1801 503 1385 152 62 1828 1144 1858 468 1091 835 1250 423 1935 1582 279 1509 1095 704 1314 1897 1390 619 1271 1011 1631 931 1127 1131 525 1773 737 807 1420 1703 924 684 1501 1996 68 1376 1248 535 1014 389 1244 114 933 123 1030 1584 119 383 1143 1702 1334 1304 1195 865 88 866 1542 801 1507 1242 1940 1929 1666 1359 1448 1247 458 1342 1121 1237 1063 1176 204 897 1489 1698 385 161 165 1912 1667 1464 1333 1919 1058 176 450 1803 531 1397 932 574 1192 1154 1645 411 1983 1928 1380 1191 1032 1629 514 1223 1570 821 621 1454 1438 576 715 441 1614 936 1943 1202 1710 1814 476 1541 1909 175 1003 466 499 1443 475 1680 478 1788 1843 321 1190 1391 1351 1816 1238 782 845 969 265 647 1368 702 1179 572 
minDistance: 4.99345
cost: 247732
capacity: 199285
time: 56149
maxTime: 60000
LS1: 36893/38185
LS2: 378/1292
LS3: 0/0
shakeIters: 878
shakeLoops: 83
