4.14171:1122 4.18936:1348 4.3441:1563 4.48662:1979 4.55843:2278 4.56481:2818 4.66722:3249 4.66817:3378 4.71873:4357 4.72775:4509 4.7619:6907 4.77104:7732 4.80307:8038 4.80553:8113 4.80892:8247 4.81174:10048 4.81617:10253 4.82013:10725 4.82255:10919 4.84798:11849 4.87567:11902 4.885:13357 4.90426:14190 4.92046:15106 4.9384:23489 4.94003:23876 4.9696:28555 4.98615:32257 5.01617:32464 5.01669:33106 5.03095:35020 
1732 502 1334 1147 1536 383 1933 1438 247 1512 1385 30 1815 457 154 1716 621 152 1491 1856 1256 1463 411 174 1337 1342 1629 1544 936 1356 1881 1442 1667 175 821 1176 1814 80 1570 253 671 556 1238 1464 1521 198 1654 1210 1127 1446 1661 1569 900 1575 690 1397 1501 371 1367 497 100 916 1726 1185 1121 1833 1773 310 1779 292 1645 1221 1365 119 204 932 938 1454 1791 1828 931 1143 1682 491 908 165 1267 904 1907 1914 1034 222 1955 843 517 374 1816 450 1010 1304 1975 519 1579 1988 660 1417 990 446 1801 1217 705 1058 350 143 1980 1507 576 1090 285 69 1014 1564 845 596 236 619 1728 529 842 572 185 1078 1666 875 1854 1761 1359 586 226 112 1860 1839 1834 1737 1611 339 1368 739 1735 439 1739 1358 117 825 1114 778 219 88 879 1872 535 1886 266 1763 1664 483 1250 1130 829 1803 441 1710 261 1541 1749 1556 1985 114 445 137 468 1703 1996 672 1226 104 1560 1372 1909 1756 1983 1596 702 1194 866 1320 963 281 209 1057 1407 1643 1056 1662 1273 1059 1002 1355 304 1050 1486 300 636 933 73 1351 1786 1314 161 68 1012 1344 1230 897 1943 499 211 643 1184 1443 749 82 742 626 784 123 1151 303 935 693 1626 509 1011 1576 1720 724 1657 1973 880 115 1582 1584 1990 1191 684 1380 709 122 1391 1003 525 1374 
minDistance: 5.03095
cost: 249084
capacity: 199268
time: 35020
maxTime: 60000
LS1: 36666/37948
LS2: 408/1282
LS3: 0/0
shakeIters: 843
shakeLoops: 78
