4.48792:1549 4.58871:1799 4.59594:1868 4.59623:1933 4.61982:2496 4.62002:2554 4.64808:2712 4.65139:2852 4.66132:3269 4.66491:3503 4.66817:3676 4.67473:4109 4.73489:4217 4.77144:5029 4.77862:5608 4.80553:5687 4.81617:5808 4.82568:7153 4.84596:8573 4.8461:8889 4.85013:11546 4.85631:11755 4.86155:16895 4.865:20762 4.90477:20836 4.91235:27839 4.9199:29807 4.93641:31071 4.9696:31224 4.98391:31911 4.99345:34980 4.9954:35930 4.99617:40114 
1090 73 498 1221 944 1230 108 1909 1858 1008 621 1816 1661 875 23 441 895 1058 1990 1342 503 1749 688 1223 211 519 897 165 1407 1335 440 96 643 1479 1840 1314 529 938 1509 1598 380 1438 1464 1791 880 1573 1012 265 947 517 1356 475 1380 556 923 1250 1320 84 1071 796 238 749 304 1053 1217 1014 715 1130 1666 573 1720 572 437 1448 576 412 1127 109 262 1118 1566 1894 1544 1667 1003 252 468 234 973 1561 684 159 1735 1815 1645 1048 457 879 1385 161 1657 433 1355 1461 586 849 247 1148 1367 808 281 1915 198 500 870 1814 1347 1694 421 231 485 464 877 504 1933 1535 829 446 1703 842 1629 385 1391 1710 1512 1834 963 1121 904 1737 1541 1626 1761 748 1364 709 219 767 1883 705 478 261 1996 801 1835 1379 775 1971 619 175 1596 1788 1501 933 888 1756 825 987 303 65 1843 435 626 1804 476 80 1273 193 1310 1828 72 1147 1365 1032 450 434 1997 1801 936 1443 845 1144 414 1917 1940 1875 383 1359 1334 1034 456 445 1579 114 1374 112 616 1397 123 889 561 969 1073 1446 1368 1351 1376 69 1255 509 1739 491 1863 1057 117 1300 488 753 917 1839 1267 778 1728 1191 88 389 16 499 596 33 1437 122 1590 1002 431 1486 1507 1773 553 1833 1980 266 203 1176 146 1803 
minDistance: 4.99617
cost: 250973
capacity: 199191
time: 40114
maxTime: 60000
LS1: 38229/39513
LS2: 356/1284
LS3: 0/0
shakeIters: 895
shakeLoops: 83
