4.02648:789 4.41333:1437 4.48662:1743 4.50601:1921 4.52684:1999 4.55235:2762 4.55843:3509 4.56481:3752 4.58871:4117 4.60071:4200 4.67177:4422 4.674:4793 4.74229:5342 4.7619:5990 4.77144:6490 4.80039:6803 4.81032:6911 4.82568:7311 4.83675:7724 4.8461:7970 4.84617:27392 4.85461:27500 4.87567:27629 4.90351:30119 4.90426:32041 4.90477:33931 4.91235:42325 4.92046:43777 4.92738:44629 4.93363:44815 4.96446:47263 4.9696:48110 5.01617:51077 5.01669:51301 5.01893:55686 
1404 1002 502 69 165 705 1058 1779 880 1359 1803 1147 450 879 1897 904 1217 498 70 1569 807 1192 932 284 1179 203 708 1917 596 1666 535 435 1053 441 1521 1629 897 1358 615 556 1438 1858 456 1371 468 1310 1856 478 374 573 870 647 1959 475 1828 1027 1940 261 1540 503 1990 58 665 1029 1737 1815 1590 1801 1400 1370 659 1414 1747 993 1040 1230 340 116 1955 1634 176 1582 65 1094 1626 1330 204 1131 236 1578 247 1657 1010 1918 1364 54 517 895 1365 1761 1739 1912 1732 1407 1788 35 1078 1342 1314 1003 1814 1566 238 1933 1353 304 1221 80 1645 73 539 52 464 1996 1875 1397 88 1391 1271 212 1709 159 1804 1983 616 1773 1698 266 1082 122 1834 1333 1059 1783 445 1034 60 205 1121 401 1985 1682 68 389 1980 1735 842 626 175 1446 1542 1334 1479 715 1915 1380 1909 1347 1116 383 693 411 1426 619 1730 766 1513 1191 1710 677 829 1361 794 1943 1011 673 835 1935 380 1143 1130 1367 986 572 335 272 765 1355 586 491 1250 987 211 483 78 1356 1464 114 185 1073 1846 421 1012 295 1895 1928 1432 814 1693 1056 1541 1833 1154 775 234 1335 795 488 973 29 1233 309 1680 519 737 1562 209 1767 525 396 1144 900 845 561 684 778 429 1368 1385 423 1127 1071 82 1200 379 1351 504 1831 1886 1448 873 782 1743 
minDistance: 5.01893
cost: 245406
capacity: 199290
time: 55686
maxTime: 60000
LS1: 34675/36007
LS2: 483/1332
LS3: 0/0
shakeIters: 814
shakeLoops: 73
