4.3471:1341 4.48098:1740 4.50165:1888 4.50601:2263 4.53045:2898 4.55843:3327 4.60261:4381 4.61152:4909 4.62129:4970 4.62471:5040 4.647:6180 4.66557:7010 4.66722:7248 4.69275:7322 4.69499:8248 4.72638:10442 4.72889:10572 4.73967:10855 4.74757:11260 4.75812:13079 4.7656:18912 4.77144:20407 4.81207:21211 4.81617:23014 4.82255:23292 4.8461:24058 4.86155:24222 4.90426:24632 4.91795:25379 4.92046:27644 4.94204:28993 4.94581:42171 4.95282:42830 4.964:47227 4.98464:47943 4.9938:48192 4.9954:48249 4.99982:48309 5.01617:48393 
1250 1928 715 600 1802 828 1121 705 627 450 1221 1645 1263 28 961 456 1034 468 904 534 123 1922 584 842 1176 619 1014 1742 1347 292 1200 1737 923 1012 1423 128 1130 1647 1839 880 62 936 152 389 1142 1405 80 845 1710 1990 1917 234 1003 122 1598 1933 702 1172 1727 673 1703 1935 1367 1351 782 801 1582 1909 1468 1204 1739 176 1333 67 1972 1833 23 1996 1579 1084 392 973 396 724 1834 117 1291 484 1407 1379 694 303 987 503 1393 1151 1305 1728 1761 1878 1057 1376 572 938 489 2000 1353 1535 1360 421 1266 596 1816 1073 1852 614 83 284 1230 1875 212 1056 1192 709 1182 483 693 1314 1801 104 835 729 209 1688 259 1309 647 371 996 446 431 1371 1223 198 264 873 1657 445 1334 238 1830 441 1369 737 1275 1058 1390 586 1397 68 434 481 1745 1089 879 236 1655 870 1791 335 1680 897 1147 69 488 780 652 189 1829 491 574 115 1238 672 1980 1446 1244 1569 1011 285 1342 808 1735 1043 844 81 1527 604 1749 1675 1750 573 1786 1803 1391 775 1666 1544 137 1438 1897 829 499 58 266 1863 114 1190 423 664 199 720 875 95 1594 1380 1971 1629 1191 1370 1788 626 992 684 778 204 851 933 202 1454 1143 1856 1943 1743 1988 300 1590 1455 1828 561 1083 529 1509 1596 108 403 1886 
minDistance: 5.01617
cost: 241560
capacity: 199164
time: 48393
maxTime: 60000
LS1: 36444/37735
LS2: 418/1291
LS3: 0/0
shakeIters: 834
shakeLoops: 74
