4.29171:1211 4.3082:1317 4.3441:1522 4.52139:1898 4.55843:2351 4.56481:2494 4.59623:3339 4.61982:3521 4.62002:3582 4.66132:3912 4.68723:4338 4.69643:4674 4.70054:4740 4.701:4796 4.7066:5605 4.72638:5780 4.72775:6094 4.7619:6180 4.77172:6302 4.77436:6383 4.77862:7116 4.7971:7618 4.81207:7736 4.81617:8701 4.8173:9480 4.8461:11843 4.86009:11954 4.86155:12183 4.87567:16599 4.90426:17162 4.91123:19149 4.92046:19234 4.93363:21234 4.93641:28825 4.94204:40468 
1561 766 297 1084 58 1272 684 1391 1114 1509 152 1645 68 1459 596 1148 1673 285 1310 1233 254 535 1368 1803 1230 1456 1972 973 1698 702 1730 1012 423 1154 1043 1761 122 1828 491 1003 1468 619 137 626 707 202 659 904 1575 1988 1834 1356 456 292 782 726 1335 1594 685 900 517 1668 270 1019 1192 1407 1559 1609 1815 1486 1058 1737 829 880 1032 1147 50 1454 262 615 445 155 1868 1367 514 1990 1057 586 1779 1827 209 1655 1102 677 1143 1250 1397 383 247 1912 1138 1123 466 537 897 321 83 411 1267 1739 1380 742 1271 673 227 572 1090 807 1790 212 842 1675 108 576 459 1839 1542 104 303 266 1078 879 80 1917 379 175 1944 23 737 69 1569 1935 1315 1304 488 170 483 441 561 1749 1490 870 1300 1056 1909 1801 1191 1130 234 1791 1688 1565 1119 1347 211 652 1237 166 1657 1002 1334 1928 1448 778 801 114 2000 715 193 1745 1975 1894 335 503 81 1875 500 204 1254 223 838 1266 519 1680 1702 450 1385 931 1342 1710 1996 115 1127 1886 672 1073 284 1943 936 412 100 1446 775 816 1544 865 1255 1833 1034 604 845 1324 198 1629 1314 123 573 1414 20 771 790 806 380 938 1121 1369 1359 117 440 1455 468 1703 1116 1788 1071 1221 933 1582 1169 1040 1011 401 828 1371 1985 1598 1351 1854 1596 
minDistance: 4.94204
cost: 250761
capacity: 199369
time: 40468
maxTime: 60000
LS1: 38194/39482
LS2: 374/1288
LS3: 0/0
shakeIters: 879
shakeLoops: 82
