4.14171:988 4.45621:1646 4.48544:1752 4.48662:1853 4.52082:2001 4.55843:2475 4.58871:2653 4.59:3031 4.59623:3162 4.61152:3407 4.62002:3552 4.63465:3940 4.63505:4017 4.6392:4209 4.63957:4381 4.64796:4695 4.66315:4794 4.66722:4859 4.66784:11010 4.67473:11955 4.69499:13639 4.71077:14325 4.72775:14851 4.75871:14920 4.77244:15042 4.78562:15927 4.81174:16090 4.81617:17982 4.82568:18694 4.84596:23034 4.8461:25816 4.84617:31241 4.85631:33400 4.86155:43114 4.87597:47911 4.88108:48767 4.885:49404 4.88639:49463 4.93363:50163 
904 1933 483 689 1463 1151 1426 964 1504 321 829 757 1387 1761 1344 1114 395 1451 1423 517 1666 727 1078 1833 1371 1380 737 297 778 119 1459 1485 1468 726 808 715 115 1334 247 166 68 616 1834 1955 250 897 844 502 204 1304 1003 1339 252 1739 58 303 672 1397 1652 1056 1579 935 703 1773 1598 261 36 1858 800 505 340 990 556 652 1737 1044 1629 304 1191 1917 470 459 1368 586 865 784 709 936 82 1513 1814 1682 1108 782 435 1351 870 1590 44 863 1034 445 1110 212 1029 1233 901 1267 1703 1399 1596 1909 509 1255 1760 1735 88 1943 1710 879 218 529 1130 1486 498 1479 202 1542 874 1010 114 211 146 458 1544 1535 1250 1263 1314 401 497 881 639 1176 659 576 464 272 1143 2000 1749 643 1179 358 1856 1002 646 1876 1816 1541 1594 1990 684 1832 720 1432 880 339 1790 1192 1442 1464 1576 1828 821 693 1575 1391 664 1839 1881 1829 1407 1121 1059 596 389 875 1050 65 1342 1700 842 209 993 1073 673 1053 1081 491 1510 1972 1071 300 1337 122 1578 1662 499 806 1996 1283 1446 1738 794 128 1654 954 1376 1472 450 152 1752 1779 923 31 973 908 742 1801 1698 468 1983 100 1706 1756 1645 1507 1051 1716 1657 619 845 1947 1147 322 117 266 69 1275 1131 626 295 814 137 1221 236 1367 1374 1022 
minDistance: 4.93363
cost: 247035
capacity: 199189
time: 50163
maxTime: 60000
LS1: 36017/37325
LS2: 436/1308
LS3: 0/0
shakeIters: 833
shakeLoops: 78
