4.3082:1072 4.35046:1306 4.44372:2001 4.50435:2287 4.53305:2626 4.59258:2818 4.59623:3021 4.60261:3198 4.6392:3335 4.64213:3468 4.66315:3602 4.72332:4971 4.73391:5036 4.73435:5188 4.75812:5487 4.77104:7158 4.79242:7530 4.79674:9327 4.79952:11811 4.80892:11885 4.81207:13451 4.83155:15968 4.83741:28320 4.87567:30893 4.87755:34782 4.88108:36318 4.885:37940 4.90426:38083 4.91123:43022 4.91169:46141 4.91795:46205 
1783 1875 358 117 1943 1703 1277 88 690 1469 541 775 1238 1217 1558 1576 73 1283 726 1664 122 1374 626 795 1121 1479 1356 1310 627 1367 1320 897 375 1463 440 715 1935 529 1680 304 938 1523 877 1044 672 321 884 1221 450 1737 1073 1912 1839 1739 1666 931 104 961 1344 1351 94 572 1110 673 1244 1803 1623 468 1720 903 1922 470 1002 1237 933 1385 878 1683 1596 935 684 629 423 509 1090 1682 590 1575 1556 561 254 1891 1084 456 1501 1383 1580 1270 1756 165 1544 1035 1569 1194 491 842 281 1996 95 1195 222 1182 888 845 1233 1509 1779 1486 963 1163 455 1003 137 250 596 374 115 1917 1023 1143 1347 219 1796 1372 69 778 573 1909 1092 729 1828 586 1988 1087 1786 303 1391 577 1933 199 1380 1271 1454 1334 953 1833 904 1810 1834 1304 457 1598 1107 446 619 800 1446 870 483 1173 693 1897 1226 542 1263 1914 1337 499 646 1657 1057 1972 1761 576 1267 1250 986 846 80 114 614 23 1579 389 1154 202 1414 1130 1106 807 709 652 936 252 1629 1032 189 1273 1876 1430 238 687 1495 1147 1773 1053 295 1342 1801 1645 604 1560 175 1749 556 383 152 1815 54 285 29 185 1710 1582 1512 1397 83 211 1109 1448 411 1702 817 1745 574 1929 1314 445 801 1594 902 1688 441 1471 1055 58 1063 1542 218 1376 310 
minDistance: 4.91795
cost: 239459
capacity: 199155
time: 46205
maxTime: 60000
LS1: 35004/36266
LS2: 440/1262
LS3: 0/0
shakeIters: 791
shakeLoops: 75
