4.41333:1566 4.4888:1981 4.50435:2125 4.5571:2341 4.55843:2459 4.56051:2534 4.60261:3848 4.61152:4081 4.62002:4154 4.66989:4596 4.69017:4774 4.73489:5422 4.79952:5569 4.80307:5769 4.80553:8273 4.81032:9005 4.82197:9876 4.8461:12172 4.86155:12938 4.87567:13132 4.89505:16451 4.89714:16582 4.90078:38670 4.90804:41955 4.91235:43933 4.92046:52381 4.9307:53917 4.93641:54928 4.94003:55015 4.94262:58639 
1829 1387 835 904 900 456 782 784 1034 440 1003 845 137 1662 133 122 234 1988 389 1629 1191 1479 1666 1928 421 1414 794 938 81 58 1073 405 1815 240 1010 303 68 1032 1828 1356 1761 128 114 1127 1100 1454 811 411 1453 1176 175 677 1407 1056 1801 1372 1084 1505 67 23 879 457 152 115 218 80 604 1344 1314 155 464 1694 1320 617 1833 1909 1059 897 1917 1147 672 429 1544 284 1405 652 204 1063 88 505 616 211 724 1092 468 647 358 1002 1580 238 219 1737 104 1355 1556 1493 932 383 1069 1244 295 1788 73 518 689 193 1071 936 873 1416 923 626 1121 1391 1255 247 321 292 300 1374 1794 1726 298 726 673 574 886 586 1461 1072 1541 1739 503 1598 96 619 1417 1735 596 1657 112 986 573 502 226 1334 483 535 842 492 1803 1190 1250 1810 446 1535 28 69 233 379 506 1686 1397 1773 576 1148 1881 1446 1057 1144 643 1342 281 1839 1593 1333 1456 1143 450 1579 1594 1834 1464 795 1645 684 414 1226 1575 1277 1750 933 1749 285 1437 1667 1110 1996 209 490 1875 1335 82 1728 709 1267 385 1273 1078 354 556 1501 304 1376 1223 279 1486 1091 1717 865 1856 1221 445 749 395 1570 1682 1380 949 1106 484 646 1507 1972 800 708 491 1154 775 1439 778 1424 487 1919 441 529 1912 272 1304 
minDistance: 4.94262
cost: 246745
capacity: 199295
time: 58639
maxTime: 60000
LS1: 35981/37292
LS2: 461/1311
LS3: 0/0
shakeIters: 820
shakeLoops: 76
