3.8903:603 4.34943:1424 4.45903:1749 4.48792:2031 4.50601:2140 4.53445:2298 4.55843:2429 4.56481:2606 4.59594:2685 4.62002:2793 4.66817:3114 4.66989:3552 4.72775:3702 4.73435:3872 4.73832:4039 4.74229:4155 4.77026:5193 4.7971:7858 4.79767:8348 4.80307:8416 4.80553:9270 4.83741:9508 4.8461:9641 4.84798:13318 4.86155:13372 4.86522:14137 4.91795:16068 4.9199:17596 4.92046:20113 4.9352:22685 4.94581:23513 4.96446:27788 4.96572:30977 4.99047:39016 4.99617:39655 5.01617:39883 5.01669:45010 5.01905:57978 
483 1513 904 1342 1486 1033 685 1131 411 253 1058 1796 1151 69 1057 1688 715 659 1816 1314 1972 1116 899 83 272 663 1739 845 189 574 938 175 58 212 987 1237 556 1556 986 1791 457 1353 111 1250 561 383 1710 304 157 1351 705 1405 80 519 1371 1039 586 1512 1858 672 873 704 1728 1358 992 1980 1403 468 665 1217 379 690 1461 499 1369 1544 335 929 1380 73 1828 389 1875 297 1787 795 122 1988 1121 1391 1190 1682 204 932 243 1012 1211 693 1569 1861 209 1387 1144 281 737 222 1223 1034 114 1582 234 1570 1566 1029 1334 68 1852 879 165 1368 1994 1011 1233 1267 31 66 371 1589 1154 1926 509 1056 1743 1092 1565 303 627 1003 1365 431 1230 1737 1053 1703 1182 206 576 1010 1446 117 1940 481 1996 475 801 1367 1284 226 1216 115 1200 729 673 1815 604 231 1238 778 931 1788 1629 1147 456 1191 897 1928 1438 573 433 1407 1221 908 1912 1735 95 1455 289 238 1833 503 1814 445 1917 1803 1359 1801 421 1304 1283 961 1856 535 1002 1562 374 1943 1130 842 584 835 1745 1834 1179 807 1397 1922 1226 646 709 1933 1716 626 1356 500 900 1798 262 1244 1271 1666 1493 1680 186 1355 619 1829 1143 185 450 1909 1990 1865 1027 1335 936 202 1761 54 1657 119 1059 1416 782 1645 1479 236 1750 
minDistance: 5.01905
cost: 245677
capacity: 199161
time: 57978
maxTime: 60000
LS1: 36871/38204
LS2: 424/1333
LS3: 0/0
shakeIters: 871
shakeLoops: 83
