4.29523:1163 4.3441:1362 4.45621:1705 4.48792:1826 4.49431:2018 4.55843:2283 4.58871:3411 4.59594:3492 4.61152:3875 4.62002:4753 4.67473:6423 4.69017:6892 4.72775:8112 4.75871:8417 4.7619:8474 4.77172:8691 4.77307:8782 4.7768:9499 4.77862:9591 4.79952:12945 4.80307:12999 4.80892:13902 4.82255:14713 4.82568:14764 4.86155:15094 4.87567:21713 4.885:24984 4.89642:45071 4.92046:45236 4.92933:46017 4.93641:46714 4.94003:50499 4.97019:56167 4.98299:57481 4.99345:57598 
1749 1561 383 1059 817 1438 1071 69 1380 626 1250 175 1467 619 488 574 1479 1108 1544 108 1501 1796 1391 295 1521 845 204 897 1493 1356 1464 1417 491 1978 1645 1089 1579 506 226 1737 1022 1570 1461 122 1743 1032 1359 115 931 1439 535 143 895 198 1446 842 152 247 1534 1034 1407 685 123 643 689 684 218 1443 1773 1144 1315 321 254 1565 1935 1917 1057 1147 423 1090 1933 1019 1277 1545 1815 15 88 82 908 1100 586 1027 1661 155 572 877 1779 1368 1761 596 1400 807 65 1767 1121 165 1996 1788 823 990 1397 782 790 1825 1868 715 923 693 1829 1486 1043 1629 1353 440 561 795 1983 1856 1267 58 1594 476 464 222 879 828 1881 1988 755 389 1666 1799 1191 829 1002 1398 616 1454 1783 445 483 1374 80 900 1324 1814 1314 646 576 886 1912 1358 1972 1176 1334 906 281 1728 838 954 1335 1437 1011 704 1738 1858 936 1078 1143 1575 73 478 1833 1270 1010 1901 865 1576 253 1875 771 209 726 441 573 1780 1598 490 1735 1463 211 456 1756 1801 901 1233 1244 529 509 238 1909 114 457 1154 1342 411 1283 81 1073 1328 1056 1859 1834 1003 1053 1426 502 126 604 1739 519 1343 778 1710 68 1541 874 1012 987 358 1556 1828 880 261 112 1680 1351 1580 1816 1540 1985 193 1226 1667 468 
minDistance: 4.99345
cost: 250948
capacity: 199205
time: 57598
maxTime: 60000
LS1: 37327/38637
LS2: 382/1310
LS3: 0/0
shakeIters: 893
shakeLoops: 83
