4.29523:1301 4.3082:1380 4.38396:1575 4.53445:2342 4.55843:2624 4.59623:2844 4.63544:3349 4.66644:3606 4.66722:3715 4.69275:4614 4.70036:5676 4.72889:6284 4.74229:6466 4.77307:6530 4.79242:6880 4.79674:10800 4.79767:10855 4.80307:11845 4.80553:12073 4.81207:15147 4.8173:17232 4.82255:18191 4.82568:18963 4.8461:19019 4.86155:20286 4.87567:24174 4.90477:24500 4.93363:24650 4.93641:32762 4.94581:55070 
1334 619 509 719 1501 1127 1664 383 503 1190 421 775 1191 1469 1972 646 685 596 304 1922 1761 253 488 1409 1002 458 1414 615 114 1397 193 74 1856 1200 1683 837 1442 664 1142 1432 1158 987 1464 1710 535 742 693 1058 1380 83 1011 1590 1980 576 1342 677 112 445 1507 1314 122 1834 1100 1666 1335 339 226 778 1791 1154 897 983 1657 1180 1273 1739 401 69 1056 726 879 1019 1634 1078 321 575 586 175 219 1542 1917 936 1645 262 1936 50 992 1828 1667 1928 423 1704 1833 1040 85 729 1940 1553 1594 1147 627 572 1839 1073 441 749 838 1541 724 880 1163 1729 1067 1385 450 1912 267 672 1580 653 1520 204 659 1703 1773 456 433 176 1692 556 1935 1438 1788 1003 468 1983 519 411 1182 73 500 1333 1300 1267 1598 1565 1391 1359 687 1351 1010 1569 209 845 1192 973 1084 1971 211 152 1446 60 1354 1121 491 115 1544 561 205 375 1304 1673 236 298 389 821 1672 206 1012 1537 1144 673 807 198 1538 380 1933 1996 1582 814 961 1570 155 1404 639 904 1559 31 684 231 303 1353 1745 234 1250 782 285 1151 1357 1358 1277 104 795 1059 1143 475 252 1801 1454 1737 1221 554 1815 1909 1461 123 1443 266 1455 1662 1943 574 931 137 1187 1976 1125 203 202 66 1988 1846 1230 1955 68 1237 1471 1263 1829 1387 766 1803 1356 
minDistance: 4.94581
cost: 247806
capacity: 199321
time: 55070
maxTime: 60000
LS1: 35079/36446
LS2: 557/1367
LS3: 0/0
shakeIters: 780
shakeLoops: 73
