4.26707:1100 4.48792:1537 4.56481:1914 4.59258:3201 4.67168:3683 4.73435:3928 4.75812:4116 4.77307:4271 4.80892:4736 4.81131:4941 4.81617:6900 4.8173:11053 4.82024:11110 4.83155:12338 4.86155:12572 4.87567:25181 4.89714:28674 4.90426:43864 4.90804:43929 4.91235:46875 4.9199:47145 4.92046:47250 4.93363:50520 4.93641:58555 4.98464:60001 
1803 1385 1108 1773 626 556 304 1029 1994 445 73 1575 1242 247 84 475 1359 423 58 1356 1610 1179 1756 1192 1661 1626 219 1092 778 441 272 1230 1481 1027 672 1127 1154 986 646 879 1147 1314 1391 1368 1407 1728 421 1897 1233 1116 693 1703 561 68 807 1034 1815 1875 1053 1856 704 1443 1151 1267 923 1217 904 586 795 829 1502 1355 176 1387 1380 456 1935 782 663 499 1833 209 1138 121 794 1804 938 223 1090 1536 29 1739 897 321 1858 1540 790 1801 514 1743 1928 1570 509 576 435 1342 1073 685 1933 596 1990 1814 114 1788 1745 673 1304 1996 992 643 1131 1121 1365 1834 137 1688 1761 529 715 1983 468 189 1143 335 1358 1221 1556 295 1372 1144 1461 1828 1544 72 573 1226 1078 690 1367 519 212 100 491 1565 1011 873 1829 623 842 637 389 1562 1878 234 119 1056 1682 283 1955 1493 1912 440 1397 1390 579 1645 1057 69 483 1943 1816 584 574 1463 1883 502 204 455 1191 1420 115 261 616 1351 1334 453 104 464 1446 1909 303 1455 1003 865 298 1749 1371 1559 903 742 737 1579 170 450 659 1629 1058 166 1190 31 1655 1087 202 1825 1917 1988 1059 558 1250 1032 1010 964 705 738 1797 1710 619 1786 572 1195 80 1561 1737 185 383 1335 1784 908 936 1796 1244 1881 823 206 1763 918 
minDistance: 4.98464
cost: 246318
capacity: 199233
time: 60001
maxTime: 60000
LS1: 37589/38859
LS2: 344/1270
LS3: 0/0
shakeIters: 901
shakeLoops: 85
