4.35046:1400 4.40956:1541 4.57226:2108 4.61522:2299 4.62002:2366 4.63544:2984 4.63736:3173 4.64306:3306 4.647:3417 4.66315:3585 4.66467:3771 4.69017:3855 4.69275:3915 4.701:4227 4.74757:4616 4.7619:4797 4.78432:4911 4.79952:4981 4.80039:9798 4.80892:10030 4.81617:11571 4.82013:11876 4.82197:12535 4.82568:13189 4.83741:23263 4.8461:23359 4.86655:31757 4.87567:34998 4.90426:42934 4.93363:43708 4.93641:50117 4.9714:57412 4.97732:58170 
1668 1788 468 1012 1335 889 1875 1856 173 1383 973 1909 1943 681 831 794 1374 1801 724 227 203 704 1032 1221 1144 1191 1634 1082 1438 1897 1314 1507 1541 1573 987 1267 1230 1443 604 1353 1990 284 626 867 880 321 1655 1878 1437 1465 1709 1761 1479 519 1833 1828 1538 1940 1737 1825 193 1171 464 2000 411 114 1720 119 563 1827 1917 1011 1205 1192 875 1544 1379 1598 904 253 1698 219 175 1829 1694 1883 1536 502 1985 1703 476 198 1223 434 117 1971 630 1244 1271 1745 223 1816 334 303 1390 1380 672 1200 304 1304 756 1933 1842 1190 1996 829 1590 572 1121 88 586 1568 1287 616 1367 1468 1391 65 825 573 489 1073 1527 845 838 949 1355 1359 1566 778 1629 646 1397 209 643 500 292 1172 535 1358 383 1680 1915 1217 1407 1143 1980 340 389 1815 1666 1351 456 1360 1233 584 1846 1727 1839 619 1151 1387 709 111 576 112 705 266 1426 814 441 775 647 739 665 1834 897 80 596 202 990 1636 234 1034 693 178 176 238 529 58 1501 1678 954 1464 1087 1626 1003 336 807 1542 475 1645 1368 123 715 1365 1250 68 842 993 784 1791 445 406 933 247 1334 1039 870 1273 1342 421 963 749 1509 1749 1533 1739 374 1814 574 1130 488 1263 503 1803 1056 1804 431 866 384 561 823 873 450 1575 1255 
minDistance: 4.97732
cost: 245261
capacity: 199181
time: 58170
maxTime: 60000
LS1: 36216/37760
LS2: 718/1544
LS3: 0/0
shakeIters: 793
shakeLoops: 74
