4.38396:1473 4.41333:1711 4.51647:1904 4.53045:2031 4.53708:2293 4.55843:2507 4.56051:2579 4.61152:2738 4.64796:2890 4.69275:3349 4.70536:3799 4.72889:3907 4.74894:4053 4.80039:7512 4.80892:8267 4.81617:8384 4.85631:8450 4.86155:12948 4.90426:15681 4.91123:15882 4.92918:17436 4.93363:21192 4.9384:21893 4.94204:22089 
1842 222 1056 1176 1839 1796 1505 204 1476 1749 415 1291 1988 1830 1221 715 672 475 1493 1244 446 961 1645 573 464 1556 1596 1598 1351 1686 1907 236 491 82 1672 1739 1238 1773 1735 389 626 729 771 778 660 450 1912 907 1828 1666 1130 859 1935 1277 1274 211 1090 1647 933 1217 1779 1314 1370 1448 226 1610 285 369 1803 262 115 1310 440 923 1985 186 689 1057 1333 80 1728 308 1464 1580 137 1886 1100 572 1541 726 104 279 1455 1379 1443 234 897 1194 1342 1380 456 1008 842 1909 1359 295 1582 596 309 58 176 1192 29 1369 114 1191 517 1521 1933 845 1823 1078 193 991 1732 1971 13 1073 1955 1544 1710 1427 68 782 1250 1513 1481 468 203 709 73 1917 152 963 1801 1997 488 1385 619 1358 1296 1143 1230 1356 1182 1569 1127 829 1565 1024 117 411 112 1147 1335 303 1263 247 576 1334 272 1479 1391 1407 316 519 1875 1180 986 806 1344 583 690 828 1162 321 1454 69 775 1022 1509 28 994 1650 350 1114 238 879 503 483 1815 1975 693 1058 1834 423 1304 754 83 1014 1570 1579 421 685 1852 936 1267 1446 499 505 1996 284 1968 445 1034 1003 209 1495 873 122 1223 1980 1581 688 749 1452 720 1082 1226 1626 834 637 996 253 724 1860 1657 1019 529 535 1512 1629 1814 801 1761 1501 1289 684 1186 880 1121 
minDistance: 4.94204
cost: 250837
capacity: 199248
time: 22089
maxTime: 60000
LS1: 37890/39137
LS2: 349/1247
LS3: 0/0
shakeIters: 874
shakeLoops: 84
