4.02203:808 4.14171:997 4.22419:1165 4.29523:1446 4.3441:1573 4.55843:2045 4.57226:2366 4.57284:2452 4.59258:2595 4.59623:2963 4.61152:4099 4.61982:4176 4.62002:4240 4.62129:4298 4.62827:4436 4.63555:4511 4.6392:4814 4.64796:4923 4.64808:5012 4.66132:5186 4.67177:6221 4.69017:7195 4.72775:8204 4.73832:8306 4.74757:8637 4.77307:9102 4.79242:9550 4.79767:9780 4.80307:10022 4.81131:10138 4.82255:10905 4.84798:11183 4.88108:12006 4.90477:12121 4.91123:22952 4.92046:23964 4.92933:29272 4.93363:31984 4.93641:34514 4.94581:55123 4.95431:55855 4.99617:59206 5.01487:59938 
1657 123 1335 1003 1988 695 1244 673 690 865 1909 1912 214 1108 1328 1856 304 829 561 231 933 1437 175 616 1127 766 1211 1368 457 68 1342 1032 775 1914 1570 475 923 519 82 1796 845 900 576 1662 1106 596 411 1443 198 1801 558 1217 1996 23 383 936 1230 1376 1854 1861 1446 450 1598 137 1267 705 1334 1422 572 115 1540 1541 1372 83 1204 1304 483 1078 807 1834 1486 262 1176 1439 1226 1553 1990 897 219 1634 1356 292 1110 74 771 279 1825 416 1556 211 1521 1655 1803 604 441 1359 1216 80 503 1544 281 456 1479 491 1121 1773 778 1147 1084 715 879 1365 421 1273 117 1881 1816 445 954 84 903 1933 1314 1059 1739 69 659 838 1761 646 877 639 1791 204 1874 1704 931 261 1645 203 1143 1010 724 1476 1374 423 1917 1238 1058 1221 1926 665 918 1242 152 664 1922 1190 1179 1626 1629 704 685 782 1575 1154 1799 963 929 1022 284 1828 1943 1073 1560 1673 285 615 801 586 1935 904 464 1114 1829 626 114 226 824 619 627 821 1390 1027 1815 1274 62 1034 88 1131 1247 212 1779 234 993 458 1666 1092 1786 1056 938 694 842 1344 1391 1371 1427 1380 227 935 707 684 375 574 1367 1464 1315 1042 693 1461 229 1351 335 1469 1710 976 104 1116 1397 1223 1565 1682 1468 209 1737 1191 873 1481 1177 1703 1924 
minDistance: 5.01487
cost: 251131
capacity: 199185
time: 59938
maxTime: 60000
LS1: 37351/38647
LS2: 425/1296
LS3: 0/0
shakeIters: 828
shakeLoops: 78
