4.04688:887 4.09901:1025 4.57226:1924 4.60961:2076 4.61152:2615 4.62002:3170 4.66132:3317 4.66575:3515 4.70036:3606 4.701:3808 4.71301:6922 4.7656:7201 4.77862:7433 4.79952:7519 4.80039:9464 4.80489:9683 4.80892:10495 4.83081:11324 4.84617:14828 4.86155:18914 4.87567:59156 
434 445 1353 1786 807 931 1053 1889 1629 690 385 1544 1559 916 81 749 619 1052 1351 1673 1695 114 1917 1304 1825 1334 835 1829 44 123 1703 227 1573 1797 1509 1828 261 499 509 579 875 1130 929 1576 1217 1368 492 519 1996 1391 704 821 1490 1073 1739 23 1042 115 1270 1645 1909 1501 1397 1127 112 389 1273 243 1801 1169 1972 1642 1040 646 643 1569 1114 865 1190 784 1067 1092 606 535 908 874 1355 1655 1843 1374 1414 1438 1565 1788 126 250 1737 1247 866 1121 1876 785 1943 265 963 119 1090 1570 794 795 1051 586 938 374 304 1297 850 80 254 479 782 1216 842 1002 226 1400 1359 303 223 1277 1698 1380 1271 1647 279 897 1410 1034 574 425 1087 65 1250 1030 932 678 705 1464 233 450 1221 969 54 1680 1465 1057 137 1324 1933 440 122 1192 683 1446 458 1486 1856 1003 379 663 421 1387 1191 1834 358 298 1423 1314 69 824 1110 653 1007 814 790 629 1056 983 1968 68 1657 1154 596 133 1678 1686 1881 380 1012 1773 1479 1980 1562 879 1955 1541 1553 1054 1078 146 262 1556 1542 1796 406 1372 936 1751 433 1583 73 1666 1582 1155 1833 1495 1682 1443 236 1032 485 1710 1407 1226 117 695 491 617 561 1761 204 961 576 1342 1430 1814 777 672 1979 986 218 175 468 72 335 295 206 1223 383 1500 556 88 1367 954 487 211 1143 
minDistance: 4.87567
cost: 243281
capacity: 199346
time: 59156
maxTime: 60000
LS1: 38323/39610
LS2: 396/1287
LS3: 0/0
shakeIters: 870
shakeLoops: 84
