4.40956:1494 4.50601:1929 4.52082:2198 4.59337:2405 4.59594:2508 4.62002:2603 4.674:4354 4.67473:5175 4.7066:5388 4.77862:6517 4.80553:6836 4.81617:6937 4.82197:6992 4.8221:7843 4.8456:8685 4.8461:13418 4.85631:17414 4.86155:38013 4.87567:45702 4.90426:50294 4.91169:50383 4.91235:51419 4.92046:51499 4.94254:52963 4.94723:53034 
1523 1828 1073 1248 1629 1042 1157 1446 491 829 814 1464 1585 665 1334 1250 1255 1703 690 1335 456 1057 185 1324 1581 579 1065 1507 31 295 218 1814 1545 1314 1825 445 204 1427 1872 619 1256 211 433 556 247 350 936 1710 1127 1247 755 704 401 234 1114 1730 1698 1749 1032 1801 1305 435 1333 1059 1876 1380 993 935 450 159 80 261 498 1342 1501 1358 1479 821 304 1881 705 561 1330 468 1839 641 1560 1804 1261 938 1217 441 395 795 566 720 1919 1929 1662 1071 1856 503 845 1426 485 918 1439 206 193 1861 2000 375 1359 932 119 586 1448 476 447 689 406 114 1840 1391 1351 262 1468 1598 782 198 1267 1739 572 870 865 1385 1078 1678 778 88 1010 1110 1735 166 1772 499 1834 529 574 421 904 576 1645 903 1437 1143 69 1917 389 478 152 1657 982 1666 1996 879 1544 1909 842 379 122 1266 1972 1803 1827 1003 464 626 1796 1195 1894 1360 1176 1453 875 1689 1356 1121 1034 58 65 505 1542 1192 908 1835 1878 475 1943 488 1417 1915 1971 1541 897 110 1053 228 1556 1694 1456 866 1815 1858 1897 1737 1019 616 886 44 715 1646 749 203 504 1263 1226 563 596 1469 1903 535 219 1816 835 1233 1304 1277 358 643 458 519 1273 425 412 1432 963 374 1623 1397 1310 1024 1191 1379 178 112 1761 1955 1773 176 1535 1365 992 
minDistance: 4.94723
cost: 250624
capacity: 199178
time: 53034
maxTime: 60000
LS1: 34763/36181
LS2: 622/1418
LS3: 0/0
shakeIters: 771
shakeLoops: 72
