4.04688:968 4.38396:1690 4.47438:1975 4.6064:2732 4.62874:3044 4.63555:3938 4.64493:4461 4.66092:4549 4.66132:4621 4.701:4841 4.71168:5022 4.71343:5433 4.71508:5768 4.7315:5867 4.75812:5941 4.79674:6185 4.7971:6368 4.80307:7529 4.82568:8930 4.82864:10274 4.8461:10417 4.85631:11268 4.86155:28882 4.87922:52746 4.88108:52908 4.88263:53013 4.89369:53344 4.89714:54809 
1508 1304 285 81 819 1073 1990 1535 1579 88 1138 431 1273 900 239 72 1688 5 556 555 1955 1217 1570 1501 1059 1238 931 1344 535 1367 782 1678 58 1356 627 1182 440 203 1922 1053 1387 491 1878 705 729 1839 303 504 375 775 1191 1360 1230 1333 853 1915 1833 596 1529 755 1479 1167 1803 1176 1881 879 1275 505 198 1154 1208 261 421 1672 619 138 1544 1092 1108 69 814 1954 1710 689 1825 1666 903 1975 1446 204 1521 1267 456 342 503 509 1647 1605 1728 86 1856 1565 1003 1834 1143 677 1417 219 321 1032 1148 873 1448 1359 964 916 498 1314 961 684 262 80 1507 1010 1372 304 1940 1761 1875 1391 354 1585 68 932 1084 193 75 837 1787 704 1852 122 1233 1008 133 519 1623 1846 784 673 1854 82 929 817 897 1116 1909 1788 778 1616 211 1130 766 1459 434 1057 875 1545 1851 703 1335 845 1461 573 309 1657 1897 1883 1783 1192 715 1779 933 963 1058 1380 1125 1183 904 1456 1682 1244 513 623 95 808 973 234 1200 214 1816 1121 1610 1365 206 226 801 586 73 475 41 996 23 1739 1493 1211 395 936 530 576 293 1801 1090 1645 923 175 1034 771 176 1753 1397 1254 1469 626 1334 1369 1972 1420 383 1889 441 1978 1828 112 749 1011 574 1737 152 1368 1190 104 1012 429 1996 464 646 792 742 114 511 272 78 1773 1342 1612 794 
minDistance: 4.89714
cost: 242067
capacity: 199304
time: 54809
maxTime: 60000
LS1: 37410/38730
LS2: 471/1320
LS3: 0/0
shakeIters: 821
shakeLoops: 77
