4.50165:1664 4.61982:2416 4.62002:2479 4.66722:3365 4.69499:4358 4.72775:4496 4.73435:5189 4.75424:5347 4.77307:6998 4.78432:7088 4.78447:7271 4.79767:8472 4.81174:8571 4.81617:8641 4.82864:9454 4.8456:10869 4.8461:13076 4.84617:15769 4.85013:17161 4.86155:17961 4.87567:19418 4.91169:19625 4.91795:21187 4.92046:23629 4.93363:38833 
710 68 684 1569 1335 321 845 1655 441 285 1796 672 1039 1121 435 161 1247 932 1856 1342 646 619 1666 1244 1814 695 69 193 933 1788 829 574 1582 159 1304 1773 1273 80 122 1250 1002 795 1176 1032 1739 1860 1334 1314 1073 1414 1570 119 73 1761 938 1464 1380 1397 154 1828 1590 954 936 1495 267 519 1034 383 503 1192 1376 987 304 1629 1801 1057 1219 1955 431 1056 1060 1839 498 1541 261 879 1673 198 1011 112 209 89 1359 1442 880 1556 488 1010 480 1544 1542 1147 693 1742 20 703 219 1424 1815 1559 1448 423 1732 82 1310 1996 778 295 1935 1390 1059 456 1154 1737 1255 1626 1369 1512 1469 1221 1183 1368 1223 1040 1834 1090 1456 1535 590 491 1566 1915 58 226 707 104 1328 445 1003 1344 1799 1122 509 1211 84 499 1917 1803 1443 616 1505 782 1008 873 749 86 775 1562 596 1682 202 1614 626 842 673 1645 1143 1858 211 704 1053 1735 689 262 1823 96 705 794 88 685 821 439 1489 433 1471 1358 450 572 963 375 931 1833 1446 897 72 1194 100 440 272 974 1507 468 421 1277 1825 556 1127 1501 1717 126 117 1058 1387 1165 1417 83 234 1479 991 1783 389 475 1217 1467 1983 1912 1246 1779 1367 823 411 1481 1881 900 1230 175 1149 1486 715 1365 1338 1391 753 645 586 204 576 688 114 1033 1476 
minDistance: 4.93363
cost: 250904
capacity: 199155
time: 38833
maxTime: 60000
LS1: 36647/37909
LS2: 367/1262
LS3: 0/0
shakeIters: 870
shakeLoops: 83
