4.3082:1246 4.37867:1379 4.40956:1500 4.50601:1729 4.58871:1933 4.61152:2111 4.62002:2527 4.66575:2761 4.66989:2872 4.67177:3207 4.69499:3335 4.72775:3493 4.73489:4964 4.73688:6333 4.74757:6713 4.7656:7568 4.77172:7700 4.7768:9886 4.78432:9944 4.80039:10002 4.80307:13223 4.82568:14020 4.8456:18428 4.865:19803 4.87567:19905 4.90804:24125 4.91123:27924 4.92046:32056 4.93363:35348 4.93619:36797 4.93641:38697 4.93934:40126 4.94003:40427 4.95431:46481 
1593 1451 198 1358 558 686 1230 1940 1996 619 572 1840 227 1788 385 529 672 389 1828 1501 466 1365 1975 81 20 879 1465 446 1114 114 231 1943 659 137 1797 308 1834 1244 604 1273 1058 936 1980 1737 1439 675 1200 1596 1108 646 586 1240 1816 1407 1271 1353 1204 1034 209 930 1601 517 1972 987 1442 1010 252 1598 1556 1479 778 1221 685 1464 68 284 724 1233 842 1544 1169 1011 715 1664 596 247 1710 1073 1657 1796 175 1833 176 491 1423 1749 1179 1446 440 1261 58 689 119 866 1541 1131 1443 1223 1342 1846 1874 1314 464 1397 1330 1374 825 1335 908 304 1387 1057 1059 211 1391 1359 253 115 1255 1590 1056 223 519 383 1190 1012 1742 1917 1537 1461 1661 1756 1752 1565 1680 226 660 1720 152 456 897 626 470 1463 1344 1829 73 976 834 204 1739 1703 1032 1856 1803 1670 1219 1121 643 1814 1837 1576 1935 83 1575 931 1191 72 1878 321 97 1839 104 1928 1761 1536 214 1380 1154 1180 1985 475 1579 539 123 1706 807 1686 1147 790 1924 366 1912 895 112 1933 709 285 1909 117 1570 1019 673 1801 445 411 821 1645 298 954 1247 561 210 1237 1143 1192 1277 1502 450 1368 88 431 1659 279 776 1242 684 80 1438 1919 933 69 556 82 1351 1003 423 1334 1666 1629 1667 904 1773 219 829 838 1791 203 1372 
minDistance: 4.95431
cost: 243315
capacity: 199261
time: 46481
maxTime: 60000
LS1: 37901/39167
LS2: 383/1266
LS3: 0/0
shakeIters: 849
shakeLoops: 79
