4.48792:1412 4.50601:1512 4.58871:1679 4.60628:1842 4.6428:2036 4.64939:2467 4.66132:2585 4.67177:3034 4.69017:3179 4.69499:3874 4.71168:3978 4.80307:4257 4.80489:5854 4.81617:6169 4.8173:7037 4.82024:8493 4.82197:16040 4.82568:20999 4.82974:23941 4.83108:26759 4.83247:32108 4.8461:32190 4.87567:32329 4.89369:38058 4.89505:39949 4.90078:40682 4.90145:44399 4.91123:59853 
1012 1556 297 514 1788 491 1121 684 529 206 440 1598 423 834 234 1269 384 117 226 907 643 616 1057 931 1226 1909 1773 1946 1779 175 95 689 289 1486 535 873 782 1596 1645 756 1053 1833 1971 838 1495 576 285 888 874 837 1256 1912 1666 1365 1071 1267 172 727 1943 1535 36 478 1662 637 502 1333 823 1817 1756 1335 778 1816 1398 1996 198 1305 1710 68 1002 665 867 62 1359 295 1011 1391 1839 903 421 88 1397 1439 1579 1647 1108 1247 1464 708 1814 1541 579 1997 1367 464 1296 1570 475 884 185 321 58 173 1652 1275 239 1090 737 673 1192 1508 863 1314 1056 574 41 1380 435 1044 1003 626 1374 1501 954 82 1194 619 389 1283 1437 586 1874 1032 335 908 504 897 1917 845 604 1544 219 755 705 690 1737 1509 1125 1310 1233 1849 1019 1790 693 878 936 652 1796 483 1990 1468 1051 1217 1703 1334 1143 1761 1244 1828 904 933 202 1886 109 1463 1446 214 1940 1980 445 1626 1432 272 114 1273 1479 383 1915 614 374 1834 152 69 1988 100 458 1073 1474 1058 1151 439 1448 1842 290 776 304 1933 1255 1034 211 1263 1390 112 1442 1342 1550 1654 247 59 556 982 983 821 561 1801 122 1179 771 519 866 1351 880 1297 1147 1749 360 1230 1746 596 1328 1221 431 801 104 511 1393 1739 209 
minDistance: 4.91123
cost: 245580
capacity: 199196
time: 59853
maxTime: 60000
LS1: 36974/38313
LS2: 454/1339
LS3: 0/0
shakeIters: 857
shakeLoops: 82
