4.26707:1229 4.38299:1758 4.51132:2010 4.51559:2376 4.52629:2544 4.55843:2871 4.57218:3071 4.59163:3409 4.62002:3471 4.65835:3626 4.66467:4166 4.674:5097 4.69499:5228 4.71661:6733 4.71873:6904 4.77862:7034 4.80307:7868 4.81207:8012 4.81617:14249 4.82197:18351 4.82255:21457 4.82568:21570 4.85631:23641 4.86155:32867 
938 969 1690 1695 888 884 1761 529 335 517 1044 1199 616 1698 829 842 495 670 1796 28 1019 734 114 41 209 491 254 1314 87 664 1840 1569 295 429 1463 1342 402 321 904 1091 1561 1933 379 639 1861 720 1828 1334 1269 421 1012 406 1501 539 1749 30 115 1664 1162 1464 1737 1626 897 1479 509 1825 1559 1267 1739 1556 1623 1868 1391 1365 1003 1584 1185 1082 1662 1666 845 211 1191 1465 1990 586 450 1493 1899 309 62 1579 236 1453 1553 137 304 1874 214 703 112 1576 223 954 1071 511 65 1369 561 689 1528 252 875 227 1710 851 389 1521 1590 1356 1485 672 660 470 1980 441 1851 1879 1270 1242 1255 1173 1067 154 265 303 488 250 544 1355 1505 384 69 626 1032 1454 1194 1221 782 1223 1118 16 1351 1643 870 1508 1985 1611 1370 1667 785 1535 272 790 1448 1955 1816 1367 1773 1582 1002 702 68 548 1996 152 1427 1397 1614 1407 726 1513 1452 1263 445 1810 88 58 232 1875 411 1852 1121 534 880 1509 1863 437 1799 1814 800 806 1042 659 1909 119 36 558 1446 374 1983 82 1806 193 778 1731 1151 1834 704 1127 71 886 572 1689 619 1541 1629 431 1184 476 1726 1544 874 749 606 1575 1034 1387 1230 78 1053 128 80 944 1297 596 73 1917 1192 31 963 1344 1645 1247 447 1801 1461 172 1702 1380 1357 1144 322 823 814 1839 1486 1402 494 1106 
minDistance: 4.86155
cost: 244032
capacity: 199197
time: 32867
maxTime: 60000
LS1: 35587/36857
LS2: 419/1270
LS3: 0/0
shakeIters: 827
shakeLoops: 79
