4.40956:1684 4.42788:1807 4.48792:1995 4.49431:2060 4.50601:2240 4.52082:2346 4.59594:3419 4.60629:3553 4.65079:3705 4.66817:3855 4.67473:4942 4.701:7689 4.7066:7744 4.75424:8040 4.79242:8184 4.80039:9980 4.80489:10111 4.8173:10728 4.82013:13564 4.82255:13714 4.8461:14580 4.86155:19370 4.87567:22019 4.87755:22267 4.88108:23090 4.88381:23339 4.885:26366 4.89714:31762 4.90426:32506 4.95282:33749 4.9696:35129 4.97019:42714 4.99451:43671 4.99982:44921 5.01617:53795 
1749 284 441 1438 1856 1342 535 1814 309 1662 1735 1417 209 1990 1863 117 468 1544 1910 434 159 1380 1455 643 100 1761 1390 1151 23 1320 1407 1726 1629 1786 1827 1056 54 1710 1114 842 1242 1596 1566 1244 1190 1994 870 112 1397 178 491 1221 1367 1657 865 219 775 108 1127 304 931 1351 1537 1391 1356 879 1359 576 1360 1446 1654 1335 519 1688 1589 1745 223 198 1233 1560 1582 784 303 227 1143 665 778 1304 1678 1643 734 69 1988 724 1034 616 1010 1155 261 1672 1791 1815 990 68 558 586 1816 790 238 1387 1192 137 709 83 693 1250 1829 705 1011 1217 845 73 702 1383 389 1306 963 1459 1875 1071 1073 1486 1796 450 126 1645 211 1501 1057 31 123 562 1184 749 574 1347 646 1732 1940 119 1461 1507 1248 1556 1027 55 1801 1058 563 262 490 431 1012 203 873 1003 1573 421 503 1996 829 67 499 30 189 604 1019 1368 460 481 1803 1032 475 756 572 1467 446 1344 204 664 694 1861 1834 897 111 1456 1626 780 1833 1334 1565 626 814 782 1130 993 875 445 1123 529 1584 1059 1728 1314 1540 247 1385 561 1917 1273 115 880 1121 1569 1666 514 573 1355 1376 903 1655 1372 556 619 1828 1230 202 58 1365 65 1909 1191 193 1737 672 808 80 114 1980 1673 433 1590 766 938 234 1739 
minDistance: 5.01617
cost: 249173
capacity: 199242
time: 53795
maxTime: 60000
LS1: 35029/36347
LS2: 473/1318
LS3: 0/0
shakeIters: 810
shakeLoops: 77
