4.2673:1151 4.29523:1267 4.50165:1713 4.51647:1989 4.52684:2808 4.57226:2961 4.6064:4146 4.62002:4297 4.62129:4830 4.6392:5823 4.64796:5896 4.70052:6045 4.72007:6144 4.75812:7830 4.75871:7896 4.77862:8050 4.79242:10565 4.80553:15984 4.82568:18160 4.87567:19921 4.88108:21329 4.88381:21580 4.885:22524 4.88639:27903 4.89642:27979 4.90426:28213 4.91508:28675 4.92046:31844 4.92918:33285 4.93934:35247 4.9714:43489 4.9863:44152 
423 1737 1367 508 1861 1915 1078 1067 795 450 993 119 1058 1469 1796 504 383 1142 1828 1244 499 1461 1253 705 1223 1816 684 112 586 1735 1226 1728 1051 1397 1410 806 1749 1664 114 1575 1424 866 1380 1556 1106 1570 1059 446 1943 561 1914 1230 88 1501 1464 739 309 1801 1426 1114 1267 990 1579 152 175 1917 1334 1191 1975 1034 117 1830 963 65 897 1448 574 814 646 96 1270 1221 1507 1143 874 938 1528 1056 1672 1689 539 236 1271 1443 123 198 1372 1194 321 845 1839 1342 693 1720 1596 685 1544 1933 1333 880 1121 252 211 775 1582 842 371 375 715 122 1344 209 176 1376 529 1365 1003 1155 110 389 1739 1127 1875 483 411 1110 1347 1682 923 1072 303 80 253 1358 445 1359 1912 933 470 1154 1073 1102 807 687 154 749 1791 1626 1217 1489 204 1955 1773 1314 1082 54 468 1968 1867 1446 213 689 954 292 1645 931 46 1655 238 226 1250 1010 1680 1569 755 277 243 1983 965 1990 1794 1834 1427 492 1657 1630 1897 961 573 1560 643 1988 1996 1727 1783 1147 202 1620 1629 619 1541 879 1966 509 1463 1071 480 665 247 1335 658 126 73 1387 1002 1043 1391 1598 1815 1063 519 626 1131 203 304 1337 1351 1130 440 900 36 1654 1576 778 936 1856 83 69 1248 1553 1814 1310 299 68 1390 1761 1878 690 310 58 1192 491 1667 
minDistance: 4.9863
cost: 251997
capacity: 199479
time: 44152
maxTime: 60000
LS1: 36861/38208
LS2: 492/1347
LS3: 0/0
shakeIters: 823
shakeLoops: 77
