4.48792:1405 4.56441:1559 4.57183:1858 4.66132:2067 4.66315:2165 4.71873:2346 4.72775:4747 4.79242:6054 4.79674:7306 4.7971:8227 4.80489:8340 4.80553:8540 4.8173:9766 4.82197:10032 4.82568:10764 4.86155:11228 4.87248:12105 4.87426:12158 4.87567:12495 4.92933:12797 4.93641:13544 4.9384:14221 4.94204:24138 4.96789:24213 4.968:27893 4.99259:33742 4.9954:33801 5.01409:39908 5.01617:39957 5.01905:45989 5.02075:46635 5.03095:51623 
1969 1108 211 1604 253 1359 1796 1446 1420 1666 292 1143 705 1263 1448 1936 1217 46 173 65 895 209 1917 88 1990 80 1067 660 1328 689 572 1985 1943 1833 931 1816 270 724 115 1980 1611 586 866 1019 1351 785 1237 668 647 81 1057 1562 281 238 1391 1090 1438 1553 1909 1495 1929 936 1271 234 653 198 1131 1803 1559 73 1223 1250 502 897 1556 1749 556 489 1092 795 845 1267 1875 1680 1333 1507 1465 1933 1521 561 529 68 1230 1560 1472 1117 411 782 1144 1380 232 807 1773 621 1360 457 423 1799 1698 175 1703 421 1629 687 873 204 1003 1486 310 1342 619 78 123 1814 152 829 203 495 1499 1058 1437 1581 1039 82 715 1761 283 468 1501 1155 1010 992 1852 727 1912 938 1221 1121 596 1071 1087 1541 1407 1255 1935 114 1417 226 304 1355 112 517 1464 122 535 1238 1023 1579 1779 1940 1275 865 1996 1971 1110 1335 616 1471 1828 1334 1856 1190 458 778 576 1710 1032 1283 1314 904 990 1983 708 1034 456 33 1059 954 704 1544 519 475 684 1429 1834 963 1191 146 165 1504 1369 1398 441 1012 1955 483 509 1226 1645 693 383 1605 429 1078 1387 842 646 1839 1783 1344 229 1365 503 1801 69 672 1626 1575 573 491 1825 1439 1657 1737 1358 1513 879 749 1573 1739 1570 227 933 1791 1397 1367 1542 119 1147 1897 
minDistance: 5.03095
cost: 249973
capacity: 199153
time: 51623
maxTime: 60000
LS1: 36106/37451
LS2: 456/1345
LS3: 0/0
shakeIters: 857
shakeLoops: 81
