4.14171:973 4.26305:1360 4.42507:1744 4.56355:2321 4.57284:3544 4.61152:3757 4.62129:4775 4.63736:4878 4.63903:5415 4.66491:5494 4.66557:5687 4.70036:7391 4.72775:7687 4.74274:9814 4.75424:9968 4.77862:10782 4.78432:11015 4.78765:11209 4.78922:11300 4.79152:12111 4.80489:15783 4.8173:17086 4.82255:17889 4.83155:19298 4.84208:19408 4.86155:20906 4.87426:22950 4.87567:24933 4.88108:29496 4.90426:31496 4.91169:32501 4.92046:37128 4.93363:39771 
1385 68 875 1002 1801 1704 1761 1978 421 193 705 1255 112 456 173 1541 986 1100 1121 1071 1342 1481 1043 109 1643 1143 1861 122 1267 23 58 1226 1078 1803 845 1596 1584 1056 446 1364 95 1988 1191 1034 374 1556 358 295 742 750 458 65 693 178 1815 1726 586 626 1545 1195 1972 1707 969 262 1238 457 247 1130 794 990 1270 535 529 1365 1796 1464 1662 1682 321 1443 219 1057 488 204 1108 1673 897 1917 664 576 423 1335 900 991 592 73 339 1928 1703 904 1116 203 175 1996 1883 579 286 383 41 1233 1737 1053 778 646 806 450 1739 842 1266 936 395 574 504 1645 1437 619 1032 949 1359 1566 226 1990 673 1300 1834 468 514 491 1852 1816 123 1935 1846 441 782 1977 445 82 889 1250 570 1773 670 755 1448 1575 1814 1702 556 54 1529 829 1479 213 30 821 1698 877 1190 114 1933 476 1828 992 211 117 1367 867 895 1994 1666 1629 1570 964 2000 1169 573 1446 1244 1657 1501 1783 1749 1037 1223 1376 218 1391 931 1839 1458 1940 749 1509 1302 1011 69 1202 1379 1833 1334 1542 62 689 1073 561 880 252 281 108 583 879 1604 1320 1631 202 1127 604 1544 1678 100 866 1144 690 572 1380 1333 1735 1217 1975 596 303 406 414 360 1368 1507 1314 1351 181 519 1756 1200 29 1788 1849 1455 1764 665 663 1397 1118 499 1003 304 
minDistance: 4.93363
cost: 248486
capacity: 199185
time: 39771
maxTime: 60000
LS1: 37255/38541
LS2: 408/1286
LS3: 0/0
shakeIters: 845
shakeLoops: 78
