4.40425:1456 4.45621:1674 4.4832:1910 4.50601:2024 4.52139:2082 4.62129:2708 4.6392:3022 4.64796:3388 4.66575:4352 4.74274:4555 4.7619:5345 4.77307:5529 4.77862:5597 4.78432:5798 4.79541:6101 4.79767:6218 4.79952:6326 4.81617:7307 4.82197:9632 4.82221:13496 4.82255:13559 4.82568:17223 4.83155:27959 4.8461:37483 4.85631:41576 
1342 1369 1570 616 1130 684 1576 639 389 1928 238 514 659 450 1226 219 1012 483 1367 68 790 589 27 1194 440 1365 685 504 689 670 782 1376 1544 1761 1391 573 511 715 525 223 1796 193 1541 1125 1875 1078 1044 1556 1710 358 1749 1509 904 114 437 1876 445 584 1310 100 1464 112 586 82 1535 556 1787 115 119 693 1980 441 1019 1631 1801 795 936 903 897 1127 1654 1011 308 705 1739 1726 1852 1666 1655 1151 276 1233 88 1990 1217 1192 1320 1144 1569 185 458 383 1814 626 558 284 1335 1495 172 1582 1579 1933 1446 665 1263 303 838 1324 1315 879 374 1407 604 1917 845 175 1359 1119 1865 502 1834 1657 529 916 1275 23 1858 619 226 1575 203 1448 1387 218 1121 1861 74 1952 1988 1920 819 1479 1273 1566 1788 73 1940 470 1702 264 1828 1183 1269 1839 709 1143 304 1397 1334 690 475 1773 1034 1542 104 1612 663 1349 931 1790 227 202 1737 272 1936 1051 1191 675 117 1003 1071 1426 1645 1972 1833 1589 637 1255 1698 1223 778 321 1242 295 1393 1314 1053 28 1073 1270 1971 95 1605 574 1267 1486 519 453 36 1662 1002 993 735 888 1154 561 1056 1501 214 1463 784 1351 1565 866 166 606 1716 837 1996 69 209 950 80 673 1909 198 1356 803 50 737 31 1779 1416 938 1492 1380 1596 771 1841 1343 569 1221 247 464 1147 
minDistance: 4.85631
cost: 248124
capacity: 199166
time: 41576
maxTime: 60000
LS1: 36358/37664
LS2: 459/1306
LS3: 0/0
shakeIters: 822
shakeLoops: 79
