4.554:1683 4.5576:2288 4.67441:2836 4.67515:4050 4.68462:5714 4.68551:5830 4.68577:5932 4.68893:6019 4.70382:6220 4.71213:6838 4.71524:7049 4.7255:7112 4.77021:7339 4.78675:8044 4.79769:9489 4.80474:11767 4.81046:11856 4.83577:12537 4.85297:13737 4.85385:24557 4.85655:52325 4.86264:54362 4.86583:59712 
645 1304 1909 756 58 236 1790 206 1476 1652 1566 1646 1740 1787 1728 1029 1162 1172 1229 1783 708 425 222 574 1120 1033 437 1634 960 1929 1556 254 832 353 1226 514 672 1314 519 343 800 614 1988 1587 1828 414 1043 1801 1187 1378 172 1615 1561 1626 663 1143 1576 535 136 1221 292 841 1071 744 1985 1315 879 233 1490 1090 917 1356 626 657 1028 1513 1791 1642 1786 1366 633 1756 1690 1685 773 1330 807 1815 668 1412 1376 4 780 1307 1219 1118 1743 530 562 1451 1216 499 1367 1344 1042 837 397 478 1983 500 357 1990 1239 1023 771 1908 949 215 1640 1427 1465 1598 1454 67 1899 684 74 1401 1230 1779 395 1744 819 715 844 1254 1506 828 1087 1371 1436 1842 1579 1594 620 1562 212 1154 1194 31 306 521 88 1781 1385 69 987 377 1479 1003 1379 1402 72 1552 497 1170 1306 983 873 563 1067 209 1240 1092 1202 269 961 479 998 1124 838 308 1169 1380 1084 632 81 1972 1151 1431 247 1027 991 1954 1645 84 137 475 1277 963 85 1448 664 1666 686 539 1398 576 727 729 1383 358 13 461 1762 1038 904 1502 165 1325 1034 1542 176 1687 1051 1453 1182 1012 1817 1716 713 207 380 412 1797 1004 1466 262 1932 868 1368 1623 749 1225 870 2 1393 899 1446 1495 396 1596 801 286 976 1180 310 1342 794 1917 1855 850 493 
minDistance: 4.86583
cost: 244277
capacity: 199236
time: 59712
maxTime: 60000
LS1: 37946/39235
LS2: 394/1289
LS3: 0/0
shakeIters: 872
shakeLoops: 82
