4.39048:1461 4.48785:1875 4.48918:2112 4.5102:2576 4.51095:3712 4.51722:4631 4.53707:4732 4.55823:10287 4.60751:11107 4.65603:11717 4.65766:12427 4.67441:12511 4.67676:14041 4.68893:14477 4.71916:14835 4.72354:16333 4.7255:17919 4.75799:30731 4.77723:36599 4.78675:39325 4.79284:41936 4.83514:42021 4.85297:59615 
233 1501 1615 72 500 1779 1465 192 1781 1791 343 426 114 13 1034 1358 633 744 1716 535 838 1398 1304 1006 198 1060 1041 121 1861 1817 493 1453 1786 693 539 802 1230 1386 1003 524 816 530 476 984 1027 1012 80 1902 1305 1002 1118 689 1080 367 1202 1163 1542 1756 82 1092 1743 665 206 176 1788 870 1833 1376 464 1172 643 1229 800 1502 1151 1380 1917 1413 215 562 1344 1330 479 1436 453 1182 974 976 202 1922 1565 1100 712 112 1280 1042 46 932 252 1007 209 140 1933 84 1032 771 1454 1799 279 1511 1900 1107 519 286 1499 498 737 408 395 1645 994 1231 868 983 1432 81 292 632 1342 1368 873 1932 1194 1541 475 259 28 1828 1412 1233 842 1576 1207 470 333 219 1908 1790 1427 1057 67 1783 1506 1527 1059 1787 1420 97 1819 1023 222 483 1244 1697 247 261 52 1985 1703 1970 1596 1343 755 420 1431 396 1912 502 601 172 297 58 1210 1474 1124 807 1187 1899 269 792 824 1383 1360 369 358 1205 460 688 59 383 1090 497 228 1226 527 844 729 1071 715 1623 478 1448 354 669 1350 1466 136 1815 499 1051 1029 684 204 1033 931 1801 1352 554 74 1490 1495 431 1579 1274 1842 986 626 119 1416 1130 88 1556 427 85 1652 1997 137 1022 1510 467 708 425 414 418 236 1437 709 668 68 1888 415 987 848 1316 334 
minDistance: 4.85297
cost: 242779
capacity: 199319
time: 59615
maxTime: 60000
LS1: 36994/38377
LS2: 540/1383
LS3: 0/0
shakeIters: 820
shakeLoops: 76
