4.45398:1690 4.52602:2022 4.53538:2573 4.64419:2740 4.67441:2984 4.67676:3292 4.71359:3410 4.72751:3613 4.73092:4222 4.73911:4593 4.74286:5039 4.76435:5196 4.77321:6585 4.78112:9439 4.78675:9967 4.78942:11086 4.79284:12296 4.79995:16412 4.81915:16559 4.85385:18376 4.85874:34936 4.86017:36488 
1398 870 1325 310 1143 1098 628 1861 539 269 672 412 67 1087 464 732 1652 1817 111 749 1347 353 873 555 1248 1985 1254 1672 863 172 1823 1587 278 1649 1470 1499 963 1899 1615 1791 445 500 1716 397 1922 1627 1154 1666 898 196 667 1003 1620 236 253 292 425 340 1343 1576 771 1533 1598 222 1427 976 554 1092 380 773 1023 1511 474 1151 437 1815 396 828 234 1376 1180 252 1351 562 322 1090 838 519 1283 1233 297 1743 908 367 108 1229 1210 739 1401 431 1211 1029 1288 1051 119 1080 1596 987 713 1230 753 247 410 1274 116 1786 260 790 1479 1216 97 433 708 842 626 727 1888 1379 459 165 1970 1380 1466 829 13 986 1128 1385 1757 794 845 1071 1356 479 1495 734 807 1929 1623 1454 663 85 1900 1172 1267 1412 1682 357 1846 395 1221 74 1741 1115 166 1790 158 1044 68 844 1756 664 1302 1169 1912 563 86 204 88 80 140 917 657 1437 904 426 982 1118 333 1368 1179 1121 1386 462 1202 1680 1446 1622 824 991 198 432 1335 58 1271 1490 304 1057 837 81 1898 499 469 212 192 1033 535 176 358 590 1781 530 1979 1573 250 240 286 1801 527 1378 1042 202 1190 1194 931 1187 868 1843 1012 1903 100 1170 1239 1556 199 879 115 1642 1038 1226 1024 1383 244 1594 475 1917 994 552 1002 316 1304 1168 219 800 1367 1855 1334 136 
minDistance: 4.86017
cost: 246771
capacity: 199156
time: 36488
maxTime: 60000
LS1: 33405/34840
LS2: 649/1435
LS3: 0/0
shakeIters: 764
shakeLoops: 70
