4.14428:973 4.18588:1243 4.18969:1407 4.41596:1955 4.46661:2366 4.51885:3369 4.53707:3846 4.60751:8482 4.64419:8959 4.66516:9074 4.67441:9201 4.71524:10224 4.71679:10917 4.7255:11151 4.73092:12332 4.76586:18068 4.77395:18330 4.78675:19689 4.78989:21965 4.79284:25825 4.79334:26531 4.80857:27427 4.81915:27484 4.83514:32862 4.85297:41417 
1098 800 1194 1366 1007 666 1003 1508 673 1819 1437 450 737 535 279 537 136 530 667 1244 1033 1229 1855 828 1756 693 1490 1788 1267 274 179 1988 1829 1598 1367 1541 1799 1791 367 1654 684 771 1120 1594 621 1304 736 1579 1454 81 1438 1912 1125 524 916 987 483 196 744 1427 1740 88 1652 516 1510 474 794 848 1486 1649 1983 984 490 1151 1521 757 1090 1634 314 1626 353 1566 1622 802 1154 1365 58 74 932 1203 1453 904 1254 68 396 521 616 1213 163 1448 1787 933 539 917 585 358 272 596 1172 1623 841 573 334 993 734 1580 85 1631 1743 577 303 1499 1937 1190 645 845 1591 1781 1274 240 308 1306 1439 780 1293 1681 1996 1653 1563 1720 1042 476 715 69 1248 842 1130 12 31 1393 1615 1354 1233 1379 807 1412 1602 638 455 1182 461 1018 1176 1121 1933 284 1825 192 1122 1398 1932 761 1092 963 1144 1376 72 234 261 626 1170 1347 1562 165 858 209 443 340 866 996 1073 233 554 1081 1990 1744 924 727 1502 1071 176 1024 269 1270 286 1666 562 1334 1985 499 1124 1383 297 1231 1581 114 155 873 433 247 485 1645 410 1790 1118 1491 1041 1395 755 304 990 1291 663 1357 1552 835 1407 1565 383 590 1314 339 207 1694 773 838 412 96 1702 1554 1899 1576 1522 935 1898 1343 475 672 1888 262 1516 527 1501 1872 1207 908 1801 664 1051 1705 1506 970 1150 
minDistance: 4.85297
cost: 246579
capacity: 199157
time: 41417
maxTime: 60000
LS1: 34578/35905
LS2: 509/1327
LS3: 0/0
shakeIters: 793
shakeLoops: 74
