4.43098:1571 4.51096:1978 4.55251:2111 4.62717:2549 4.64145:3353 4.64488:3832 4.65603:3953 4.67441:4777 4.67676:4833 4.68893:5711 4.70382:6620 4.70938:7584 4.73622:7712 4.76605:8272 4.7723:8389 4.7737:8440 4.7928:11276 4.82077:13243 4.83577:13436 4.83628:16201 4.84217:16370 4.85297:18822 4.85385:23346 4.86017:27148 4.91617:30476 
963 1202 568 1666 961 196 1829 339 1634 209 1899 269 1043 1033 734 1078 1109 252 632 234 1073 729 555 1325 1306 996 842 1915 1615 1861 1481 1187 1937 1044 165 1576 236 1060 585 1932 1170 261 1653 166 1277 1184 1071 987 993 1727 1213 1541 479 931 1378 1051 1846 1105 1383 412 1386 499 727 136 1901 1427 304 838 1124 713 653 239 1391 176 1438 358 1620 198 1815 1740 297 485 1783 1012 1797 1239 1196 1552 620 1274 1817 292 97 446 1787 1828 1594 816 1799 1647 1149 824 1356 1067 397 222 1038 1227 1057 1996 755 475 392 445 563 85 1757 572 1642 794 672 1154 1368 1194 1244 539 168 425 1798 546 1502 1432 1366 1229 1762 1029 523 74 192 535 1791 1163 638 1216 708 81 693 1379 1542 17 1985 1569 1034 749 259 796 949 1589 1645 617 395 576 1756 1947 1834 1810 202 732 1347 1490 1098 244 1855 1358 1790 1571 367 357 1334 431 612 340 510 583 1302 1172 119 1764 355 1226 1506 1304 1002 1499 262 724 857 1485 1145 773 1449 1182 1429 1700 684 874 1801 828 771 410 212 1979 1092 657 1314 530 155 1412 554 1652 254 1584 1151 1596 589 667 1446 1830 396 888 1579 1472 1041 923 1917 1575 1221 1623 1309 1207 1972 1521 18 414 1343 1702 868 1100 807 964 844 426 46 68 596 1121 1493 991 728 1479 562 469 1028 69 1466 626 1843 917 
minDistance: 4.91617
cost: 245932
capacity: 199211
time: 30476
maxTime: 60000
LS1: 37730/39041
LS2: 443/1311
LS3: 0/0
shakeIters: 843
shakeLoops: 79
