4.50996:1578 4.52602:1677 4.67021:2140 4.67441:2328 4.67676:3202 4.69558:3902 4.72991:4573 4.73951:4628 4.7723:21627 4.77395:21686 4.80474:23468 4.83577:26017 4.85297:27005 4.86017:50097 4.91043:51608 4.92554:57025 4.92632:59558 
43 1506 1615 168 643 844 1474 1996 1334 222 1570 708 1121 244 1791 1151 397 339 1990 450 1453 392 1162 474 1485 1033 83 115 1798 737 1344 58 470 46 1319 1636 838 667 1799 1801 1038 1579 1090 1451 991 1573 1115 478 535 1039 366 1163 1623 1541 657 499 1979 621 1594 67 1012 52 615 1244 519 1909 497 552 1786 1727 1427 1674 1092 734 1585 176 1596 1029 616 292 59 755 1622 117 1491 1368 1233 111 425 585 1455 1366 1716 1842 527 1649 1888 1647 1831 712 1230 1172 119 437 1238 1743 1645 1354 1042 824 396 1781 1694 1239 165 879 303 367 1118 334 807 261 184 192 1367 963 475 1780 684 357 28 1757 1194 1756 506 553 994 993 1899 212 196 1304 355 88 86 1437 1527 990 794 1740 1190 333 842 353 725 262 158 129 1091 1314 247 1412 663 986 539 1432 632 1486 1416 1672 1401 431 1828 81 1566 1438 1402 987 1490 108 1283 1912 418 932 410 1068 1383 550 1051 198 1790 252 1454 1143 166 562 850 1154 480 1226 297 1552 13 554 590 1652 1071 433 209 72 771 510 530 1680 1762 312 279 984 773 1374 395 1297 173 322 620 1620 1018 1044 1325 1687 816 1461 1666 1221 744 1187 1306 1267 924 821 200 1229 1902 74 1170 1898 1817 370 1130 1562 1915 1211 727 121 1274 1289 68 358 1502 626 269 85 653 1302 193 1446 500 
minDistance: 4.92632
cost: 246000
capacity: 199330
time: 59558
maxTime: 60000
LS1: 34132/35495
LS2: 582/1363
LS3: 0/0
shakeIters: 764
shakeLoops: 72
