4.44576:1604 4.45398:1724 4.45418:2979 4.46661:3258 4.4808:3419 4.50898:3542 4.53707:4215 4.56815:5330 4.59533:5448 4.59711:5689 4.63589:5802 4.64145:5913 4.64419:7678 4.64488:7841 4.65603:8018 4.67021:11985 4.68566:21284 4.68577:22380 4.69549:22729 4.6969:26223 4.70475:27233 4.71075:29305 4.71412:38509 4.71524:44353 4.7255:53889 4.73951:54054 4.78112:57401 4.78942:58168 4.7928:58295 4.79527:58394 4.80289:59364 
527 410 249 1552 346 601 395 599 1697 316 476 780 1182 1299 1817 684 1700 1455 1486 1576 331 3 696 1007 396 1274 936 1454 703 1092 874 1225 1933 570 715 1207 778 794 1634 669 1439 1788 555 1797 1144 653 626 1354 1367 1579 838 960 800 500 1090 873 222 100 1687 1427 1666 546 1521 1773 13 1972 1263 1380 1121 1994 1181 1794 1002 1762 771 625 1230 1351 474 1899 260 1786 1357 870 1019 1876 304 1169 1118 672 1226 1815 1244 749 1213 367 369 1120 1291 418 353 931 1071 1563 1437 1506 1365 987 1107 848 1343 705 1453 209 976 802 1032 90 708 1623 1495 1401 633 1035 1432 645 521 1492 582 819 1787 423 1080 233 335 1616 1420 1627 1385 1513 497 664 539 1438 1529 963 1039 383 1229 206 239 247 1912 1180 1009 1359 1139 1647 411 1740 204 1172 866 1283 744 1652 60 663 1655 1219 261 1304 1932 1569 1150 868 1909 1151 124 688 1988 1448 136 1479 158 1044 196 796 1476 1654 1267 1033 1029 450 292 445 1306 343 964 1615 1756 1790 58 1801 1922 1743 554 53 1210 81 1779 1491 1594 824 1325 961 883 1170 821 1472 1997 414 207 1376 1003 1234 269 358 1954 1330 1872 1434 251 498 844 375 46 112 478 801 1393 904 453 456 297 1087 1575 572 1051 1081 1540 974 59 1626 535 1631 638 74 826 303 1653 850 562 1825 507 1364 834 918 1771 1645 412 1791 
minDistance: 4.80289
cost: 244262
capacity: 199235
time: 59364
maxTime: 60000
LS1: 35254/36562
LS2: 501/1308
LS3: 0/0
shakeIters: 776
shakeLoops: 73
