4.18892:949 4.34548:1333 4.40487:1608 4.41596:1800 4.46213:2019 4.50898:2621 4.51722:2690 4.51885:2770 4.55088:2919 4.64419:3326 4.68893:3621 4.69558:5654 4.70382:9312 4.72242:19517 4.7255:19913 4.72751:53873 4.73092:57011 
1410 534 537 1343 1313 1229 928 507 207 789 1702 233 838 521 9 269 460 585 1180 133 637 1579 1090 1365 286 1672 1131 842 193 985 1446 1361 570 1647 1834 1680 212 713 1604 1966 1300 1127 772 383 1271 1130 1810 527 973 1258 1801 194 625 196 67 176 1342 1495 736 1366 626 904 788 166 651 1029 445 455 964 374 140 1034 234 52 687 1325 868 493 243 993 917 1907 1121 465 1040 1383 340 1154 371 530 924 1803 1533 1594 66 506 1151 297 1098 46 844 1615 114 1309 1790 357 1573 1521 351 1566 1347 816 1972 1041 426 643 755 1226 510 119 1293 1233 1306 425 1997 553 1170 1762 1490 1949 861 1507 685 250 1139 1012 1427 437 333 1244 1003 1019 554 970 334 1872 69 1461 168 431 689 72 818 252 1169 638 1786 599 410 192 1649 178 835 1485 672 1455 1448 427 469 1798 996 58 1122 396 1100 1578 1372 90 1432 1216 1465 621 1499 963 68 369 794 968 111 888 1077 1115 1716 1437 446 1330 732 1052 1666 1101 500 211 367 199 1596 519 693 1623 668 546 1354 418 322 336 414 247 490 173 907 1118 1912 1502 1163 657 1828 984 1172 1486 1839 1645 1585 1791 737 204 1399 1051 1033 1364 222 1416 1654 358 304 562 590 1899 555 88 1053 1194 1155 1207 715 395 468 684 1740 1922 994 1932 807 202 1541 1614 900 520 938 800 261 1221 1817 1438 420 596 
minDistance: 4.73092
cost: 242337
capacity: 199156
time: 57011
maxTime: 60000
LS1: 37071/38365
LS2: 440/1294
LS3: 0/0
shakeIters: 837
shakeLoops: 80
