4.3734:1682 4.38126:2188 4.42884:2332 4.48916:2627 4.49781:2762 4.50493:2834 4.63556:3283 4.65603:3422 4.65766:3484 4.69549:5648 4.69558:5720 4.73092:5883 4.7464:6220 4.7723:8370 4.77395:8742 4.78112:9548 4.78675:11108 4.80289:16653 4.81046:25532 4.81109:25641 4.81892:30790 
367 1652 1909 121 1901 96 552 516 1573 1582 165 1756 253 1506 1369 1785 559 519 1240 685 1092 119 137 252 1118 1051 1023 1575 688 873 937 1563 1142 835 369 771 1461 572 583 1004 529 1379 1962 1495 60 684 824 842 475 1080 224 973 582 1330 670 357 1068 1302 961 1801 1542 527 1090 1464 1180 74 1493 469 761 115 1351 689 838 218 1194 512 1368 1458 807 236 968 1640 1932 1033 1289 1817 1479 1436 1615 209 982 1229 1169 173 1334 1304 1205 1762 1437 1499 28 782 1320 212 573 1144 1012 755 760 998 1790 1634 626 1060 772 1170 1383 596 716 207 461 1898 539 1380 431 274 1190 1569 418 1829 1453 427 1761 322 15 817 653 1912 72 247 1219 425 439 841 1959 749 986 1972 1115 1701 1971 1990 1267 713 1521 923 1470 202 826 1239 934 1687 956 1410 568 800 1098 1855 479 924 67 1347 535 81 1933 1019 59 1310 493 530 916 1172 514 1547 176 879 1372 334 690 199 633 1562 857 433 172 987 727 289 1151 963 1566 1291 1230 796 1203 1350 664 1105 1360 304 262 1985 1401 470 170 1540 192 51 1576 1791 1816 844 483 1432 1162 1783 1834 480 904 1645 845 136 1828 1407 353 1263 837 485 1154 424 1187 1786 1325 1226 1084 13 1258 576 1681 630 794 1522 621 84 858 459 1277 1011 68 1081 632 155 1825 80 1042 1780 1003 358 129 1623 
minDistance: 4.81892
cost: 245735
capacity: 199189
time: 30790
maxTime: 60000
LS1: 35097/36371
LS2: 460/1274
LS3: 0/0
shakeIters: 793
shakeLoops: 76
