4.44576:1523 4.50898:1892 4.56153:3329 4.59533:3413 4.64145:3672 4.65766:3765 4.69291:4103 4.71512:4311 4.76572:4610 4.76605:5062 4.77395:7975 4.78675:10034 4.78989:10143 4.7928:12025 4.81046:13634 4.82795:22929 4.82897:38880 4.83435:41530 4.83577:45473 
1579 1438 994 1716 1596 244 1239 1414 904 1584 1825 1625 672 796 395 331 1658 1454 1799 1181 850 1502 535 1645 940 1819 1343 734 554 696 1479 1033 1726 410 1006 234 81 1172 396 88 354 1818 446 222 485 1909 1623 1380 304 262 1087 1652 1542 1107 562 247 1347 1275 835 1195 727 1366 729 89 115 269 917 1631 514 1615 677 335 841 1325 1267 166 800 22 1762 431 369 1041 1791 1810 521 665 1108 1071 1379 58 1274 1229 1788 1622 944 1120 357 684 996 744 1393 84 834 500 724 1247 1115 1124 316 1194 13 1598 52 1786 773 469 196 1368 1773 202 1258 259 424 192 1230 1427 1727 198 713 96 1119 1972 1562 1367 136 1979 1841 632 1506 1011 223 1158 628 576 842 336 1416 1465 207 1305 1764 475 1439 987 68 983 412 1051 1190 1790 358 279 737 1891 1121 1131 1666 227 165 1490 353 601 1990 1932 67 1801 46 755 1922 1657 1359 844 824 1127 1855 938 1768 80 1044 1164 771 425 693 85 1457 848 1494 1740 1080 490 1815 585 667 1097 1092 339 1334 1289 119 1277 1182 918 1042 367 838 1587 1781 1448 1746 1985 184 530 519 1569 418 1004 1705 39 868 1081 739 427 1028 986 1828 1743 689 1787 1067 511 1495 1709 18 493 1499 1783 1486 568 1315 1118 626 1870 1003 1023 1088 807 499 1544 209 1833 17 1576 539 1219 837 924 1029 355 
minDistance: 4.83577
cost: 244558
capacity: 199225
time: 45473
maxTime: 60000
LS1: 36094/37375
LS2: 434/1281
LS3: 0/0
shakeIters: 828
shakeLoops: 78
