4.26183:1139 4.30428:1419 4.4349:2361 4.4585:2435 4.48918:2773 4.49794:3705 4.50885:4657 4.51096:5064 4.62446:5320 4.62717:5426 4.67441:5561 4.67794:7932 4.68214:8852 4.71213:8966 4.71916:9288 4.7255:9354 4.78427:10047 4.78675:12468 4.80474:15515 4.81046:15590 4.82307:15907 4.83268:18214 4.83312:33022 4.84217:33235 4.85385:33839 
178 247 493 669 512 357 1817 74 508 1909 1073 425 1230 1395 1988 1365 803 1051 737 1783 418 1216 209 1465 306 224 397 396 1357 535 657 755 1071 1997 206 69 963 355 470 744 262 1130 1371 1002 918 367 60 1151 1602 1011 1334 115 1689 1105 834 1446 1376 615 192 117 1087 514 1057 964 1690 414 993 511 1615 940 446 671 1122 1455 1182 1023 1203 637 1454 539 585 1687 807 269 1510 1742 530 1666 794 354 1917 485 1115 1018 1092 1427 991 689 358 212 1296 240 410 68 85 1506 917 1318 316 788 1402 1226 1181 879 1842 1306 90 628 1407 176 1124 1680 1791 678 664 626 184 1932 1399 1594 662 708 517 616 31 1542 1985 1463 897 375 987 1161 1325 1438 55 343 1623 1144 693 1368 1067 1080 932 46 1787 165 839 1006 1727 13 1513 1620 353 1703 1250 1716 58 684 1158 439 1090 1344 81 499 1326 534 59 620 1431 592 1350 915 1229 461 88 780 1398 292 28 1552 573 904 835 1221 521 715 1342 838 1194 1466 933 1912 1304 1508 866 222 1003 1660 435 771 1367 215 475 1172 1964 1529 1213 426 1436 1154 1125 1098 1028 1785 753 1591 1728 984 1274 1351 136 1790 1164 667 841 1830 1409 1239 1277 48 638 1004 1118 1432 500 773 236 844 1121 1162 674 506 842 1246 1034 1490 1705 1799 1352 1233 111 696 824 739 43 1695 
minDistance: 4.85385
cost: 243778
capacity: 199265
time: 33839
maxTime: 60000
LS1: 36627/37936
LS2: 460/1309
LS3: 0/0
shakeIters: 824
shakeLoops: 75
