4.32872:1454 4.3734:1608 4.42884:1816 4.4349:2113 4.49794:3343 4.58568:3680 4.59533:3745 4.60773:3865 4.64145:4307 4.64744:4926 4.67676:5349 4.67794:5563 4.69549:6445 4.71524:6723 4.73622:7149 4.73951:7257 4.76605:8735 4.77501:9468 4.78675:9750 4.7928:10518 4.80474:11148 4.82077:19464 4.83577:20290 4.84217:21007 4.85297:21059 4.86017:59467 4.86264:59520 
1756 46 636 1623 1383 1636 247 1366 192 209 1461 1524 1277 796 632 1024 713 1130 1318 1666 333 689 1828 1602 1740 672 115 367 1437 1407 857 395 685 1493 1325 234 802 74 964 1706 1367 924 729 69 1436 1680 81 410 1910 727 206 269 52 433 1230 931 1239 1541 755 1533 1833 1703 270 1801 1080 425 1728 1151 1089 657 1120 1899 1727 1306 826 1687 1386 261 1226 1092 1902 366 1912 807 375 1356 292 418 1506 1427 555 82 1233 621 1118 1374 1028 1221 736 879 244 1012 1180 1274 474 259 1179 114 68 709 662 1023 1842 1244 838 535 165 824 236 1344 1500 254 637 1162 816 737 334 198 1829 653 712 1051 478 562 222 88 1486 1154 13 873 1380 1952 1787 1490 667 1817 437 519 1034 204 994 728 420 252 498 930 773 585 554 596 426 615 212 1972 539 1033 358 1124 1510 844 1071 343 1354 493 1029 1302 1855 684 986 1376 1210 1652 396 1304 1672 1169 1513 1657 85 499 431 1002 67 117 1716 137 1465 932 326 335 1615 119 136 1227 1438 86 1432 1790 1915 1446 459 1416 1007 1834 1412 297 530 1786 1170 1190 1596 316 708 1194 1502 923 1491 1909 1825 92 1182 427 1815 1620 475 904 339 1187 1305 1783 1229 1569 184 683 626 1922 732 510 1144 445 296 987 1090 1579 1078 1172 1211 460 842 41 1368 
minDistance: 4.86264
cost: 245287
capacity: 199157
time: 59520
maxTime: 60000
LS1: 38252/39555
LS2: 349/1303
LS3: 0/0
shakeIters: 927
shakeLoops: 87
