4.26693:1358 4.3706:1860 4.38664:2075 4.42907:2505 4.43098:2598 4.43745:3203 4.50996:3644 4.64145:3872 4.67515:5161 4.67676:5220 4.68566:6420 4.68893:6570 4.69231:6631 4.71224:10621 4.73622:12273 4.74286:13929 4.7464:15390 4.76572:15739 4.76605:17191 4.77395:17252 4.81915:19332 4.83666:19436 4.84217:20160 4.85297:43886 4.86017:55592 
1791 433 1367 744 1172 1057 932 1542 133 1427 1910 1779 497 685 88 1356 1556 1314 732 838 1815 252 1446 1090 198 1028 425 1828 192 479 1184 708 117 715 1067 674 507 1728 1819 1342 906 1226 121 1347 90 1687 1092 493 1502 357 85 535 589 1506 1368 1674 984 1552 904 115 1594 1398 1899 773 1909 165 1169 1080 478 514 1360 993 570 460 1820 663 1727 1274 439 1554 1666 358 960 498 911 512 184 1283 672 1917 1379 1579 1762 1003 1120 844 1972 879 499 739 1490 1239 355 1501 82 292 410 1071 1438 46 1210 1302 1365 620 1087 335 749 684 1461 1383 771 807 210 1371 1783 668 991 396 1121 204 824 923 60 825 269 1432 1615 727 1465 1399 1829 414 563 1107 370 1932 986 849 209 207 1521 1876 1115 1712 375 1230 1118 1527 1012 1875 964 475 632 1289 1051 1986 1229 1194 1306 585 447 306 1244 158 816 316 596 1162 343 1463 1801 1634 1524 842 1831 322 1994 136 1304 1786 519 1985 562 119 883 261 1922 445 1455 1623 693 918 1023 1510 1448 1855 1645 4 69 689 1105 755 304 1499 1495 1566 1834 1151 431 857 931 1913 1330 236 1180 657 577 1817 1029 395 1034 961 576 1912 683 1002 222 1277 367 1143 713 336 1101 234 1700 511 196 1130 626 530 84 1493 794 987 1154 418 1350 247 1170 628 
minDistance: 4.86017
cost: 244018
capacity: 199196
time: 55592
maxTime: 60000
LS1: 35947/37268
LS2: 435/1321
LS3: 0/0
shakeIters: 861
shakeLoops: 82
