4.46213:1619 4.51885:1873 4.6131:2334 4.62061:2406 4.63871:2850 4.64419:2983 4.64488:3306 4.67021:3887 4.67441:5827 4.71359:6704 4.71524:8232 4.7255:10371 4.74286:11851 4.74574:12089 4.76182:12327 4.76572:12432 4.77321:12716 4.78675:12928 
1448 539 1365 938 303 973 334 74 596 1874 261 772 464 1380 410 1318 247 1118 1738 331 1623 521 491 1788 196 81 1131 1997 458 1645 1412 316 1929 1529 244 82 292 234 1416 698 555 683 1793 907 802 554 1743 88 1068 1653 845 667 423 1180 708 651 1437 1917 983 1172 716 304 552 715 1194 500 355 173 630 795 752 1334 1479 672 1267 1383 1817 1490 1491 1790 358 367 1828 480 713 418 115 1162 1041 73 1081 1949 996 1454 842 1051 1762 1649 816 1716 811 1029 589 353 1585 535 1325 1044 755 1347 339 936 1579 1615 1631 562 67 931 1098 1254 1654 176 1122 1604 119 1420 1979 932 1271 1630 824 1023 1255 1825 934 1090 1057 1372 1596 343 1932 395 663 1158 202 1299 1478 590 1427 519 1291 1855 616 1438 1028 165 253 904 1912 1581 1499 1350 984 1506 274 1801 674 1899 1872 696 1770 1523 1577 414 1913 136 1562 1598 207 100 1804 641 1226 322 693 427 493 1943 1229 383 499 749 1257 1187 1306 1144 645 665 58 1403 1247 530 626 412 879 485 1502 570 233 1043 369 1386 1124 68 1990 269 242 1225 1359 1203 976 858 1399 1309 1092 1151 1230 720 1274 705 1915 1439 897 987 838 354 1521 479 796 262 1244 757 684 961 680 1115 841 572 461 1170 844 1202 800 1121 425 773 787 1819 1455 13 576 212 54 918 1666 964 1246 621 
minDistance: 4.78675
cost: 245674
capacity: 199238
time: 12928
maxTime: 60000
LS1: 37713/39012
LS2: 410/1299
LS3: 0/0
shakeIters: 871
shakeLoops: 82
