4.29415:1461 4.33144:1681 4.37137:2050 4.38599:2135 4.39048:2240 4.4349:2656 4.44576:2837 4.52546:3939 4.52627:4137 4.52954:4227 4.59679:4605 4.6131:4893 4.64145:5094 4.64419:5386 4.65766:5449 4.66516:6115 4.67441:6324 4.67676:7306 4.67794:9707 4.695:11628 4.70475:14137 4.71524:14194 4.71883:14261 4.72751:16325 4.73622:18952 4.73951:37226 4.76435:37355 4.77021:38551 4.78675:39405 4.7928:41656 4.79284:41731 4.82307:43151 4.83666:44023 4.85297:44161 4.85385:49721 4.85874:55241 4.87398:56009 4.91043:56905 4.92449:57654 
13 269 339 1304 178 450 121 1823 1540 212 662 1043 1576 1154 396 68 1380 800 292 1028 1330 1210 1527 844 1727 1513 1092 626 1615 1124 1366 1120 1556 1233 1180 616 303 136 74 244 1654 1902 461 734 1947 1018 1932 932 1703 923 410 727 657 459 1427 784 911 420 685 663 708 1954 845 1479 1985 418 152 842 1728 1972 628 475 824 983 1738 1861 684 1681 1485 653 1274 620 771 1666 1335 1653 1915 1598 713 1834 304 2 816 1230 1029 1582 85 1700 1325 1716 698 1174 1521 1501 1952 222 1071 1986 1536 59 876 333 519 930 802 1041 1828 1680 725 97 1367 986 1164 1647 864 176 904 1202 252 991 1034 982 1437 1511 367 672 425 1786 1084 1449 88 1203 209 826 53 1616 1439 729 1645 1347 1383 917 443 1652 1626 1451 1182 485 261 1090 355 1507 1855 1620 562 511 715 1216 773 1672 732 1490 1080 596 259 1151 52 1289 1899 963 1801 1033 353 1756 1302 1244 964 1623 173 358 1060 647 530 807 1379 737 1227 1541 1306 1229 1172 1158 67 236 1787 1190 340 1585 357 554 870 1898 1594 976 1105 1917 1360 383 909 469 467 1464 1446 499 1790 933 1169 1870 858 838 1051 916 46 1552 1343 689 801 165 1912 1364 1002 724 1194 1386 1569 1740 196 464 395 1829 1139 1163 297 137 879 987 247 1785 555 1012 1735 539 316 520 1502 
minDistance: 4.92449
cost: 242983
capacity: 199180
time: 57654
maxTime: 60000
LS1: 35193/36492
LS2: 441/1299
LS3: 0/0
shakeIters: 819
shakeLoops: 76
