4.24667:1262 4.42884:1637 4.4349:2280 4.50765:2909 4.53959:2994 4.56153:3125 4.62717:3332 4.63871:4131 4.64145:5766 4.65766:6268 4.67441:6416 4.70382:6535 4.70475:6654 4.71916:6825 4.73951:9151 4.77501:12784 4.7783:13674 4.78675:15439 4.78942:16232 4.80474:20998 4.82338:22866 4.86017:22925 4.88891:24429 4.90134:25210 4.90307:25260 4.91033:29036 4.91043:29778 4.92632:41580 4.92729:51269 4.93077:57618 
737 651 234 519 1582 1367 873 1081 297 1115 1194 81 1533 100 176 563 1506 184 1802 168 688 1762 1368 1740 1828 1623 931 1915 964 1485 1486 1041 771 1743 1666 1562 46 1645 414 993 1306 724 136 67 1092 1700 1071 1399 986 1169 1022 306 1051 1043 1144 1521 1121 1123 1552 262 1172 247 166 1379 1825 1787 554 418 244 1438 1695 1972 510 1870 708 292 1649 437 1427 1401 1432 838 13 996 502 1090 1798 493 1966 1267 589 1513 165 1933 1012 86 1320 1576 357 570 4 1646 1495 684 383 530 395 1541 1781 447 474 1343 164 215 1994 1990 1491 1431 1801 727 816 850 1716 626 1454 1182 1164 632 1029 667 1465 801 1855 555 1154 1118 1912 1305 1786 336 1728 1354 1437 1954 712 212 987 1107 364 198 1203 1448 1393 431 1672 331 824 1180 1131 209 498 1947 938 1226 739 689 672 877 1979 1490 1019 1461 133 795 196 585 1357 1815 468 396 628 1615 904 674 1833 500 1455 562 425 1402 303 1596 58 1398 1376 1360 1283 1804 252 485 807 410 834 1120 1420 1179 642 1233 68 1466 535 450 1325 1791 844 744 1244 1060 879 1502 353 1018 1479 1385 821 367 1101 1790 842 1181 1344 119 782 755 984 552 1229 358 207 1366 983 1151 1139 85 340 527 115 475 88 532 1011 269 637 369 483 1627 1138 1876 446 121 1902 1275 
minDistance: 4.93077
cost: 245719
capacity: 199182
time: 57618
maxTime: 60000
LS1: 38139/39512
LS2: 506/1373
LS3: 0/0
shakeIters: 837
shakeLoops: 78
