4.33726:1366 4.3706:1564 4.4349:2047 4.4808:2196 4.48498:2549 4.50996:3050 4.5955:3208 4.66326:3380 4.68566:4257 4.69558:4392 4.71213:4580 4.7255:5078 4.75799:5913 4.76572:5985 4.77339:6397 4.7737:6605 4.80857:6804 4.81892:8432 4.82077:11477 4.82897:11753 4.83435:13325 4.84217:13436 4.85385:14536 4.86017:17567 4.87398:37695 4.92632:52897 
1780 824 1042 1490 85 1162 1057 1239 306 58 1634 353 178 1187 119 1576 136 1367 1917 46 1434 90 839 51 236 1985 397 196 1034 1006 1855 1255 1383 1870 1615 469 1455 174 370 354 727 252 155 994 1164 310 1727 1694 1465 1274 1012 915 414 357 168 292 1627 1466 129 1029 1306 111 222 303 1757 568 1371 333 1791 879 69 1833 1347 626 539 982 850 993 991 739 1556 1216 1098 1834 1368 693 1647 395 1283 527 1554 771 1799 1230 475 1756 380 883 1097 555 1002 1226 1495 1386 204 396 1360 60 755 1972 1652 1105 684 1213 1573 904 1121 1506 1115 1700 115 502 59 1351 724 931 1432 488 173 1912 1289 535 1786 838 562 807 459 1366 39 963 1801 873 1913 358 1932 28 1620 1244 934 304 628 1221 734 121 209 1979 1051 479 1090 1623 261 1250 1067 1355 1304 1703 881 1645 1582 1446 1994 13 100 410 1139 1154 1003 1138 322 1229 108 987 262 1687 630 1521 435 1227 511 431 192 1203 520 732 1902 737 485 1803 1158 1412 1084 1790 1233 1499 1118 269 499 1622 4 346 335 1596 844 664 773 1646 762 1996 418 713 1071 986 1427 1202 84 1194 247 1172 470 88 641 667 1379 1211 1018 1909 1398 1763 663 1092 367 1716 842 1552 425 657 932 1385 68 1151 500 316 1828 1122 1088 1728 212 74 1130 1542 369 1785 
minDistance: 4.92632
cost: 243550
capacity: 199200
time: 52897
maxTime: 60000
LS1: 36182/37481
LS2: 452/1299
LS3: 0/0
shakeIters: 821
shakeLoops: 79
