4.17102:994 4.33726:1463 4.3734:1753 4.44576:2135 4.46091:2245 4.59533:2704 4.62847:2848 4.63871:2936 4.64488:4017 4.67441:4187 4.68214:8787 4.71213:9797 4.71524:9909 4.71916:16715 4.72751:20044 4.74274:22297 4.76182:24016 4.76572:24942 4.7928:26061 4.79769:27316 4.80619:28269 4.81892:28423 4.83577:28594 4.85297:28654 4.86017:30141 4.86972:30920 4.88748:31911 4.88891:31966 4.90877:35087 4.91019:37561 4.91043:38673 4.92729:44531 
1828 174 1598 425 301 353 1579 1589 335 1357 772 1176 475 450 1815 297 1356 303 1057 4 233 364 1570 1773 835 757 1573 1909 43 1118 354 873 857 983 437 1325 88 672 1912 976 1203 662 1162 1151 837 196 693 1230 1634 1051 1380 1226 824 306 793 1144 870 1092 838 729 1933 1647 1455 247 1229 1205 1221 1703 1561 1087 879 923 1379 1631 1214 737 1467 395 1154 932 1233 708 1398 917 383 222 1657 1393 1427 705 46 1194 1130 279 1071 817 1098 1521 1029 1040 1368 184 844 433 1465 744 1437 1461 1028 418 1979 1044 1351 286 111 620 1412 572 626 1645 358 1798 244 1495 165 987 802 13 474 1819 1006 292 206 72 1344 500 850 782 1073 158 1490 1990 86 1365 1274 554 168 1829 1251 117 1267 1799 994 485 214 1642 210 357 842 621 431 414 1501 1454 685 1453 936 68 1115 52 1367 336 136 1855 1350 1097 1615 938 1090 119 1122 684 493 794 535 1416 252 1996 133 115 821 1547 530 1506 82 1562 1024 1513 322 984 868 1438 1409 209 1566 1302 771 1801 1666 198 996 1620 1756 1652 447 562 1139 1781 192 1297 991 81 773 1101 1042 1623 519 904 269 410 396 1429 1060 65 83 334 1160 499 577 1314 85 1033 1383 339 1582 1743 1791 800 1687 69 1121 667 1170 367 1003 510 734 816 1491 1594 1246 1307 
minDistance: 4.92729
cost: 244610
capacity: 199223
time: 44531
maxTime: 60000
LS1: 33760/35127
LS2: 586/1367
LS3: 0/0
shakeIters: 749
shakeLoops: 70
