4.29304:1021 4.41596:1451 4.44576:1565 4.45418:1680 4.49794:2027 4.51096:2170 4.53538:2593 4.58851:4848 4.60789:4934 4.67441:5217 4.68489:6127 4.68566:6203 4.71359:6350 4.72354:6701 4.74378:6859 4.77021:7024 4.78112:7737 4.78675:9272 4.79166:13727 4.7928:13815 4.79769:13887 4.81546:14657 4.81892:17427 4.82077:18116 4.82276:19484 4.84217:20278 4.85297:30529 4.85385:32610 4.88891:44971 
844 1006 261 665 83 1267 170 119 539 1596 1090 1783 274 1620 1360 917 80 841 1393 1791 81 757 1334 647 244 39 335 1407 1364 206 1170 67 1169 1562 1642 1536 1888 727 583 1461 369 1645 493 1216 1932 479 1420 297 1623 1105 1829 991 500 932 485 857 1576 236 1683 433 534 1790 1304 192 13 1457 838 1151 68 1583 1158 987 585 55 904 1834 1092 1244 1318 1513 744 425 1194 427 1762 795 579 1098 1107 986 1374 1990 828 982 1785 1351 1909 1584 168 1437 1495 459 554 589 1003 1464 1833 1490 136 121 1598 306 112 1118 934 252 46 308 174 555 1130 1042 563 15 901 1453 1684 1573 292 219 184 1660 43 1230 667 1657 1556 1071 1358 1335 1384 1687 737 1615 535 755 1910 839 353 1726 1271 835 724 367 137 85 115 475 527 1402 984 1922 431 1666 269 1522 88 212 1283 173 1436 923 879 499 1386 516 1296 1277 1493 1608 1654 1446 1344 519 1125 1366 130 1757 873 626 816 528 1749 1917 502 510 1162 1814 414 1985 1728 530 397 322 1740 1383 1646 715 1202 773 166 657 1229 693 1467 708 713 842 1855 1180 247 672 1380 60 1325 1602 739 1427 632 1143 357 1506 807 601 1233 339 1115 1674 1779 1842 1828 410 689 59 663 1398 1057 262 685 628 296 507 358 1817 1727 1680 1652 573 1239 1647 100 1033 1716 1315 1465 74 1226 
minDistance: 4.88891
cost: 242115
capacity: 199184
time: 44971
maxTime: 60000
LS1: 36183/37465
LS2: 468/1282
LS3: 0/0
shakeIters: 785
shakeLoops: 75
