4.37789:1284 4.42907:1563 4.43346:1800 4.4349:1904 4.50898:2379 4.56081:2789 4.56422:3270 4.64145:4562 4.67676:4679 4.68566:5453 4.69549:7255 4.70475:8502 4.71752:8616 4.73951:8850 4.74286:9748 4.76605:9877 4.7737:10190 4.77395:12728 4.78112:12848 4.78675:22458 4.80857:31680 4.81915:39497 4.82077:39688 4.82338:47129 4.85385:47374 4.86264:54834 4.92449:59094 
343 794 420 807 236 1972 1915 530 242 967 247 1033 1230 1347 1221 1306 1654 837 172 125 1071 447 12 1120 418 1657 1975 1815 60 1060 838 1227 1202 1293 1461 1645 1495 732 1615 465 842 626 367 1985 292 130 31 58 1647 1100 1439 663 808 1367 1798 1342 667 1587 1703 688 693 1121 369 510 1810 357 1084 499 460 987 100 1296 1569 900 1801 1357 1740 698 474 1666 1169 1207 136 1839 1172 1623 668 395 1006 1432 1790 1090 816 455 72 1479 74 209 824 1631 1785 166 168 1376 1909 46 1491 1455 1453 684 119 1451 1151 991 279 800 67 1786 1879 304 233 720 739 433 689 412 1743 204 1899 1464 274 257 15 286 88 69 397 1274 1634 1239 158 1233 1101 212 662 1194 1413 269 1180 1098 1576 1454 1057 1997 1115 475 563 535 1490 1034 562 184 1912 932 506 1700 1004 469 672 1190 873 222 85 1420 1029 52 1465 1552 1385 657 596 727 1226 1620 628 554 1855 519 904 1716 1118 680 1466 1652 493 868 1756 446 1979 1787 1051 325 1122 1429 1203 1502 1304 81 1302 1427 1521 1042 1092 1908 335 1028 1087 1162 1828 996 1486 485 1246 252 1436 1139 68 1540 1398 1694 1961 1735 940 1182 1446 1229 194 1179 993 1364 1687 1783 1383 1829 1091 358 665 1817 410 1366 1872 844 917 59 737 86 114 514 1964 1277 1556 1437 537 1919 165 1105 
minDistance: 4.92449
cost: 245506
capacity: 199210
time: 59094
maxTime: 60000
LS1: 34543/35896
LS2: 572/1353
LS3: 0/0
shakeIters: 754
shakeLoops: 70
