4.34995:1336 4.40487:1617 4.44576:1907 4.46213:2471 4.49794:2837 4.53538:3105 4.55088:4035 4.68577:4333 4.68893:4451 4.695:5881 4.71359:6325 4.71524:6438 4.7255:6838 4.73951:6897 4.74286:10919 4.76182:11183 4.76586:12693 4.77021:15058 4.77682:19848 4.78675:21255 4.79334:22708 4.79769:22814 4.80474:23606 4.84217:25849 4.85297:28022 4.85385:28092 4.85435:28223 4.86017:30043 4.88911:33253 4.92567:38292 4.92632:38906 
1002 539 1067 1700 628 734 1407 870 844 1455 1479 475 909 1802 1839 684 355 207 1334 1899 1680 1169 868 1485 425 1972 1057 683 223 85 985 530 986 1570 1499 155 1028 585 715 1139 984 192 1657 744 1576 1971 1979 81 1749 367 119 395 1453 1833 996 555 1233 1380 244 39 1314 1902 212 479 1681 901 1368 657 1194 1623 418 52 987 1898 1666 626 1098 1124 303 904 842 1012 807 426 1446 247 845 689 1121 732 114 1763 336 713 115 519 737 727 1351 335 1118 1267 875 816 1089 1834 1172 474 672 196 499 1762 1202 1221 693 839 1190 1841 1371 89 1120 206 261 1042 1229 58 1985 917 165 46 1092 1239 1360 1997 251 1006 1090 879 1790 1561 1033 1344 1274 1369 1652 1366 259 563 1495 72 292 615 1115 1791 739 1255 1304 1230 590 427 838 1915 1787 653 667 202 262 1182 1829 1461 1855 168 1054 1817 136 724 1490 500 358 357 708 201 632 1412 1180 1427 1917 1376 333 1451 252 1687 773 83 433 755 1448 1203 423 80 641 1154 1598 1756 535 1244 1740 33 1814 68 1801 1537 1571 410 1716 339 1438 1493 1466 1727 976 1912 69 1647 1932 1071 668 1386 1383 934 88 757 1138 1162 1798 121 60 1596 663 1270 236 1367 1705 485 983 1909 824 28 1307 1506 493 1554 1842 1585 1491 209 1170 1579 1226 369 222 
minDistance: 4.92632
cost: 246563
capacity: 199170
time: 38906
maxTime: 60000
LS1: 37505/38825
LS2: 416/1320
LS3: 0/0
shakeIters: 873
shakeLoops: 81
