4.34548:1068 4.41596:1382 4.44576:1793 4.50493:2204 4.50898:2281 4.51095:2450 4.64488:2845 4.6712:3896 4.67441:3980 4.67676:4620 4.68893:5014 4.69558:5101 4.70382:14226 4.71524:14389 4.73622:14527 4.73951:17983 4.75485:22102 4.77133:22732 4.7783:24352 4.78989:25277 4.79166:30163 4.7922:30230 4.7928:30396 4.80857:30849 4.82077:32387 4.84217:42277 4.85297:43233 4.85385:46286 
1365 1783 111 1162 236 1289 1446 1828 1271 562 1495 626 461 1379 166 1490 1740 1499 325 1073 1230 1351 136 870 1121 1479 1467 414 1465 844 234 1124 835 1334 1831 1744 168 152 81 222 1983 1596 1002 1697 1542 1575 447 1071 688 530 1221 239 1796 1791 1899 1801 1626 1347 1485 1464 46 336 1034 254 514 527 1169 1627 1004 335 1277 1666 1972 1194 284 424 1652 507 1932 1728 794 696 499 304 1738 224 89 842 223 1366 1306 1438 1689 306 1797 839 252 1092 1727 425 1170 1097 1468 1646 807 535 493 637 1012 1756 976 1907 742 625 555 792 554 1817 1743 1623 13 693 1645 755 423 918 728 262 259 1376 1187 1615 834 119 1275 1833 1305 1090 469 479 212 1815 1243 1979 1398 1537 1051 1216 1437 100 1432 155 684 121 1042 1855 1649 1687 1163 1229 838 1521 1830 1902 1139 207 1790 357 572 1985 367 1360 987 1233 512 1203 1454 879 1234 244 737 857 500 563 445 1372 904 668 1657 1416 689 837 1629 369 632 868 1647 247 715 657 1762 685 333 967 850 771 1802 1325 1180 713 478 1195 475 269 433 355 358 917 1057 1059 228 1033 1304 506 1552 1239 1912 1927 1506 1917 1181 1368 1825 744 1680 468 1098 1029 117 18 1118 1461 1346 849 1448 727 974 418 165 1436 1785 292 1142 511 1226 984 960 585 1213 521 582 1060 72 1380 1683 1087 672 601 
minDistance: 4.85385
cost: 246620
capacity: 199306
time: 46286
maxTime: 60000
LS1: 34017/35330
LS2: 527/1313
LS3: 0/0
shakeIters: 758
shakeLoops: 71
