4.17102:1218 4.19823:1340 4.33852:1758 4.378:1841 4.41596:2003 4.44576:2088 4.46957:2287 4.57374:2684 4.63198:2891 4.64145:3031 4.65766:4929 4.67676:10163 4.68566:11091 4.68577:11861 4.68893:12064 4.69558:12914 4.71524:14148 4.75071:14622 4.76605:15552 4.78675:15865 4.80289:17682 4.83577:25414 4.84217:26940 4.85297:29801 4.85385:35928 4.92569:40900 4.93269:40994 4.93493:47049 
1386 1439 488 1575 713 916 121 355 460 1230 1570 807 304 1267 1060 1378 868 1071 1675 354 1798 1029 816 1092 1749 1261 1401 991 1453 1101 663 1311 68 858 358 647 963 562 688 15 632 1829 244 1804 1915 698 112 1623 931 629 976 485 431 170 1743 1666 1385 1504 1912 1861 418 1954 1210 1454 1490 1194 259 712 1383 1364 1200 552 1238 1380 589 58 1465 115 395 850 13 1556 1654 1579 1436 1365 292 1028 1203 986 1790 1831 1179 72 984 46 1757 760 269 1817 367 794 1240 1226 1044 661 800 339 209 74 1899 85 684 1124 81 136 1366 1615 667 928 1552 1596 933 551 987 1233 1347 1172 1170 1466 423 86 1012 1855 539 1376 450 1828 1590 585 842 297 1202 1314 383 1904 531 1080 1371 739 1302 1309 1120 582 555 1334 1081 2 732 727 176 1154 1527 1645 333 1162 616 737 1002 500 956 1485 1182 1652 672 212 985 1801 469 303 158 1494 1541 1936 1067 1502 1687 1996 823 499 1972 1602 1057 425 483 904 475 1479 519 1051 1455 1501 708 899 1216 870 1379 771 702 626 397 1438 1121 510 917 530 838 1521 1139 1909 848 114 1151 1090 239 1244 306 236 782 1367 1306 1703 233 628 969 1756 1740 1304 1815 1486 996 1104 1115 844 1273 1513 1325 1975 668 1833 60 1902 67 357 1787 252 1023 1709 1219 1033 1620 204 744 414 353 1700 
minDistance: 4.93493
cost: 246491
capacity: 199318
time: 47049
maxTime: 60000
LS1: 35497/36829
LS2: 519/1332
LS3: 0/0
shakeIters: 785
shakeLoops: 75
