4.22321:919 4.29304:1115 4.44924:1428 4.58568:1855 4.59533:3597 4.63942:3737 4.64744:4889 4.65766:5345 4.66516:6203 4.67441:6319 4.67676:6932 4.68384:8143 4.68566:9758 4.68577:10151 4.69558:10301 4.69742:14187 4.70815:15176 4.71075:15242 4.71679:15301 4.72155:16150 4.72354:16349 4.7255:17313 4.73622:20424 4.75799:21282 4.77021:21364 4.77395:22903 4.7783:23011 4.78675:23123 4.79284:24577 4.81381:50510 4.84217:53264 
257 493 1566 74 43 1912 1354 81 1203 878 339 13 85 97 1304 234 1630 1448 1334 1681 1187 375 1846 1654 1154 222 744 439 1513 88 637 1273 934 819 396 308 1366 684 1872 1033 1997 1446 835 1506 993 729 67 1314 1579 1233 838 1335 1121 1461 1274 2 294 737 629 1427 450 1899 1744 732 1423 354 527 987 212 223 626 1831 794 33 475 1657 1915 1051 1756 206 1828 1023 897 1407 474 1367 1467 1120 1594 340 244 1762 873 1118 1244 585 539 1675 1743 674 1829 1230 184 1740 669 1022 353 1682 129 1666 984 1798 1790 259 577 343 46 72 426 322 904 252 857 1465 1439 1486 1357 1107 1194 1585 1041 136 530 685 1190 1478 1383 1229 1330 1161 292 491 1042 261 550 1057 1479 1034 1683 879 1902 264 357 1436 1090 52 689 1431 1438 771 693 358 1416 1780 1376 552 986 1124 715 1946 1071 1490 800 1012 233 739 247 1728 615 207 425 367 1932 1371 506 1495 535 1453 1738 460 1412 1508 50 370 1091 807 236 165 1226 1115 1672 1742 818 335 209 641 1971 880 478 900 1029 1092 1288 1176 796 672 657 708 303 1343 1922 755 1817 664 1325 1781 1485 788 638 596 917 1067 89 753 1571 1615 1080 179 383 590 68 519 1351 985 1344 499 1819 418 790 1623 1801 114 410 1238 1454 1399 117 933 688 1210 1459 628 
minDistance: 4.84217
cost: 242506
capacity: 199256
time: 53264
maxTime: 60000
LS1: 37059/38365
LS2: 440/1306
LS3: 0/0
shakeIters: 835
shakeLoops: 77
