4.23371:971 4.23406:1105 4.25016:1312 4.2544:1422 4.45418:1830 4.48918:2210 4.49794:3365 4.50996:4021 4.51885:4119 4.58568:4380 4.60751:4925 4.62717:5070 4.64145:5173 4.67021:10957 4.6712:11792 4.67441:12514 4.67676:12855 4.68893:13942 4.70036:14147 4.71359:17611 4.71524:17729 4.73092:17804 4.74286:18363 4.7723:18459 4.78675:18528 4.78934:23411 4.7928:28333 4.79284:30475 4.80289:34171 4.81109:34419 4.81915:34673 4.83514:38020 4.84217:40191 
908 212 1226 1244 418 1598 1502 97 1491 716 535 1833 1325 870 28 794 1092 664 1804 552 842 74 1511 1739 1230 1819 994 476 474 1716 1453 897 1412 1815 247 322 1903 1380 13 1576 777 866 431 1915 1304 72 737 873 1027 252 674 304 845 1727 1233 1817 1454 1194 437 824 86 358 539 1202 713 306 788 1781 1187 1626 1359 59 279 340 1645 1207 1427 1653 335 1078 343 987 1437 807 1756 67 1521 1649 1274 1861 163 693 1743 506 744 850 983 626 1829 562 1283 433 1479 771 165 1347 1041 1742 953 1552 1012 1954 734 755 1385 1581 1306 1172 498 1623 645 369 728 1330 269 940 414 632 1398 114 254 838 1154 261 1399 1063 657 1490 1229 514 1964 1627 244 1985 1634 1922 773 1151 933 333 334 1042 1912 1783 1757 1556 963 1562 1368 236 1378 1210 1902 621 1799 616 1071 1267 1448 1513 1023 1790 911 1277 1350 904 184 136 1240 292 1121 1393 294 479 530 1929 1596 455 1028 1179 1343 1271 68 521 858 1239 1373 1749 800 1802 984 669 475 17 1029 1997 81 395 1917 1410 499 1786 375 1018 554 844 1956 633 1615 1084 367 519 204 357 512 1983 1057 1081 162 1372 500 354 1573 172 1087 470 857 1843 1090 931 708 1655 698 397 976 1506 1899 1990 1666 166 1248 1051 1801 1416 663 425 1383 796 1080 684 85 1913 240 991 1118 46 
minDistance: 4.84217
cost: 245731
capacity: 199171
time: 40191
maxTime: 60000
LS1: 35078/36372
LS2: 440/1294
LS3: 0/0
shakeIters: 821
shakeLoops: 76
