4.1195:1017 4.19823:1357 4.26119:1494 4.3085:1735 4.35987:1844 4.44576:2137 4.44849:2221 4.56422:2634 4.65766:2899 4.66417:4662 4.67676:4752 4.68685:4937 4.70475:5094 4.70492:5429 4.70793:5766 4.71524:8986 4.71873:10523 4.73622:12373 4.74286:14552 4.7737:15493 4.78675:15649 4.79284:22936 4.81058:29160 4.85297:32890 4.91617:33937 4.92632:37440 4.92729:44664 4.93269:44776 4.93754:56872 
1743 1899 296 340 1502 1465 353 1380 530 1427 898 1626 637 1376 1357 1169 485 563 1552 257 1098 437 772 1620 1019 1190 1343 358 85 1335 1202 335 850 986 1006 1454 357 1360 755 1438 1490 174 1819 1579 1244 1647 126 1642 1499 209 1645 1657 1187 334 1130 838 1506 1371 1120 1230 1728 1225 81 568 1356 425 1505 1700 392 119 991 708 13 1666 1791 519 1829 1412 1033 418 1796 236 1576 932 355 923 703 1221 1786 527 1485 234 1649 259 662 1233 705 97 1057 1275 1815 737 396 771 1126 52 510 1398 121 479 168 776 1267 626 1367 1003 1623 67 1622 1115 857 460 1203 1012 88 46 1997 1396 1081 744 888 297 621 1985 1365 842 1756 1090 661 1154 261 1773 1151 1304 395 262 108 1990 555 727 844 1393 165 1366 987 1042 994 1691 1902 1562 1917 773 1180 450 672 1971 1436 1041 115 433 192 1961 74 1391 1092 1912 918 1828 199 252 712 43 684 1790 825 364 1239 431 983 1347 1521 782 940 114 1368 664 612 1051 322 996 508 1163 339 1554 493 1703 202 590 303 1194 904 222 1602 1467 1229 443 1910 1888 552 367 1022 1781 1932 674 1185 304 879 292 1451 1481 1145 1594 244 911 155 1437 1727 475 1306 410 1383 1801 539 553 678 667 615 1139 1994 1542 1216 469 936 693 1121 68 1466 1124 1461 577 620 1495 1541 1071 500 1432 794 984 247 
minDistance: 4.93754
cost: 246298
capacity: 199251
time: 56872
maxTime: 60000
LS1: 33754/35096
LS2: 558/1342
LS3: 0/0
shakeIters: 755
shakeLoops: 72
