4.43098:1317 4.49794:1638 4.50996:1768 4.64419:1967 4.64488:2279 4.65766:2909 4.67676:4632 4.67794:4701 4.68566:4915 4.68893:5182 4.73951:5392 4.76605:6426 4.77069:6486 4.78516:8791 4.78675:10334 4.78989:19676 4.79995:26178 4.80289:31267 4.81915:32631 4.82075:43235 4.82307:46034 4.84217:46312 4.85297:49800 4.85385:54635 
923 1596 475 74 293 1917 657 1687 1432 202 667 642 474 418 755 1124 917 708 1029 1757 669 209 626 1356 994 1899 1023 1742 410 1490 1158 539 1833 1909 841 114 1311 552 1307 1695 1829 1491 493 1922 1161 396 1383 261 343 1566 1630 724 1211 1569 68 1169 1067 1216 184 1666 1554 1495 1182 511 1502 1655 450 739 222 353 1541 1098 1034 395 1902 137 1634 1738 49 1620 1187 67 1090 1230 304 1615 1810 737 507 82 246 119 1071 1154 1357 1302 1205 236 928 1393 704 1479 1207 80 1030 259 1229 632 1814 1658 1581 1100 1843 439 575 1602 423 1589 924 1455 1006 165 445 50 1798 684 46 1080 357 1831 1160 1202 369 1151 1499 367 179 1162 370 1493 1756 842 358 807 212 420 244 585 1711 723 1367 687 1436 1422 904 1352 1465 1261 1727 519 1304 1834 1652 85 1194 1990 1097 1314 794 1997 1309 1092 802 1297 987 1828 1438 857 1971 86 689 986 1952 628 1561 1912 1985 1227 1350 1170 1053 1190 773 1524 506 136 1347 869 1780 479 1368 901 1947 1562 1233 111 1115 257 1915 1407 129 81 1787 297 848 1060 351 90 1244 1730 1623 1180 897 1239 985 1398 121 1089 433 1446 1118 1012 88 816 1449 425 1269 634 1360 339 1585 227 1649 1107 1782 1870 535 1992 355 527 1472 839 530 1219 916 316 13 427 1762 1796 1688 1427 993 194 1018 1657 1642 1461 554 20 835 1172 596 292 
minDistance: 4.85385
cost: 245454
capacity: 199474
time: 54635
maxTime: 60000
LS1: 36258/37607
LS2: 533/1349
LS3: 0/0
shakeIters: 792
shakeLoops: 76
