4.1195:1078 4.22016:1435 4.33726:1760 4.42465:2164 4.44576:2333 4.4585:2439 4.50765:2643 4.50898:2787 4.58851:3039 4.62061:3211 4.64145:3334 4.65766:3621 4.68384:6286 4.68551:8165 4.68893:8253 4.69558:10927 4.71213:11363 4.71916:11495 4.73092:12324 4.73622:12641 4.76435:12703 4.76605:13609 4.77643:15200 4.78112:16022 4.78675:22732 4.81915:45203 4.82307:49598 4.83435:49996 4.84217:50890 4.85297:58575 
672 121 1367 734 1127 1289 1465 829 1383 737 1584 259 923 1180 613 358 1582 712 31 514 1454 164 467 1992 60 1131 755 1158 1356 1012 993 240 219 807 1009 1451 196 155 81 262 479 974 753 1347 715 1090 1041 1829 800 1386 343 1455 1932 1080 1003 1027 1585 1909 1466 1004 493 1244 563 445 1491 1502 991 796 857 1596 410 83 1098 879 1368 987 379 506 1092 1229 13 819 1151 1302 1407 1182 713 1412 1550 1717 615 369 653 1190 1783 1230 1124 1233 519 1067 663 68 446 539 1202 1552 1019 82 1642 1506 395 1833 1817 1402 1118 136 1623 1934 527 1162 1306 626 292 838 1743 1727 1172 418 1315 1541 938 727 192 1226 1666 530 1781 689 1697 212 1379 625 930 357 693 426 1164 475 1985 1664 1657 73 1029 589 1128 222 1855 1263 596 667 88 115 924 1481 1365 202 1274 461 1073 1579 1680 1615 1120 1901 355 1647 1033 1446 1042 1187 757 304 1169 15 866 512 1499 52 1314 1652 986 425 353 1749 244 1427 1495 1971 367 824 1221 485 1431 780 1801 1902 1787 1943 844 336 1051 247 1569 1979 491 204 1350 585 49 59 1598 1239 1325 1130 48 1556 732 1620 917 420 1371 1774 773 771 657 1682 1655 137 1888 1194 868 474 339 1728 1002 1277 334 708 904 1917 1510 1254 1577 1227 982 1726 1071 1267 1216 1791 863 1703 555 1716 816 112 1964 601 
minDistance: 4.85297
cost: 245621
capacity: 199263
time: 58575
maxTime: 60000
LS1: 34946/36327
LS2: 573/1381
LS3: 0/0
shakeIters: 777
shakeLoops: 74
