4.22185:1346 4.28326:1707 4.29304:1804 4.33726:2199 4.3734:2692 4.40487:3184 4.42884:3553 4.43083:3649 4.43797:4248 4.44576:4334 4.46661:4765 4.46745:4968 4.48785:5091 4.56604:5903 4.62446:6044 4.66482:6445 4.67441:6513 4.67676:8957 4.7255:11182 4.72751:12017 4.73622:12448 4.7737:12646 4.77395:12823 4.7783:13086 4.78427:13367 4.78675:13769 4.7928:13938 4.79284:21963 4.79769:22026 4.80289:22679 4.81046:26025 4.81109:27544 4.82075:27604 4.84217:28405 
1007 794 708 1379 339 1582 850 353 1255 1803 250 1917 755 1033 475 500 219 529 333 1787 222 1566 668 674 1506 526 785 1092 1485 1289 1211 1230 1985 1182 224 1416 715 1996 202 252 115 365 335 257 1090 873 729 1576 1041 1585 934 898 838 445 1304 46 412 1187 68 433 1756 1154 1412 1446 1510 994 1158 97 499 1762 816 1964 530 590 802 554 184 88 1825 641 1495 798 870 539 1570 367 67 506 211 1786 439 976 431 81 897 80 193 1121 1466 1420 1819 713 1038 111 917 987 1347 800 212 1680 663 1542 1436 1264 1368 684 1333 1894 771 1499 1579 1664 479 1796 1103 1042 59 192 1226 1275 1451 1216 937 1162 358 1330 204 986 1034 837 1970 1861 916 178 207 1554 1666 973 223 1490 1051 1716 396 303 1080 1180 1163 1239 932 354 427 1398 262 1060 1912 1908 1840 1380 1115 1432 1335 1657 28 1801 1098 1886 209 72 985 521 657 796 1376 1144 1596 633 1920 1305 1059 842 1365 572 1971 1742 1949 1901 334 1645 58 1833 1817 1130 961 1118 1057 228 911 1334 828 1067 1899 478 1105 236 909 626 845 749 1190 425 1448 1202 1366 617 74 693 304 1023 1834 470 1107 527 1172 1727 1828 369 1367 1623 119 519 732 621 1427 244 1790 380 1653 1002 69 247 879 579 510 343 1194 918 1351 469 461 1453 493 904 643 1383 13 
minDistance: 4.84217
cost: 246758
capacity: 199182
time: 28405
maxTime: 60000
LS1: 33372/34737
LS2: 566/1365
LS3: 0/0
shakeIters: 765
shakeLoops: 70
