4.35987:1733 4.378:1879 4.43745:2007 4.51885:2201 4.55944:2280 4.64419:2710 4.64488:2776 4.65603:2910 4.65766:2988 4.67441:4021 4.67676:4922 4.68566:10515 4.69558:10592 4.71359:23241 4.73622:25026 4.73951:25838 4.74274:26323 4.74286:27313 4.76572:27405 4.77021:28192 4.7723:28796 4.7737:32388 4.77395:32633 4.78675:33981 4.79023:39076 4.81058:39134 4.83577:40790 4.85297:44511 4.85688:50276 4.85874:54624 
1584 1932 247 510 1653 562 1724 117 991 1347 1581 817 1302 1933 845 1524 458 304 933 1119 530 244 1645 115 1029 798 121 1582 868 2 493 28 932 1533 480 1368 223 1142 663 395 1666 485 60 1115 431 1277 1506 987 292 1542 111 596 1944 446 737 1437 236 1703 519 196 1451 1485 13 439 1799 616 58 535 479 1972 1379 1190 1162 1502 620 1508 52 74 1449 1861 1386 936 739 1828 1773 1092 1831 986 1080 15 433 46 879 269 1033 339 1330 1541 509 367 1740 1304 1124 1579 539 838 1267 68 1657 873 684 1325 554 1652 901 664 715 274 137 1787 192 527 796 423 202 672 1640 1438 1163 1154 1360 1855 842 1771 1263 354 994 1432 1383 1902 1365 136 222 993 1023 67 1466 1366 1790 286 261 1244 297 420 1815 1367 1412 464 1499 998 1130 1929 1470 1230 1728 1239 727 343 1501 802 755 1090 1936 1829 1901 316 708 209 1615 80 1510 1172 1604 713 1562 1398 1783 1293 1057 773 358 1569 1949 110 572 1225 734 848 1094 522 1493 904 1620 1990 626 1229 576 1221 1816 233 1801 262 152 875 1671 1680 1629 693 16 1716 1182 1042 705 427 918 973 632 1658 552 357 88 662 1274 844 1909 1756 815 499 1376 824 996 204 1687 782 1187 1726 1834 1081 1012 1870 397 1556 1416 259 165 198 410 1623 252 59 335 418 81 680 794 1170 1791 575 
minDistance: 4.85874
cost: 246161
capacity: 199281
time: 54624
maxTime: 60000
LS1: 36310/37627
LS2: 504/1317
LS3: 0/0
shakeIters: 783
shakeLoops: 73
