4.39652:1332 4.42904:1832 4.47291:1970 4.55248:2382 4.5726:3171 4.57939:3247 4.6061:3696 4.60888:4086 4.67588:4585 4.71943:4888 4.73964:4997 4.76233:5166 4.77126:5354 4.80683:5708 4.81022:5771 4.83441:8319 4.83773:8373 4.8666:8492 4.86922:8594 4.87769:9463 4.87922:9690 4.8811:9812 4.8878:10912 4.8882:11209 4.93419:11386 4.9503:14151 4.95682:14693 4.96438:23460 4.97206:26796 4.97276:28851 4.9752:54318 
1513 322 1180 535 1996 1561 67 710 165 198 1738 358 359 213 89 643 641 272 925 1183 396 117 1244 112 1374 1229 469 1011 895 860 1819 1856 1179 1746 1854 1031 1862 340 932 1240 1781 411 124 318 1946 739 1216 239 1329 1493 1727 1383 1257 1015 1334 1110 303 614 1796 1720 845 1064 1108 1443 846 236 456 1788 1250 1399 1710 829 668 1328 68 1264 250 1579 81 1230 123 251 751 1839 293 401 916 214 869 874 1489 97 1476 1043 192 727 642 1998 1063 798 974 193 780 1834 1432 1023 534 565 862 155 1379 1706 304 253 1368 1438 1267 1255 339 1124 959 325 1364 1367 1855 475 1434 904 375 243 1449 1634 370 1985 168 1687 1222 1190 1225 468 185 933 885 1875 653 1626 1200 1304 1565 479 445 1194 982 433 1837 191 1429 1614 187 1944 1059 1283 335 670 1450 412 450 900 1098 1596 1315 1681 227 1672 1573 917 953 1716 488 1554 807 516 1611 1195 903 907 1542 1371 483 85 254 1223 1696 574 1487 1773 680 1451 634 1437 315 1100 1073 1846 472 1012 1019 1003 1841 722 1990 1288 60 1176 1914 1072 1703 1942 1576 695 41 432 1828 206 527 1273 626 1631 1509 1002 1426 1926 88 1423 83 1637 941 1797 1466 1997 176 530 118 1801 1786 1193 1270 823 749 1274 1465 1081 969 80 560 772 119 1446 1306 1874 476 1177 877 295 1408 647 
minDistance: 4.9752
cost: 246643
capacity: 199198
time: 54318
maxTime: 60000
LS1: 38637/39939
LS2: 421/1302
LS3: 0/0
shakeIters: 850
shakeLoops: 79
