4.14788:933 4.17687:1452 4.31628:2049 4.47291:2419 4.4996:3555 4.60167:4370 4.60821:4486 4.61631:4664 4.64545:4807 4.64972:4922 4.6797:5398 4.69904:5648 4.70819:5832 4.7162:5896 4.72917:7078 4.73964:7305 4.7504:7397 4.79921:7706 4.80666:8080 4.80683:8138 4.81022:8245 4.8193:11148 4.85452:12104 4.88246:12626 4.88383:13009 4.88759:16011 4.8882:16168 4.89343:20552 4.92214:23123 4.93151:23831 4.93213:23905 4.93419:29086 4.94172:43215 4.95:44595 4.96244:46094 4.96438:47374 4.9677:58413 
975 707 1614 1180 168 778 97 1746 119 1130 847 1053 1739 1938 1834 406 1033 1590 140 1223 865 295 1019 704 318 1786 46 1634 1200 28 1048 198 1011 535 1662 884 1928 1172 1216 668 1803 1647 916 801 359 1573 779 1274 1888 528 1367 219 1330 845 210 1193 1429 829 574 907 703 1041 192 985 1368 517 285 771 254 585 239 901 959 1453 1432 1248 628 1576 1283 1003 475 1195 456 1410 1354 1416 317 1560 411 1229 893 121 1912 1696 1230 641 293 250 1222 479 1687 1059 1466 341 80 1637 1565 1434 1262 1471 206 468 506 862 35 1063 1124 689 527 1023 1980 23 782 1914 421 1509 552 1334 751 1456 214 756 953 1516 1379 1594 379 60 924 112 1394 1692 986 1552 584 722 1240 165 1329 1446 726 1550 1250 13 1105 1355 653 1761 1801 450 68 1620 279 599 1781 180 1100 1029 1773 1081 1306 392 1889 821 1856 138 1797 1839 478 1681 1972 15 1073 1561 1221 1985 33 227 322 99 1270 1703 499 837 1630 921 117 798 1184 340 1098 744 433 370 358 1315 534 860 642 1997 1783 483 1904 1502 645 626 447 974 1438 775 1064 170 1705 414 727 1486 991 1513 487 1131 1450 355 1244 1255 1454 643 556 1016 917 944 1788 1381 941 1922 1720 807 596 1602 1012 1655 1542 749 1056 382 825 1034 89 1194 
minDistance: 4.9677
cost: 244570
capacity: 199182
time: 58413
maxTime: 60000
LS1: 37960/39291
LS2: 424/1331
LS3: 0/0
shakeIters: 870
shakeLoops: 81
