4.15073:753 4.49544:1260 4.51534:1774 4.6061:2052 4.62299:3056 4.64972:3431 4.66627:4122 4.68806:4414 4.718:5241 4.7504:5385 4.76496:5749 4.76554:10131 4.77165:10895 4.80666:16087 4.80683:17179 4.86439:17283 4.8666:18995 4.86958:20586 4.86973:21284 4.87604:21888 4.87922:21939 4.88383:21990 4.88759:23807 4.8882:27492 4.89871:34877 4.92116:35511 4.93419:37543 4.95:37658 4.95262:48610 4.95331:48664 
673 953 535 1573 563 838 89 1014 412 199 1666 821 1506 1914 1954 1081 250 869 1273 288 845 1315 1439 97 771 1376 354 1040 737 395 1576 1634 322 924 339 1078 1781 1283 780 456 1637 1306 401 820 657 450 1255 1416 1423 1151 421 1432 1513 1172 1451 1687 487 239 375 1703 16 1889 1248 1016 1616 35 1856 112 1983 1012 446 1437 736 192 851 370 238 325 1560 552 206 727 1985 1645 948 1230 643 1464 1922 901 1717 982 829 1244 875 1861 726 770 264 1229 476 1019 1225 846 447 1238 1626 1124 653 904 1383 772 615 878 1053 1195 1465 1937 1367 475 1219 207 808 680 1032 1657 164 1746 266 1466 973 1786 1050 748 1614 137 559 468 807 722 1217 1647 527 515 1454 1609 1250 1008 614 729 723 579 1968 1222 704 1391 900 1379 1240 318 963 1455 1689 1797 1131 1177 860 1787 1002 1438 534 236 1011 1398 555 1073 865 933 212 1446 185 80 165 599 918 695 433 219 862 1796 1951 626 917 1801 1434 519 1994 74 214 668 1874 1134 279 1063 341 1819 516 1526 1552 1191 1274 295 1907 718 358 641 1216 689 359 411 1368 1356 1783 483 227 916 932 907 117 1288 1550 883 573 445 340 410 1257 1933 1448 1852 251 1738 1194 1913 1200 381 129 1570 1542 715 1966 965 1788 1023 1839 1910 1655 1509 1837 509 1972 
minDistance: 4.95331
cost: 245862
capacity: 199200
time: 48664
maxTime: 60000
LS1: 37462/38792
LS2: 421/1330
LS3: 0/0
shakeIters: 879
shakeLoops: 84
