3.75124:270 4.60167:1407 4.64248:1587 4.65609:1718 4.66249:2210 4.66627:2476 4.69043:3440 4.711:3773 4.80683:4670 4.85452:4824 4.86439:6840 4.87604:7474 4.87759:9440 4.87769:9660 4.88246:9909 4.88569:10716 4.89343:10780 4.90391:11482 4.91371:11686 4.92214:31135 4.94367:33664 4.95682:36466 
708 1225 1687 879 597 1544 1438 1602 117 1541 1735 1509 849 392 654 322 860 1194 72 616 1565 251 264 1577 479 1409 433 722 292 1857 1274 1059 1448 1783 585 1514 1073 257 227 1244 1706 1195 689 1250 236 1432 807 924 128 115 5 164 1410 1048 695 1666 1634 1117 715 1495 205 1620 1996 1012 355 1630 1023 212 370 870 1163 1420 1575 723 1010 1376 430 599 173 1240 669 1255 1367 210 234 1564 1573 667 1374 613 527 1561 288 160 1972 80 1128 488 461 214 304 1243 917 1428 532 1183 1796 487 1801 1763 1453 68 1081 1033 1105 456 1041 1211 1676 1401 720 1306 969 1834 982 1994 239 1526 653 1739 1053 643 937 641 123 1954 726 624 772 627 1862 1894 318 874 574 1454 378 1738 1789 1357 615 192 1852 984 100 670 770 1034 953 704 552 1172 1983 1067 1645 492 1230 293 168 596 185 50 1863 1889 1019 1681 1436 129 820 1836 250 1072 358 1288 137 1579 780 439 74 247 1216 23 1337 771 668 138 710 838 930 1993 1389 895 1746 1692 884 944 901 1379 206 862 401 279 1273 421 1518 703 1148 535 382 1582 1513 1691 61 1063 1914 1785 1788 907 1151 346 1786 1271 865 1179 727 1610 1466 777 475 1329 1626 1328 359 478 975 13 1293 1560 97 823 1917 829 1935 1637 1100 845 573 1384 600 1552 1657 1190 171 973 1056 199 1124 1922 
minDistance: 4.95682
cost: 237330
capacity: 199236
time: 36466
maxTime: 60000
LS1: 35779/37136
LS2: 499/1357
LS3: 0/0
shakeIters: 836
shakeLoops: 81
