4.28142:1145 4.32637:1406 4.39652:1547 4.6061:1968 4.61631:2159 4.62717:2692 4.66049:2792 4.66202:3182 4.71977:4339 4.72525:4477 4.72917:5093 4.76496:5236 4.77126:5531 4.78227:7591 4.79921:9413 4.81022:9538 4.83773:10943 4.84054:13921 4.85854:14145 4.85927:14217 4.86439:16468 4.88759:16589 4.8882:16768 4.88952:19939 4.89617:20105 4.91163:22585 4.91243:23362 4.91371:26733 4.9317:28055 4.94367:28134 4.9503:32737 4.95331:35993 4.95682:39410 4.9685:40657 4.96988:53122 4.97323:57848 
1576 1788 780 1801 239 879 727 1177 318 1371 206 475 1453 1928 1780 1053 293 1134 1544 1288 735 932 1374 250 1828 1244 488 907 1063 1717 704 1357 474 687 1410 1180 1573 904 1230 1697 1786 1657 875 1329 1645 12 1191 212 1023 128 772 168 1072 647 1200 1856 556 1698 1596 1428 1983 1637 1489 642 314 1814 849 1561 615 529 439 279 1889 1142 1666 94 585 535 821 670 322 941 1367 234 1041 1454 355 1050 1924 1225 574 916 695 565 1513 88 953 982 450 83 431 1694 1646 1681 1105 865 1108 340 1379 1437 1100 984 1746 210 1162 1720 1383 1247 641 303 934 1994 1040 689 1706 885 1465 358 985 1738 748 375 552 112 1935 1306 1206 643 484 710 353 671 1466 1614 862 677 192 1193 155 653 80 227 1479 1432 1283 492 1913 1735 527 468 1073 944 924 1781 829 191 81 1455 720 1019 1968 1817 903 100 1240 117 1634 729 1250 1560 1951 1796 1797 1692 528 2000 1803 599 1124 726 1954 1855 74 777 1195 668 1852 917 1966 370 476 1541 456 433 1626 15 211 160 1443 1059 1274 1351 1376 722 1219 321 770 807 236 1912 1783 1211 1015 124 1056 5 354 1131 860 479 715 1154 1243 1600 1081 1565 1996 1550 382 89 1028 1834 693 1516 1078 119 364 1862 1427 97 1727 1434 1914 1194 987 1229 244 1273 
minDistance: 4.97323
cost: 242713
capacity: 199260
time: 57848
maxTime: 60000
LS1: 36708/38039
LS2: 457/1331
LS3: 0/0
shakeIters: 838
shakeLoops: 78
