4.30218:1164 4.34942:1362 4.45158:1580 4.45333:1786 4.56478:2490 4.5726:3021 4.60643:3303 4.61448:3367 4.61631:3751 4.65283:3831 4.68806:4491 4.71113:4583 4.73964:5109 4.77126:5285 4.77811:5903 4.79354:6773 4.79921:6849 4.80666:12071 4.82932:12128 4.84049:12616 4.84601:12701 4.85519:13235 4.87095:18630 4.87604:18682 
935 254 464 1442 1610 585 1142 1063 626 301 1902 535 1226 392 233 722 1513 780 1509 1455 1437 1193 1746 1997 643 1255 1659 1971 1383 874 1783 596 1019 411 1702 367 670 917 1569 1401 73 1073 829 1248 341 140 668 210 1565 775 198 681 433 1789 705 517 1727 1856 1216 1566 1576 996 180 1264 1686 432 1687 1238 828 925 1023 1399 1448 901 1382 895 944 1454 1966 97 72 916 907 1852 193 807 1316 355 1645 584 831 796 1040 322 35 1107 1857 875 573 539 1081 359 1407 1716 667 1315 982 456 1394 1914 1423 653 1631 918 1954 1210 1983 315 2 1836 1200 1720 1801 1647 1387 680 1386 358 227 370 298 1438 984 642 1439 1461 89 434 1124 13 1277 934 205 74 693 1110 1413 1840 60 1878 124 727 1214 1495 1839 1626 959 1270 1283 1485 1337 1561 1119 749 450 1570 1002 499 506 1594 1184 639 334 514 68 318 1486 1195 969 1909 1854 1230 250 1466 1781 1273 1059 1922 69 519 1797 247 252 921 915 317 860 251 792 425 421 1151 1703 138 304 920 1994 641 1057 192 1620 1510 1017 1105 1526 1274 779 869 1834 1951 467 1761 1803 185 683 823 878 1367 83 1066 770 194 468 614 933 401 1191 1053 1446 568 708 1203 1015 862 117 1239 431 23 1330 1288 845 704 357 443 475 1788 647 1240 
minDistance: 4.87604
cost: 245374
capacity: 199239
time: 18682
maxTime: 60000
LS1: 38503/39824
LS2: 371/1321
LS3: 0/0
shakeIters: 926
shakeLoops: 87
