4.03919:774 4.32644:1279 4.41037:1510 4.47419:1834 4.49591:2175 4.54141:2333 4.59912:2514 4.6061:2722 4.61631:2794 4.64972:3951 4.65609:4224 4.68795:5233 4.69316:5355 4.71943:5413 4.746:6214 4.7504:6760 4.79354:7768 4.79921:9626 4.80683:21325 4.81022:22375 4.85344:24129 4.85851:25324 4.86439:30110 4.87759:33634 4.87763:36246 4.87769:38585 4.8811:41021 4.88246:49303 4.88383:52180 4.8882:53621 
294 1788 547 1127 1240 1315 985 1053 439 585 254 293 1357 1811 295 1576 475 247 1011 427 1270 1529 502 1446 1657 1878 234 829 128 1489 1221 1277 862 1434 993 1081 358 138 771 773 74 689 1789 119 1922 1815 180 423 1371 1783 1738 592 1565 1324 1172 923 499 1839 46 1542 78 1687 193 1223 628 907 322 1399 468 1063 1330 1250 165 1023 1717 1056 1225 1830 675 1383 1239 1952 1861 1455 1624 178 227 851 401 510 2 380 353 1151 1797 975 164 1105 777 1575 23 1466 527 279 860 509 1631 446 1294 1409 874 1937 1917 1200 239 1290 904 918 1190 1692 1746 303 1875 723 668 901 1787 1073 1681 1334 1264 1786 172 304 1195 1033 1667 641 359 1283 1367 370 1306 1729 1964 881 903 1398 1381 123 1509 683 325 1696 1432 1926 1284 249 710 297 506 112 114 1364 72 450 576 1613 1512 807 176 1368 1596 865 1913 772 1255 315 1329 920 206 652 456 704 796 192 357 83 908 1933 335 846 1243 653 1057 780 340 596 1966 1726 1762 433 1124 13 1008 108 838 339 517 1274 1436 1557 1662 1801 437 917 1123 1429 214 1683 1437 1579 97 1453 1773 1938 382 1669 1100 1193 1248 878 346 726 1997 1612 1106 1369 657 236 709 645 778 1761 1914 60 1071 1513 845 1091 1634 877 1957 155 1439 1495 1781 1561 198 1394 1448 1665 961 309 1682 1699 535 1291 488 
minDistance: 4.8882
cost: 246774
capacity: 199171
time: 53621
maxTime: 60000
LS1: 34511/35902
LS2: 633/1391
LS3: 0/0
shakeIters: 728
shakeLoops: 69
