4.21851:874 4.22536:1007 4.45158:1839 4.53193:2225 4.57039:2957 4.5726:3095 4.61402:3291 4.62717:3399 4.64545:3820 4.65609:4046 4.66215:4168 4.69689:4936 4.74262:5891 4.7504:5995 4.77126:6205 4.78136:6396 4.84054:6979 4.85519:10462 4.87922:15376 4.8882:15471 4.89343:21023 4.89617:21795 4.92716:21984 4.93419:23806 4.9503:25376 4.95262:28182 4.95682:31529 4.97206:54511 
1012 643 236 439 1454 689 884 1033 1330 1544 907 535 323 203 1573 1219 1889 599 1367 1067 529 613 160 1225 1786 1394 1676 1349 227 1408 680 468 94 1647 1066 1270 1909 1223 585 862 666 506 1379 726 1200 1101 1888 1002 838 1924 1240 722 1626 370 379 1180 917 1368 1509 596 869 1195 1667 574 50 941 447 1040 901 1687 552 828 322 668 1409 16 1053 421 820 577 459 1177 1304 1797 1407 1954 1907 1542 138 565 193 1271 1689 1702 823 1072 317 1591 780 364 642 1450 1996 653 895 1019 1526 1596 579 1560 1994 1997 1922 720 1739 1666 340 359 1073 1955 1396 1692 1003 904 756 250 1637 318 975 982 1552 1983 52 1576 1105 704 532 619 401 1081 88 944 315 509 519 293 522 652 710 1184 119 849 903 1288 630 770 1337 1283 1834 1694 641 1479 657 1703 845 198 563 1290 1914 1781 1840 1789 239 1432 879 777 1244 433 80 1334 165 945 251 1059 97 1485 456 1803 807 874 1048 1735 212 450 1655 1856 1828 214 1250 1434 1410 414 1561 1248 626 1017 1727 1466 727 1429 325 192 429 875 1328 497 5 860 1274 1124 924 358 748 1829 1746 782 517 74 1817 126 128 1738 1788 1322 112 1855 1837 508 253 98 1023 989 1691 1681 99 1315 487 568 1513 1614 1353 953 1801 357 431 1423 854 210 1438 916 1063 1634 984 279 1230 
minDistance: 4.97206
cost: 246585
capacity: 199166
time: 54511
maxTime: 60000
LS1: 35750/37118
LS2: 545/1368
LS3: 0/0
shakeIters: 795
shakeLoops: 74
