4.03737:538 4.24242:918 4.28035:1075 4.32644:1266 4.49093:1588 4.6061:1890 4.63076:2230 4.64248:2321 4.64972:3259 4.65283:3558 4.77126:4543 4.80683:6596 4.81816:8625 4.84399:8689 4.86534:8912 4.87759:9745 4.87922:9833 4.88246:12780 4.88383:12949 4.88759:13909 4.8882:15136 4.89343:26935 4.89895:28322 4.90391:30260 4.90874:31648 4.91731:32485 4.93419:33962 4.94135:51735 4.94172:52218 4.94177:52294 4.94367:53542 
1541 1955 165 1229 304 1371 1367 1023 1449 654 1513 1720 2 1944 903 382 1614 1003 1454 1637 128 464 1840 1302 1746 1835 370 250 1387 1256 1270 1702 1288 123 1059 411 88 985 254 1703 1210 689 1681 168 1509 1124 318 829 443 901 595 212 1048 80 1692 1073 406 355 401 1187 1255 559 535 1926 5 192 653 247 777 1796 1034 720 907 1191 1889 1647 1355 1552 1058 1248 1222 771 1630 1556 668 1304 982 1466 1225 727 1008 944 309 1914 1913 917 1190 695 1040 513 227 1195 1861 445 1163 1624 934 203 75 13 1429 1446 563 1277 879 707 468 252 619 1240 846 266 1216 119 1759 1662 479 825 1432 509 421 704 1053 279 1223 456 1495 1357 1739 938 1280 795 1564 504 315 1063 1434 1855 1990 1794 657 1273 1781 1922 1410 838 1203 1634 904 1485 667 1510 1626 1391 1151 596 1453 1180 710 1274 641 1951 236 1799 516 884 1966 1719 916 35 1985 1854 261 552 483 1717 1193 1788 173 1315 1542 1836 1416 1019 412 645 1997 1572 585 206 877 1081 263 1727 389 60 429 643 1598 260 204 1975 1306 193 1782 1856 1427 198 1056 111 1465 1284 293 726 744 1021 336 807 1996 1032 1745 1401 1300 1011 630 780 687 1735 1283 1837 1131 1994 1902 862 1476 434 1399 77 357 439 1613 117 1250 1962 499 1623 138 97 1450 782 519 875 1015 1565 
minDistance: 4.94367
cost: 244380
capacity: 199243
time: 53542
maxTime: 60000
LS1: 36338/37655
LS2: 423/1317
LS3: 0/0
shakeIters: 863
shakeLoops: 82
