4.45109:1505 4.47291:1675 4.48713:1767 4.57349:1924 4.6061:2115 4.62375:2425 4.62717:2537 4.63076:2626 4.64248:2866 4.66627:3305 4.70281:4039 4.79468:4234 4.80482:4962 4.80666:5909 4.83425:6093 4.8374:8575 4.87604:10625 4.87759:14120 4.87769:14322 4.8882:16268 4.91984:17644 4.93213:25801 4.93419:25907 
1681 1023 917 1108 552 1796 1839 1889 1691 325 199 875 944 1350 695 1230 12 647 1550 1456 1761 689 239 1096 1997 1288 152 703 834 193 357 964 1177 1229 1432 1118 483 1746 508 941 722 1947 476 1527 1134 1786 1572 930 251 1056 945 450 83 1040 1966 279 807 551 1448 1888 212 1544 1797 1834 680 535 823 322 95 46 727 422 318 1416 1600 726 1655 845 1306 236 1102 613 801 753 1351 1944 1129 1105 798 1277 1410 1803 137 1119 406 33 1909 468 499 185 829 1526 1922 117 382 1227 1250 1048 1434 1788 18 748 879 1852 772 1194 643 860 1634 900 484 1950 1833 1200 456 1917 755 630 119 895 1542 796 1687 999 1002 527 288 1983 907 529 773 68 380 1754 1994 1647 97 1466 1059 1612 626 1801 668 653 1513 514 771 849 207 340 218 1304 1014 707 1172 1552 1364 497 821 94 1682 1073 1142 585 446 1379 112 982 1248 1439 1565 1454 1063 238 164 1334 953 1081 1267 1626 1012 1122 1702 666 1624 1216 1692 723 1222 838 1374 1438 1124 433 1657 710 1243 1396 192 293 760 1131 901 262 1575 961 1620 430 596 1465 1273 704 1240 52 1387 1781 1011 1680 1637 1512 60 1053 1429 1453 969 1735 1985 1244 1420 1305 924 1914 80 884 528 1686 121 439 1561 782 617 599 777 1367 1330 445 206 780 155 1739 667 1582 88 1780 1470 817 641 1219 
minDistance: 4.93419
cost: 245306
capacity: 199196
time: 25907
maxTime: 60000
LS1: 37519/38840
LS2: 456/1321
LS3: 0/0
shakeIters: 842
shakeLoops: 79
