4.14067:851 4.31628:1086 4.37942:1360 4.47291:1702 4.47643:2153 4.57039:2393 4.59522:3477 4.60167:4136 4.6061:4599 4.60821:4961 4.62717:5093 4.65609:6178 4.68806:6781 4.70534:8666 4.71943:11196 4.77126:11308 4.78136:11375 4.81022:12531 4.86439:12757 4.88383:13061 4.88822:15367 4.88952:19429 4.89343:19484 4.89858:20237 4.90391:22256 4.90778:27458 4.91371:28104 4.91731:31395 4.92214:31471 4.93419:32093 4.94367:32846 4.9503:34718 4.97206:35459 4.97276:41882 4.97951:49840 4.98289:58870 
780 1438 1788 251 1401 1203 1676 737 1786 239 1273 1057 821 771 641 315 1647 1230 198 680 1059 1922 60 164 1681 1453 1623 1813 751 500 1328 1107 364 1283 468 1620 1320 490 1262 322 599 160 1284 668 1382 1023 1032 1244 1646 1839 1223 1200 295 643 89 1485 1151 370 605 1399 294 192 227 1834 903 829 456 1172 1556 137 1738 81 414 178 579 704 1053 953 642 99 1856 715 1579 279 1002 585 1617 437 1008 194 28 959 1374 1134 1439 199 1219 726 1954 1239 862 1657 35 1914 657 340 1956 1691 1193 74 1229 478 1306 1613 770 1368 924 1454 1048 807 1304 236 1449 1305 1544 1781 1162 777 1983 710 1416 1124 1434 1019 431 1888 506 1272 1817 1177 1017 1073 596 720 1996 293 907 152 272 433 1056 1746 1344 1717 689 1255 695 1778 1357 276 1387 865 1952 509 379 619 1596 535 357 798 401 1526 916 1455 1015 534 1195 29 97 1762 1799 984 1687 552 808 879 1696 1909 284 119 779 1509 1184 1367 1250 1573 1614 1594 117 1450 1697 845 342 165 193 1274 123 1709 1081 1513 964 982 860 128 1913 1351 1063 421 1862 1576 1397 1600 617 785 450 206 439 917 1565 1194 722 1131 1861 1990 1216 1889 1626 1705 336 1840 412 445 1928 1429 1542 1379 1225 707 1180 1058 1270 1240 1966 519 203 83 1739 727 1437 2000 88 
minDistance: 4.98289
cost: 241736
capacity: 199368
time: 58870
maxTime: 60000
LS1: 37639/38989
LS2: 450/1350
LS3: 0/0
shakeIters: 864
shakeLoops: 79
