4.15073:955 4.26171:1470 4.37942:1834 4.45193:1992 4.47839:2179 4.59009:2406 4.59383:2542 4.61448:2961 4.68704:3330 4.71943:3718 4.73964:5743 4.746:5876 4.77126:7248 4.79585:13811 4.79921:14084 4.80683:15090 4.85519:17304 4.86439:17480 4.86973:21258 4.87604:25673 4.88383:35227 4.88822:37931 4.89343:38740 4.93419:38934 4.93702:40570 4.95:55314 4.9503:55402 
1513 778 450 862 904 503 1277 1244 459 1016 370 1781 722 16 1913 634 695 969 499 944 476 1996 433 1829 227 1613 23 1041 1355 1221 1773 15 1907 643 58 744 1738 1391 119 1917 1306 1973 1230 563 1067 168 900 1562 35 272 1687 1063 869 1889 985 1728 1033 780 667 1023 771 1706 1783 1983 1262 1466 192 879 1072 838 1429 456 46 1888 1434 1909 821 295 527 1274 1676 1107 1383 1329 1399 1108 13 641 1011 668 1655 1450 845 1379 1256 74 1542 687 1382 160 1448 939 50 847 1796 185 472 517 599 164 1486 689 528 97 1746 1223 885 1180 1682 748 860 865 788 693 1250 1059 1455 1972 210 762 1437 1374 514 828 492 567 1794 708 1573 421 89 68 1349 1283 585 359 1211 33 1966 1797 945 704 1091 1432 1465 1014 1239 1423 1195 1177 351 552 1053 72 1330 1997 1634 318 825 1544 653 1367 165 959 1665 1073 322 1162 1255 1124 1709 1405 1681 1351 1090 112 1647 1057 1502 917 907 1451 123 1509 1240 1337 617 1579 1689 1696 1019 1935 772 1120 1151 614 1086 475 1371 779 1624 1183 1839 924 801 1081 88 206 1284 375 628 293 1387 758 1438 466 1172 1248 1789 60 355 626 32 1914 1922 727 1127 1002 1596 901 487 1470 464 726 703 807 250 1834 1552 1216 234 198 95 710 1100 1454 410 1225 1153 1788 735 279 903 642 114 1602 236 
minDistance: 4.9503
cost: 239239
capacity: 199182
time: 55402
maxTime: 60000
LS1: 36562/37935
LS2: 558/1373
LS3: 0/0
shakeIters: 788
shakeLoops: 74
