4.24322:1150 4.24409:1309 4.26171:1481 4.30831:1659 4.41403:2008 4.42767:2230 4.48713:2420 4.57214:3630 4.5726:4311 4.63076:5338 4.65283:5506 4.65788:5656 4.66049:5747 4.7162:5892 4.79921:7555 4.80683:7641 4.82114:11402 4.84399:14012 4.85216:14171 4.87604:14386 4.87922:25401 4.88759:26161 4.8882:26420 
239 1951 1067 780 1894 1789 641 1118 760 1839 1655 845 205 1909 941 552 982 1187 340 727 1396 1448 475 85 1681 252 446 1330 238 560 198 1626 862 1928 1274 68 1735 1164 1183 726 834 1542 1861 1657 782 1513 1040 1230 1243 359 535 450 1453 916 23 1980 1456 1313 1566 1955 829 1815 773 903 969 514 823 1624 779 1562 193 1410 456 1637 944 88 630 204 1081 1797 1697 869 358 1124 1647 1466 1315 901 1526 1729 1451 772 729 1280 1381 1042 1190 964 1194 439 755 642 1801 801 875 1116 236 961 479 1761 668 137 1379 20 907 1840 97 1527 160 1446 806 878 168 234 1738 539 1367 247 1520 1063 1191 698 596 1485 1034 1914 1172 1600 1580 1273 211 81 1569 704 1602 1978 1002 1509 288 1033 617 1244 12 1250 1429 1225 119 703 1488 1796 1495 1634 860 585 425 656 1633 561 1151 1003 643 1788 582 492 114 1954 112 1328 1428 680 1216 635 626 1835 16 192 58 128 212 1143 1427 2 1454 953 1277 370 1852 1059 155 463 173 948 918 1683 653 1383 563 884 1344 1540 174 689 807 249 1573 80 1682 251 1021 254 1306 529 695 874 1127 1240 710 930 1702 1746 13 1676 1304 1465 715 138 293 1334 798 576 1576 357 1248 1423 1394 1134 433 414 1994 1786 165 353 1391 1662 1716 1768 915 519 879 1023 1922 304 923 1011 
minDistance: 4.8882
cost: 244416
capacity: 199264
time: 26420
maxTime: 60000
LS1: 36945/38237
LS2: 389/1292
LS3: 0/0
shakeIters: 880
shakeLoops: 84
