3.79781:332 4.275:1285 4.3443:1475 4.41403:1620 4.45158:1774 4.45333:1866 4.46971:2012 4.47291:2159 4.5726:2449 4.60167:2570 4.60821:2684 4.62717:2748 4.66379:2924 4.67588:3042 4.71702:4033 4.77126:4379 4.80666:4745 4.80683:5539 4.81022:9652 4.83441:14878 4.86534:17280 4.8666:19416 4.87763:20331 4.8811:21394 4.88759:22876 4.88822:22934 4.89343:24335 4.90741:26941 4.93213:27998 4.93419:28878 4.9503:55728 
792 619 1240 1012 668 576 1409 293 513 1797 246 1564 917 212 1438 1561 185 1263 643 982 1928 945 165 1367 1386 875 954 1465 429 653 1059 527 1394 119 1040 519 1703 468 164 807 1328 1696 1304 860 1195 355 1922 1573 1868 1454 568 1257 1552 1801 97 907 479 1614 1315 447 1705 346 1486 487 734 1804 66 689 695 138 2000 941 879 829 192 1666 1904 916 1124 234 1976 46 1374 1861 207 94 1495 1283 370 798 1962 715 117 509 726 1786 645 1788 708 1416 1130 1280 1230 636 1781 50 667 1089 214 1637 80 1223 382 1023 357 1277 1131 8 1839 236 1399 901 985 1429 627 1008 961 83 1914 1383 1455 425 1729 1761 478 1773 788 421 1789 1123 1594 666 770 1225 406 953 1219 1652 1681 1081 530 1794 534 168 1488 579 1556 1560 823 1662 1063 318 239 1033 641 45 656 780 1756 984 1542 173 254 1056 515 1446 1516 1330 1371 1396 1759 1334 1011 865 57 488 1502 1687 535 552 657 433 1381 1509 522 1550 1620 202 375 1362 1846 1746 401 1314 112 1349 771 729 193 777 842 514 639 1980 1255 1073 1647 1274 160 991 1596 580 322 1172 1105 1016 584 577 1819 1834 446 1735 1707 1017 585 1200 1450 1194 1624 28 1527 1803 1479 1612 1968 1657 249 626 683 450 1513 33 279 528 1576 599 1042 821 88 1688 1954 1682 613 227 1656 
minDistance: 4.9503
cost: 244505
capacity: 199235
time: 55728
maxTime: 60000
LS1: 36297/37688
LS2: 545/1391
LS3: 0/0
shakeIters: 815
shakeLoops: 78
