4.03737:825 4.22536:1393 4.23078:1459 4.32913:1698 4.37942:2037 4.39203:2144 4.44598:2795 4.45333:2912 4.573:3182 4.60821:3305 4.62182:3646 4.63076:3717 4.63616:3909 4.64248:3970 4.65514:5042 4.69316:6035 4.69445:6162 4.70534:7151 4.72525:7259 4.746:7496 4.7504:9979 4.75079:10067 4.75547:11655 4.79354:12792 4.79921:12849 4.82114:14817 4.85851:15368 4.85927:16560 4.86439:16748 4.86922:17109 4.86971:17169 4.88246:17426 4.88383:17515 4.8882:18215 4.89343:27518 4.89871:29938 4.90391:30555 4.92116:37031 4.92204:37083 4.93419:38241 
1561 155 901 1662 1761 1837 1620 782 1439 1509 1786 1914 1631 89 5 1195 1193 212 249 1681 1229 1696 185 777 1222 845 780 450 1040 1834 1840 772 675 1191 250 1542 1700 80 164 1240 1244 205 1356 1485 877 657 1427 829 1053 1423 1216 1985 446 189 128 1703 884 821 1288 1369 1248 596 1450 654 119 165 715 1726 756 647 629 1277 1154 726 627 1634 272 456 1455 626 689 770 364 1367 1917 641 193 628 1788 110 1453 695 1223 1980 1200 315 585 1063 687 534 83 550 807 1449 1647 599 985 293 1446 192 432 552 1416 530 796 619 1283 1687 1796 720 1923 903 297 247 1250 823 838 1293 1255 414 503 1771 671 502 1274 88 929 331 568 509 1716 710 704 433 779 354 1008 1437 339 1694 483 468 1819 1123 236 1736 834 1124 1773 1746 1105 587 729 559 74 1371 668 1429 1119 1720 653 370 1056 1990 334 429 1623 953 1257 983 214 401 340 1344 1502 1019 778 1794 1225 1697 1073 865 304 1476 1108 1466 707 260 519 227 425 1579 1221 1565 1306 612 1922 1448 1012 808 1641 1465 1151 445 1081 254 1596 1304 1387 1933 112 917 412 970 322 907 1797 1379 1614 1383 563 1667 35 862 1664 1454 431 1612 152 1177 915 358 439 1267 198 1023 13 1637 1501 847 123 535 97 1954 50 1180 751 357 846 
minDistance: 4.93419
cost: 242345
capacity: 199362
time: 38241
maxTime: 60000
LS1: 36632/37918
LS2: 349/1286
LS3: 0/0
shakeIters: 897
shakeLoops: 84
