4.14067:990 4.29639:1489 4.30218:1636 4.30831:1766 4.59327:2225 4.60888:2604 4.61631:2737 4.63616:3139 4.64285:3221 4.66627:3283 4.71943:3469 4.71977:5969 4.72917:6025 4.75156:7471 4.8374:7975 4.84054:8057 4.86497:8531 4.87769:15194 4.89617:17644 4.90741:18356 4.92571:18418 4.93151:18556 4.93213:18673 4.93419:26365 4.95682:30008 4.95757:31691 4.97276:31854 4.97882:38308 4.97951:38374 4.98642:43535 4.99722:43648 5.00996:44874 5.01966:49007 5.02148:51520 
1509 1262 1131 1019 1222 1485 722 484 983 1119 1356 585 254 80 472 165 1244 1796 1985 1681 1789 160 499 1465 450 206 1924 924 1954 514 917 1200 1446 862 1935 823 1855 1412 1409 236 1889 1063 647 808 411 657 1648 727 695 1081 1687 1576 1240 1306 83 1073 1032 293 1746 81 1127 515 772 1016 1283 1059 535 1195 1829 1735 634 1573 1994 612 903 1466 97 1839 1379 487 35 1179 1513 1154 1727 1834 303 1034 227 1280 984 60 858 358 1914 1561 1284 1257 1434 1938 1990 845 534 1383 642 672 1913 214 88 1786 904 1371 931 119 1304 117 720 185 627 1023 464 1248 641 1819 574 1966 1720 1401 89 1542 807 1840 1223 1797 1983 1706 1225 1172 1053 1211 492 1238 630 353 1273 1056 94 777 1560 530 519 771 318 355 406 1274 276 124 433 801 599 1206 1489 1423 1682 875 770 1614 1781 1247 982 475 985 707 429 1124 1788 478 212 168 431 1250 614 1149 653 1705 643 456 191 1680 370 414 1702 689 1365 846 193 907 1416 1194 468 198 1230 1565 1193 1334 626 1996 1922 1450 1803 710 1613 528 563 1801 375 1015 1180 210 879 1697 1199 1527 1479 1105 1526 704 322 729 340 670 932 1389 780 916 1429 421 1108 1626 1427 359 726 146 715 821 930 1255 1130 13 1432 773 129 953 991 779 128 1367 
minDistance: 5.02148
cost: 239996
capacity: 199174
time: 51520
maxTime: 60000
LS1: 37286/38569
LS2: 376/1283
LS3: 0/0
shakeIters: 873
shakeLoops: 83
