4.00952:617 4.24242:1205 4.28035:1327 4.54546:2006 4.60167:2229 4.66049:2978 4.66379:6871 4.68806:7066 4.70281:7188 4.7162:7264 4.7329:7399 4.79585:8906 4.79921:9346 4.80666:10562 4.80683:10647 4.83773:10763 4.87604:10948 4.87769:11203 4.8882:12522 4.89343:12758 4.89871:14466 4.92214:20183 4.93419:26198 4.94367:29118 4.9503:30775 4.95331:34752 4.96438:35557 4.9685:35609 4.97276:36255 4.97951:42755 4.98133:56112 4.98209:57084 4.98642:58541 
206 1657 842 1040 1614 596 1225 1063 1783 479 1015 1408 516 1446 1786 1379 953 801 807 357 1219 97 838 1739 1164 710 235 1399 667 584 1097 276 370 1682 780 1738 198 83 322 212 975 874 1951 895 585 117 123 1130 1273 1180 1596 1330 1172 1315 1794 865 1371 680 1626 1081 1216 1985 1980 304 1914 185 860 1996 1681 1267 293 1647 770 49 1367 100 1465 1676 1362 128 1796 534 52 1717 358 771 1434 862 318 1579 1450 924 695 1334 1177 1720 251 1788 433 527 689 666 934 89 160 210 831 1846 227 8 1032 1193 1277 371 626 1855 80 1255 1797 325 236 653 1410 1576 359 1124 1328 315 1438 715 1637 1801 907 474 1053 1662 535 1620 484 1250 1697 253 1583 727 447 1429 1284 1194 1200 239 68 916 764 1274 1834 643 1861 475 1889 1059 1787 1436 683 559 885 1195 1364 1356 1888 155 1206 279 879 1727 1612 1655 982 1454 254 1509 1142 16 1019 1294 1561 777 334 1409 66 1033 50 1954 1746 808 1244 641 1423 1839 168 297 1003 1240 1023 1105 1804 1056 1291 468 1817 772 1866 1510 1533 514 903 821 74 1306 668 984 1012 1151 1527 1048 1108 1002 739 1191 519 834 563 119 1517 23 1443 917 1283 722 820 1262 1011 1067 450 60 1735 973 192 1994 1759 829 1398 247 1401 720 703 340 1526 1223 552 1705 
minDistance: 4.98642
cost: 241185
capacity: 199155
time: 58541
maxTime: 60000
LS1: 37214/38546
LS2: 493/1332
LS3: 0/0
shakeIters: 806
shakeLoops: 73
