4.16016:798 4.275:1225 4.34139:1446 4.49544:1885 4.54532:2205 4.57039:2295 4.573:2465 4.61631:2643 4.62299:2870 4.65609:3111 4.66627:3241 4.68023:4629 4.72917:4806 4.74262:4975 4.746:5424 4.78136:6102 4.79354:6340 4.79921:6429 4.81022:8257 4.85519:8393 4.87922:10774 4.89343:10956 4.89858:15843 4.90391:15961 4.92752:17513 4.92943:18905 4.93213:20331 4.94367:22449 4.9503:23149 4.95682:25327 4.96438:32445 
1664 1681 1739 198 1727 1134 1262 74 1394 1935 695 1371 1696 924 253 60 1190 353 1124 433 1614 193 490 807 1889 239 862 439 1277 1023 242 81 497 596 1486 1966 472 1657 703 1455 1509 1057 1626 775 392 1002 959 1293 136 517 1959 879 1834 653 1240 749 1573 1082 1200 1328 925 1446 643 704 1304 901 1264 916 699 1322 1195 527 734 1675 1237 1453 641 823 1898 1081 1379 1351 1255 475 304 806 1786 845 618 359 1396 1594 293 199 68 615 89 168 984 1793 1746 780 192 912 423 318 1273 1334 895 178 1647 1409 1938 917 831 985 642 1211 849 708 78 1216 1368 801 1244 535 1180 13 1913 1432 1526 1270 69 1387 119 982 668 355 1954 237 907 1357 1274 1855 1816 1662 421 1151 1922 1797 1702 1194 1382 1041 1985 50 1687 860 367 720 1799 821 1716 1997 944 1172 431 654 214 1034 1329 941 1676 203 314 1164 5 1427 1105 1306 1230 683 206 630 1374 1861 322 1697 1450 1606 1059 772 88 1513 1283 859 227 726 874 1223 1050 23 689 97 488 1928 335 450 357 1556 1063 1078 1108 1429 904 1862 1137 117 128 210 249 1495 169 1836 1466 798 1527 176 1788 301 1426 1602 1239 999 1794 829 370 1288 1250 1033 100 953 1072 112 468 1735 456 1367 1560 1100 1914 1465 1434 1193 903 1142 346 160 1738 1399 1546 1740 875 99 
minDistance: 4.96438
cost: 241825
capacity: 199180
time: 32445
maxTime: 60000
LS1: 37545/38864
LS2: 474/1319
LS3: 0/0
shakeIters: 814
shakeLoops: 77
