4.20442:964 4.50378:1607 4.5335:1856 4.57039:2910 4.57939:3228 4.59009:3362 4.64248:3568 4.64285:3747 4.68395:4112 4.6935:6291 4.71943:6699 4.75079:17457 4.77126:17682 4.8193:18852 4.8374:18951 4.85519:19089 4.8666:35676 4.87604:40815 4.8811:42756 4.88383:44612 4.8882:44775 4.88822:49502 
1854 727 842 901 1053 1542 1535 1110 1935 212 1277 653 935 1680 383 97 1428 429 1626 539 506 917 78 13 879 370 1073 83 666 336 1451 1089 373 446 1665 1985 1194 693 1264 753 1461 1872 735 1454 1922 1645 1229 1243 1983 475 895 924 934 778 1565 1994 1966 1819 838 1184 1383 1614 1466 119 1837 1081 33 1239 199 1513 1225 185 626 1763 382 246 1682 1738 114 1596 1576 704 756 1367 1283 1561 1365 900 1284 425 1376 643 865 168 627 284 1909 137 1022 1438 1675 1951 325 961 1306 359 845 269 1211 503 464 1244 1057 514 74 483 1023 1302 206 1216 492 1195 1783 509 1495 1339 1526 318 782 1746 823 801 15 1328 1913 1600 211 88 117 450 1180 1387 668 1839 641 227 1803 1114 616 846 1172 1516 715 771 1273 1413 1177 1374 899 254 1432 445 1222 1926 796 916 433 89 1412 1119 1063 1647 1344 964 1968 1952 777 930 695 1735 1011 780 504 1666 705 1781 322 1100 1889 849 1904 953 918 1088 1134 510 860 528 205 807 925 985 468 1788 1379 252 1687 1634 1453 358 1041 247 279 1761 851 825 1248 875 476 535 1973 1570 1456 903 353 1154 165 884 585 421 987 1151 1786 596 1829 1250 1933 439 907 1193 1914 657 1509 1527 236 1446 488 770 1274 944 1389 920 1124 193 874 412 139 529 862 2 527 1240 
minDistance: 4.88822
cost: 246213
capacity: 199172
time: 49502
maxTime: 60000
LS1: 36858/38177
LS2: 421/1319
LS3: 0/0
shakeIters: 876
shakeLoops: 84
