4.24322:1065 4.31628:1410 4.34139:1677 4.39469:2418 4.47894:2613 4.47906:2853 4.48964:3005 4.50545:3204 4.51534:3316 4.54546:3737 4.61631:3943 4.63506:4105 4.64285:4326 4.64972:4397 4.65609:4494 4.66249:4644 4.71113:4814 4.72917:5616 4.76496:5729 4.77126:6150 4.78536:6235 4.78709:8851 4.79585:8914 4.79921:9005 4.80482:9068 4.81022:9158 4.82932:9572 4.86497:9635 4.86922:12641 4.87604:13297 4.87769:17877 4.87922:22518 4.8811:25623 4.88383:25685 4.89343:27974 4.90391:33357 4.91984:39418 4.92116:39501 4.92214:41875 4.93431:42609 4.94367:42731 4.95:42785 4.9503:45281 4.95262:47362 4.96438:52623 
509 1802 568 99 224 472 1455 1550 849 1687 1801 203 227 877 88 1852 1804 1050 456 1837 1888 1702 212 1058 1453 1846 1773 1124 1803 938 773 1696 777 627 748 279 965 60 1277 1350 315 1552 446 1172 450 1011 164 710 1230 1151 303 1250 1626 985 1933 1781 917 1964 516 1371 1985 1787 851 1315 879 1034 875 901 1527 1081 355 1057 630 1154 1944 1946 847 1240 953 727 1465 641 585 149 653 411 1262 1190 1703 1355 1381 1391 961 1489 1612 1193 973 801 1222 474 1399 165 1783 1614 292 821 772 722 1665 1023 563 596 180 1071 1596 1662 739 535 214 439 468 1177 379 5 808 1180 1466 112 656 192 1283 1542 924 1195 1746 1432 1573 429 1681 97 528 1306 236 1980 155 1735 1634 1917 1063 1794 335 1322 1131 479 1635 838 74 904 683 1485 1786 612 1761 825 695 1446 771 626 1486 1655 1288 483 1334 475 869 643 433 1274 982 638 980 1889 1788 16 1682 1229 1840 389 720 1236 1796 1379 1255 1367 427 207 667 1720 1990 1951 829 1438 1016 119 1048 1012 66 798 293 654 42 1513 859 642 1847 1122 1556 715 1443 1914 1194 1739 1717 780 1098 173 756 117 807 599 1100 1423 1053 1328 907 219 576 1797 1448 464 976 412 881 1244 1042 254 340 1738 1819 744 168 1225 357 1645 668 1434 1008 1493 559 1672 834 1239 
minDistance: 4.96438
cost: 242366
capacity: 199339
time: 52623
maxTime: 60000
LS1: 37535/38869
LS2: 443/1334
LS3: 0/0
shakeIters: 846
shakeLoops: 79
