4.39652:1365 4.41238:1628 4.42083:2102 4.56935:2490 4.664:3163 4.68241:3303 4.68395:3794 4.68806:3869 4.70697:4029 4.79354:4624 4.79585:5025 4.80666:5703 4.82114:6146 4.83425:6895 4.84054:7010 4.85519:7073 4.87604:7527 4.87759:11531 4.8811:12250 4.88246:13004 4.88383:13962 4.88759:14841 4.8882:17418 4.89343:30105 4.89871:30161 4.90391:30875 4.9079:31027 4.93213:31698 4.93419:35223 4.9503:35393 4.95682:35444 
168 401 1662 358 83 773 1541 247 431 641 1917 1634 1130 254 1053 1371 865 875 94 1184 1210 1455 1888 688 456 1944 1195 1637 1613 1854 1582 5 1924 369 1788 1108 1782 1914 1706 198 1466 1428 704 206 504 930 1687 653 1306 1954 1349 1304 370 251 1255 1513 1283 1875 117 1664 1073 1334 1834 1596 1454 1689 1429 1933 100 1446 1250 252 81 1682 1081 1947 895 1479 860 1729 1002 705 1620 771 780 1602 885 519 1223 680 315 68 1922 1698 180 907 1990 292 433 565 777 1657 364 382 279 642 670 210 1926 869 227 216 1023 1225 1034 119 845 1816 1738 1164 16 1063 293 357 903 1516 1033 1837 1434 479 1383 720 355 193 164 1206 829 884 1193 585 1142 1432 1262 112 1067 1105 328 450 1367 1647 527 353 807 901 2 78 483 1240 654 934 667 726 1274 1357 309 1803 468 1229 114 563 50 918 778 613 1315 668 862 1780 1801 192 506 1410 1248 1975 1626 874 1194 304 643 1746 322 1735 359 1703 1980 1527 367 1614 710 969 128 1032 1456 513 1708 89 1463 782 1427 703 427 727 577 1598 1994 212 1817 1042 239 1509 961 1190 1124 318 715 88 1407 1797 789 1526 439 340 1037 1561 1717 796 619 13 467 432 1200 1815 1786 1697 699 1968 917 199 596 1243 97 770 753 695 476 1681 80 1606 60 499 317 1066 
minDistance: 4.95682
cost: 241276
capacity: 199191
time: 35444
maxTime: 60000
LS1: 37997/39300
LS2: 377/1303
LS3: 0/0
shakeIters: 895
shakeLoops: 84
