4.3247:1078 4.41403:1360 4.45333:1659 4.47291:1838 4.47363:2214 4.48713:2276 4.57039:2698 4.60167:2835 4.6061:3316 4.67588:3594 4.68033:4574 4.68806:4691 4.7504:5072 4.76477:5165 4.76554:5250 4.79354:5667 4.79585:5794 4.79921:5910 4.80482:6860 4.86973:7078 4.87604:11035 4.87763:13445 4.88383:13505 4.88759:15053 4.8882:15111 4.88952:24872 4.89227:24998 4.89343:32533 4.89871:35475 4.90391:39021 4.90741:40554 4.92617:44554 4.93213:45325 4.93239:51185 4.93419:56432 
1350 1119 695 432 88 917 1789 1739 117 1823 1662 206 807 216 357 1184 845 1291 963 779 89 1681 1180 1124 1552 1151 1717 1017 1262 1803 530 212 464 1225 634 626 1306 1929 1423 1437 938 1875 1456 210 1283 1274 1591 322 875 985 1230 904 727 1016 130 780 1105 1048 1569 1216 527 1163 585 119 1708 1019 1602 1011 359 475 1367 1576 1100 597 354 743 1786 412 1438 684 1914 556 35 874 975 1195 1729 469 303 877 903 1424 1626 227 279 1598 236 612 1329 1256 778 1917 1527 1548 1761 1839 1371 1933 1334 97 112 865 1682 1446 198 238 293 1377 1990 68 1669 552 1273 1513 1542 80 315 1315 1244 991 433 1255 930 1746 1637 1288 1614 699 1284 1194 1613 500 403 773 476 535 1067 1063 29 1561 1033 596 1972 1172 1193 627 1434 1781 1466 1387 1943 862 1727 1489 355 748 777 796 642 67 614 1773 456 1687 1631 1815 1073 1200 703 503 1565 1861 1738 192 1455 901 484 1968 168 1612 1926 1248 744 340 1410 468 1696 641 667 411 1996 1852 506 726 295 1277 1053 1516 223 895 1043 171 1834 1250 1081 1379 1454 1012 252 849 214 317 1922 716 829 1888 1023 479 1486 771 689 2 318 358 1665 199 1142 1951 953 720 715 13 128 1634 869 834 653 502 427 1432 1374 1199 801 668 1692 74 1783 1546 269 704 1403 378 907 710 1240 1788 
minDistance: 4.93419
cost: 244377
capacity: 199384
time: 56432
maxTime: 60000
LS1: 36577/37881
LS2: 476/1304
LS3: 0/0
shakeIters: 792
shakeLoops: 75
