4.11922:810 4.30133:1137 4.32644:1390 4.34139:1572 4.45333:1910 4.48713:2836 4.61631:3556 4.65788:4072 4.66046:4186 4.67588:4279 4.68806:4348 4.70534:4428 4.71943:5228 4.72917:5832 4.77126:10615 4.79354:10794 4.87604:12326 4.88246:15135 4.88383:25867 4.88759:31404 4.8882:31455 4.89343:53064 4.94367:53132 4.95757:53833 4.96438:53896 
834 1067 1453 1021 464 1429 1985 596 527 57 879 1996 1179 617 1073 1053 5 1379 715 370 1105 1888 777 433 1783 801 1280 1437 13 1394 938 1448 509 88 1172 1697 1561 1968 1081 179 149 1454 1008 303 722 1124 1980 924 953 499 1917 944 1011 1681 1696 875 849 917 1351 1368 869 807 1410 1706 976 164 117 772 695 233 985 152 1320 1646 704 961 1723 1510 1229 23 670 112 778 1274 16 907 168 825 1250 1195 1465 904 1221 318 1334 180 340 60 1187 535 1852 315 450 901 137 242 585 1412 1002 544 238 643 1575 1367 628 1306 1023 171 865 1786 884 198 1797 874 456 1130 823 1283 1703 406 1761 775 1100 341 1438 178 1434 1466 160 1773 657 212 468 710 1162 99 574 1063 1108 421 89 279 358 479 612 641 293 930 1594 1680 1576 1428 1682 1662 1240 1687 216 1834 1191 1318 1692 1288 483 1951 97 1230 100 1248 1735 1177 1739 81 1193 1689 785 129 568 1244 1548 1796 1446 689 1614 552 193 1799 699 1222 744 1357 895 780 1513 1216 739 1780 903 1634 1637 123 128 1616 1573 1256 80 439 779 1362 653 1344 720 227 203 1720 1746 1127 798 1990 1926 1486 1914 1933 1726 723 563 683 1040 1151 379 359 1771 1788 771 260 444 98 773 475 1048 210 1560 999 862 1194 1255 119 1031 1781 1778 668 908 647 50 1922 
minDistance: 4.96438
cost: 237520
capacity: 199172
time: 53896
maxTime: 60000
LS1: 38331/39692
LS2: 489/1361
LS3: 0/0
shakeIters: 847
shakeLoops: 81
