4.38359:1336 4.56933:1684 4.57039:1814 4.573:1922 4.61631:2070 4.62813:2521 4.65609:2651 4.70534:3336 4.72525:3961 4.74135:4339 4.76554:4668 4.79728:5585 4.80683:5813 4.81022:6668 4.83441:7523 4.85851:7604 4.85854:10619 4.85927:10684 4.8882:13014 4.89871:15733 4.90391:17809 4.9079:17875 4.9086:17935 4.91371:18626 4.91624:20100 4.93419:23142 4.94135:24642 4.94367:25435 4.95757:27371 4.96438:30422 4.9685:30475 4.96988:32859 4.97276:34180 4.9752:34290 4.97767:35007 4.97951:39164 
117 1337 904 1306 1177 529 13 1379 982 1470 1665 1513 1262 1439 119 1351 653 304 773 1453 699 953 1023 427 1735 1596 1230 203 370 1041 1193 1684 1626 779 475 1229 431 535 1063 68 160 1681 1017 1846 464 642 527 1250 1527 1012 801 1423 1573 97 1391 641 595 670 1222 1913 695 907 973 862 503 5 1463 1562 808 722 903 152 1355 279 1240 1394 574 227 1696 164 1954 1874 1773 89 1274 346 908 1210 430 1914 612 1951 1852 1291 1738 1288 720 1706 1172 1434 1717 1368 807 1376 1784 456 1614 1514 1909 782 441 439 1356 1108 1544 726 559 318 1888 875 1645 1797 1565 1042 1726 153 683 1746 1666 359 1454 859 1015 1637 214 423 136 1195 2 74 1692 1771 1966 57 129 938 630 530 1184 1682 964 1990 340 643 1142 1124 780 1600 1320 749 1410 212 1972 548 236 1334 192 433 1866 1344 488 879 1786 1542 1194 1702 293 1416 1834 1437 551 206 8 1225 668 519 1059 1455 1739 1151 1697 213 322 984 1032 626 715 1814 829 585 1926 917 771 1576 1190 1199 81 1248 1474 689 1073 710 354 1607 1687 1401 1634 357 446 997 474 1917 961 1244 1131 869 88 151 1033 1922 1420 1788 596 1048 1367 744 1691 884 23 468 1803 1216 1438 1081 1002 69 552 1647 1407 1907 1536 1040 210 294 334 155 1586 450 262 80 930 985 1656 
minDistance: 4.97951
cost: 238265
capacity: 199236
time: 39164
maxTime: 60000
LS1: 37188/38490
LS2: 386/1302
LS3: 0/0
shakeIters: 880
shakeLoops: 84
