3.95669:599 4.17845:1209 4.30218:1560 4.3443:2031 4.367:2163 4.42926:2308 4.47078:2545 4.53193:2719 4.5726:2838 4.60167:2963 4.65788:3828 4.66249:4097 4.66627:4151 4.67966:5834 4.68806:5903 4.69445:6018 4.70534:6334 4.72917:8253 4.77126:9330 4.79921:21802 4.83352:22697 4.83649:25081 4.84054:25938 4.8582:27608 4.8684:29864 4.87604:33621 4.87759:34490 4.87922:34601 4.88246:34706 
689 862 499 720 1727 1717 474 1073 1954 247 16 227 1907 748 1614 205 535 1138 355 468 1748 1657 919 770 953 69 780 1861 506 140 1647 446 982 88 1349 236 74 60 729 192 1738 1229 1552 985 475 1049 918 1655 1914 749 1401 1012 1123 50 210 1726 1177 318 796 117 1368 1081 1576 773 323 807 1394 1703 683 1193 456 1056 592 1540 360 1426 357 1371 903 279 1527 1759 1015 1195 753 1479 1124 1334 293 418 1283 1909 206 1033 254 961 80 1379 119 382 1183 1271 641 1985 1486 527 375 1429 423 1579 1488 782 322 829 1362 1255 1438 1277 681 771 1857 99 1922 1783 1383 1898 879 1720 860 1090 1512 517 656 1797 1983 138 1801 1513 563 1059 335 1034 1410 272 865 1561 726 522 1200 1270 901 1815 1682 185 450 1696 577 1761 1556 68 1862 1023 1837 600 1424 907 1191 1746 516 828 567 643 483 528 1601 425 1773 1240 1066 168 1324 838 198 1288 1834 584 1997 94 703 1416 1230 1596 801 1781 1122 1164 1041 710 1180 461 1436 1637 944 1788 973 1190 1105 1917 1222 617 1330 626 1037 1176 933 821 1735 1040 1002 1972 999 1250 1466 1063 519 614 1244 1267 1924 1852 479 653 13 1448 1131 1495 917 704 1134 1367 668 849 1652 180 75 1446 370 565 5 1509 904 1053 1274 97 89 1306 239 1315 340 429 1681 1184 959 
minDistance: 4.88246
cost: 244868
capacity: 199238
time: 34706
maxTime: 60000
LS1: 34578/35972
LS2: 587/1394
LS3: 0/0
shakeIters: 778
shakeLoops: 74
