4.30133:1221 4.30218:1391 4.45333:1727 4.45873:3445 4.56478:3837 4.60167:4060 4.60821:4992 4.62717:5098 4.66249:5469 4.70534:5729 4.71943:5787 4.79585:12280 4.79728:14126 4.84054:14234 4.86922:14528 4.87922:14829 4.8878:14944 4.8882:15620 4.92116:21762 4.92204:23794 4.93213:24493 4.93419:24558 4.94367:26872 4.95331:26952 4.95682:27901 4.95757:41457 4.96438:41745 
869 1913 456 1596 1788 862 548 100 1449 907 834 1509 421 1720 1560 262 1240 908 1485 1938 433 35 704 1438 801 1600 88 1067 1952 1705 1063 1123 829 370 1687 1796 626 1634 1283 279 983 1130 574 1861 236 985 1177 446 1647 207 1990 1369 1432 198 627 782 654 315 1048 437 1512 1229 1219 1739 429 203 1244 1573 192 772 1689 630 599 1453 1066 1552 1862 1681 1544 720 982 1437 1735 1612 1834 1783 1781 1403 1692 160 1983 657 980 1955 359 1603 206 579 1151 60 944 483 1466 1502 1878 1155 119 322 771 1059 445 1738 1367 924 1429 1874 1797 293 695 516 412 1008 128 668 1614 468 1914 1434 1966 509 89 1306 450 1200 1954 1657 1513 1073 1377 1717 1561 1581 276 1749 247 567 653 1100 1495 479 269 1250 154 669 1620 1225 559 1023 325 1019 1676 1691 1193 476 97 879 1255 1922 1154 1444 807 357 239 539 168 735 1746 1803 212 585 989 1291 1972 1455 1840 1465 1702 1032 364 884 1583 497 1329 715 254 1262 1364 534 941 641 1456 1195 1108 16 1379 475 565 1223 901 875 1994 1492 860 1274 727 1105 777 1216 1081 1203 874 227 1315 710 1169 1817 1092 1129 647 1839 1535 689 1119 1057 953 930 335 535 74 1124 1856 431 1405 895 1518 1239 917 582 838 1230 1450 642 1889 1053 821 1837 820 354 845 304 780 1912 1652 1423 
minDistance: 4.96438
cost: 245239
capacity: 199187
time: 41745
maxTime: 60000
LS1: 36451/37837
LS2: 551/1386
LS3: 0/0
shakeIters: 808
shakeLoops: 75
