4.39469:1383 4.45158:1664 4.45193:1756 4.48713:1836 4.65609:2638 4.65788:2907 4.66049:2967 4.71977:3497 4.74262:3925 4.76233:4071 4.79354:4128 4.80683:6125 4.81022:6911 4.82932:7023 4.85519:7212 4.87604:9716 4.87763:28274 4.87922:28329 4.8811:30942 4.88383:33020 4.88759:33879 4.8882:35056 4.89343:43142 4.90741:43986 4.90778:44042 4.91371:45659 4.91984:55100 
198 1888 1424 128 474 499 1968 484 829 596 924 1466 1304 1023 1486 1399 1453 670 997 1866 771 875 117 1105 1657 1262 1686 253 309 828 1727 389 1565 844 807 643 1624 1743 83 1573 798 907 917 1343 1011 236 626 1781 862 205 1924 923 1073 1652 1071 1975 1368 705 1637 510 1122 508 884 1662 1283 295 355 1427 1288 321 239 1019 820 277 1889 456 513 97 1935 1560 1203 642 492 476 358 770 468 859 1043 704 1289 539 722 193 1786 227 1306 433 123 944 720 318 252 1059 1194 5 941 1620 1951 641 1955 361 514 1255 1429 432 1614 1177 963 212 1250 1223 1446 1367 1746 210 629 1230 1697 155 62 450 1180 1996 585 1107 668 1381 869 1708 1437 1334 233 494 1789 1788 124 347 1222 726 1683 834 1834 1387 165 88 774 645 1443 1926 1432 1274 1029 1191 559 777 1856 214 1329 1409 1277 340 94 138 518 865 322 568 1516 729 1131 1450 443 1224 1015 1914 370 1814 1576 1359 293 1465 695 1840 1681 1053 1270 1634 1190 1195 1946 1063 112 1200 1316 119 1493 1003 847 528 15 647 727 998 1607 292 1542 173 60 503 1687 984 279 1796 207 1862 1600 1954 238 1225 80 801 1247 479 916 945 1985 1513 406 515 860 1454 1745 488 535 823 1124 918 1976 715 985 1371 1485 1280 1383 250 982 160 1330 653 1081 168 1761 382 1994 1240 303 1169 584 1211 
minDistance: 4.91984
cost: 242370
capacity: 199183
time: 55100
maxTime: 60000
LS1: 34879/36438
LS2: 830/1559
LS3: 0/0
shakeIters: 702
shakeLoops: 66
