4.3443:1462 4.41821:1752 4.55954:2174 4.61631:2266 4.64248:2350 4.65283:2656 4.65609:3550 4.66627:4312 4.67588:5349 4.68806:5736 4.70534:6188 4.71943:6332 4.72917:7408 4.7504:9076 4.81022:9588 4.8193:11513 4.85452:13718 4.85519:14690 4.88759:20743 4.8878:22060 4.8882:22182 4.89342:22747 4.89343:23062 4.89871:23997 4.92116:24432 4.93419:24598 4.9427:25485 4.94367:26186 4.9503:26421 4.95682:32888 4.95757:46612 4.9685:49235 4.97055:55130 
1928 1063 600 969 1019 227 1437 1739 1542 1983 1367 149 1735 987 486 985 901 807 1416 1562 771 653 1184 924 1572 1527 1938 1912 1446 628 450 1914 1274 579 879 1021 773 941 506 1922 599 89 953 475 527 206 153 1453 1262 1502 573 1788 907 304 1454 1429 160 806 976 1374 798 917 1997 1223 1391 808 1250 2 877 470 1053 198 1696 1219 534 668 5 325 722 1107 124 1014 1048 1288 214 433 974 1614 1172 262 1973 1277 503 959 1573 577 1676 1041 685 121 117 1193 1183 341 647 1590 1697 535 1721 239 552 1509 778 1056 1438 1535 192 1225 1180 254 695 727 1361 992 1124 1059 1489 401 862 1486 904 1444 429 829 559 1466 318 1610 224 1889 1271 642 1634 710 1229 1576 223 777 1554 1513 933 1017 1507 1786 1834 1565 1630 1717 1152 1996 1042 1862 1399 487 293 1291 81 1794 1239 1773 707 1023 1516 1081 1194 984 916 74 97 1423 1432 1240 875 1797 1255 1681 1738 1190 667 699 1270 860 185 1629 1990 1230 412 1861 1855 1874 1968 456 1746 234 370 1479 1783 1244 431 1072 1187 726 1221 1665 1283 176 1450 165 445 1100 1148 364 1057 247 421 1131 626 845 720 1434 1387 468 585 865 704 643 1910 1382 1334 780 1080 1379 683 1540 689 1439 303 1495 357 1449 584 411 1123 461 354 1002 641 1315 1195 279 236 
minDistance: 4.97055
cost: 246632
capacity: 199205
time: 55130
maxTime: 60000
LS1: 35805/37180
LS2: 505/1375
LS3: 0/0
shakeIters: 837
shakeLoops: 76
