4.13743:845 4.32644:1298 4.45158:1668 4.48713:1808 4.56478:2226 4.6061:2415 4.63076:2835 4.65788:2939 4.66627:3058 4.68806:3275 4.71113:4543 4.71943:4598 4.72824:5453 4.72917:5592 4.73964:5765 4.77547:5859 4.78536:5926 4.79203:7617 4.79354:7817 4.81022:15015 4.82114:15162 4.84399:17376 4.85519:19159 4.87604:20203 4.87763:20264 4.87922:20321 4.89342:20936 4.89617:23067 4.89871:23779 4.91371:23831 4.92204:26867 4.93419:26987 4.9503:31922 4.95331:56493 
1420 641 1837 1437 41 1225 1216 820 1788 751 1151 429 375 433 1513 1434 1248 100 1994 1003 212 198 1067 1954 849 939 1032 1222 1229 834 934 1368 689 643 1634 254 503 483 1681 439 464 46 1888 1124 119 149 1786 1828 1985 227 1717 1044 1914 780 80 1716 1410 1063 969 727 126 1577 907 1448 916 1386 829 568 317 1172 1971 1476 973 1315 807 748 353 942 777 729 1206 1926 1130 552 364 479 1193 808 860 1512 1698 1796 1749 1396 309 642 1219 123 1894 770 626 291 60 124 1594 801 1506 1429 381 1576 904 1223 475 1527 431 389 210 1059 1662 668 1383 1255 35 357 1177 1180 1746 370 917 128 456 1980 530 318 192 88 1023 421 631 1997 1990 1280 788 903 1816 1526 2 367 1427 1240 1056 707 1195 1399 688 1453 411 168 269 1459 1164 796 1277 1665 1647 1053 1371 704 901 1394 1446 340 252 1329 1735 1190 1687 1840 563 1328 1391 1626 1273 1432 1839 1874 1783 322 1579 982 1454 1509 358 1274 1040 535 1972 1855 293 117 1794 1973 1230 1194 828 140 1450 414 2000 1019 185 1466 450 1975 879 1100 1423 1138 1565 1081 838 315 1367 1552 1184 1247 355 1780 1614 1738 579 1631 1451 97 272 1856 1955 653 865 906 112 1637 1883 1834 218 296 517 1002 1288 1485 1797 1108 1703 845 23 1183 1727 779 647 862 
minDistance: 4.95331
cost: 246227
capacity: 199257
time: 56493
maxTime: 60000
LS1: 36759/38110
LS2: 452/1351
LS3: 0/0
shakeIters: 865
shakeLoops: 81
