4.30218:1056 4.3443:1235 4.45158:1611 4.47291:1723 4.59327:1987 4.60821:2691 4.62717:2820 4.69445:2980 4.70697:3046 4.75156:3220 4.75929:3337 4.79354:3419 4.79921:4190 4.81022:8881 4.83441:12619 4.84054:13368 4.85519:13491 4.87769:19238 4.88246:20286 4.8882:20547 4.89342:57155 
1637 801 215 340 954 1177 1003 684 772 884 1926 88 367 335 1461 1151 642 1735 1972 653 380 1820 710 1491 192 1451 1466 205 1612 838 1424 1486 1613 1432 1386 1971 815 722 551 116 214 1652 1631 1453 1788 389 291 112 907 875 1002 74 729 626 1706 1487 1994 539 1796 1576 695 1255 421 1653 1056 668 1193 707 227 1023 727 497 775 1073 1078 128 820 80 1437 1200 984 1381 358 1933 983 1697 1746 1429 1738 1248 596 1337 185 331 1438 450 1955 704 917 1781 503 916 238 792 847 574 718 341 1516 364 599 357 879 1513 317 681 689 657 1376 980 1283 1387 49 224 782 1803 459 702 124 1216 1681 425 322 779 683 484 1399 1331 1423 1797 13 1554 1856 97 1509 535 1446 527 1439 72 1566 4 355 1335 860 1124 234 1512 1783 738 1666 23 250 1565 1081 1629 1123 1315 354 715 1040 1053 829 873 1786 641 1448 1888 212 1067 514 901 726 670 1465 370 807 858 613 1162 1450 433 777 519 647 1705 1748 247 1594 780 2 1041 982 798 1383 1203 1761 563 834 1687 1692 50 1330 985 1922 1180 222 1634 1210 1789 1662 953 865 643 770 1834 126 89 1449 1623 975 1240 1463 35 808 1703 279 475 900 1646 1569 582 573 845 1043 165 1367 1410 293 1063 304 584 1391 1968 903 1647 1717 464 771 1172 468 1811 1914 1019 456 585 
minDistance: 4.89342
cost: 244727
capacity: 199179
time: 57155
maxTime: 60000
LS1: 35909/37198
LS2: 476/1289
LS3: 0/0
shakeIters: 792
shakeLoops: 76
