3.09992:1578 3.18969:2208 3.3058:2981 3.31303:3159 3.38271:3733 3.42712:4153 3.44293:4431 3.45612:4554 3.45865:5848 3.47089:6490 3.48737:7426 3.49446:9745 3.51367:10097 3.52413:11371 3.53446:11993 3.53868:12685 3.54267:13896 3.56261:17268 3.57514:24398 3.58537:24819 3.5958:24971 3.60021:27603 3.60697:30556 3.63163:30663 3.63616:30892 3.64216:31866 3.64638:39922 3.65964:42345 3.66391:42681 3.68048:43964 3.68607:54348 
1262 1865 573 1816 399 745 17 546 802 1492 1227 227 1358 1453 748 1114 1211 1680 57 33 529 593 1353 1091 250 742 1005 1947 723 625 947 1438 1234 1351 1365 1029 1043 849 918 176 574 358 1092 623 621 82 1053 1034 1357 117 498 1427 963 877 122 960 77 1786 69 178 689 1151 476 876 1975 1466 1248 1415 976 111 53 1834 1994 1668 85 1019 1552 1047 1368 1291 1002 1469 677 1652 544 1023 1692 1814 334 1917 1575 953 1828 485 709 285 1508 156 1933 128 243 1058 750 1545 1881 646 492 961 248 1936 1328 737 1194 1825 1182 184 222 951 1501 1922 540 1160 1674 303 1656 1571 1155 1376 1112 1015 1928 478 520 1530 1894 2 888 1794 379 502 236 262 1728 134 773 936 193 752 1802 1436 1749 68 74 1528 945 152 1372 1275 785 1440 1868 1980 1213 616 1752 1042 585 1777 1615 1142 1371 1589 1385 698 253 1631 414 1566 1943 199 406 367 1367 897 88 1305 1782 1796 861 160 756 1229 1972 1785 47 1195 1835 300 665 901 1688 1716 1399 58 1007 1403 86 749 1797 1954 1344 725 1031 1773 693 198 357 705 1273 1292 1074 775 395 1788 1078 172 684 829 467 1687 483 1221 446 20 985 669 715 926 1121 510 1250 685 1463 1697 1829 335 80 1833 375 576 23 119 129 1645 1892 1093 1783 835 982 798 924 1407 944 1536 1105 1437 1495 788 1298 1127 445 1143 146 601 896 313 1089 880 295 1428 534 828 1140 911 480 135 1811 935 630 283 504 42 421 1727 819 168 1891 192 1819 425 1623 1791 1384 1133 349 1875 503 136 1009 1352 506 1263 251 1458 1909 1059 868 322 1271 884 249 350 1360 1705 468 1507 1356 1556 1513 954 755 1908 1620 1762 1523 825 990 1534 297 1606 1509 214 1067 726 441 1714 43 1855 1664 206 1423 1702 1380 491 1810 1226 272 309 1986 979 1849 500 410 304 1971 450 1756 1032 931 973 1446 1028 1459 1404 1304 1330 1720 1614 1912 1167 704 112 970 1537 759 987 1225 211 1561 1625 875 1539 1659 318 628 115 50 234 1164 872 886 1768 1247 218 126 1952 1565 916 594 949 565 423 983 967 1086 1622 1420 762 
minDistance: 3.68607
cost: 369259
capacity: 298902
time: 54348
maxTime: 60000
LS1: 22037/23002
LS2: 436/965
LS3: 0/0
shakeIters: 498
shakeLoops: 42
