3.11722:1723 3.19121:2231 3.2318:2530 3.27936:3267 3.3058:3493 3.48737:4680 3.49446:4763 3.50195:4892 3.50876:5172 3.52189:5572 3.52277:5780 3.52346:7762 3.52957:7873 3.54267:8761 3.56261:11494 3.60021:14700 3.61187:15022 3.62645:21687 3.62994:21924 3.63182:23028 3.63616:26742 3.63828:27125 3.64638:28334 3.65246:29651 3.65381:30773 3.65809:41907 3.65964:46291 3.66045:47305 3.66391:47380 
1862 1031 1274 888 1336 911 808 227 1273 1762 115 1105 110 756 1053 1455 1446 1291 1972 1791 1187 211 759 1155 1164 309 835 1005 198 1988 865 1606 1350 621 1797 1707 522 953 632 1674 1082 1420 248 1360 991 1372 1566 1968 480 742 715 1410 421 300 1119 414 2 1084 963 540 1358 1329 1154 829 1709 1177 1151 1240 1720 304 814 303 222 175 884 1081 1820 1296 116 66 828 244 236 574 1365 1528 802 1652 1262 1263 204 35 1217 1783 973 1487 178 1986 822 33 1863 1687 1473 1946 1042 467 1160 1842 987 872 1342 1131 1864 1178 840 807 573 450 441 510 43 1192 46 1059 1875 20 1211 234 1397 1579 425 982 1194 1305 1140 1229 1717 1552 1008 1615 1911 111 1539 1782 1182 1874 1645 88 755 335 266 1367 156 1351 406 544 1937 94 593 1453 725 74 900 1028 1456 1508 1938 1756 891 272 1980 916 1613 1834 1872 1459 723 47 23 806 1017 1915 1250 745 1330 695 1341 1824 460 860 1385 1952 944 772 1501 375 785 1190 193 519 285 1702 350 954 1144 1380 947 459 476 672 1428 698 1814 589 1056 926 1221 1450 1244 1476 146 1631 1304 72 777 880 718 768 535 1092 506 1545 168 52 251 1306 1768 1833 173 704 206 1415 1195 1032 585 896 1384 1537 1142 1716 410 83 1917 1513 1623 1072 1590 1007 1019 1226 665 152 1114 1610 1939 161 57 1038 1168 141 1074 825 1356 1089 383 800 1404 192 1719 68 492 1796 214 19 445 849 1034 1565 318 253 1344 1620 514 468 1482 1947 847 1561 322 1556 1802 577 184 1705 314 1742 918 1614 612 1761 1002 861 1087 80 297 1371 446 50 1203 1752 1043 773 1682 1855 1892 1110 1629 313 223 1933 1436 749 1822 1451 262 1364 520 1868 616 1437 1794 653 996 1275 1423 470 1468 1894 1647 1847 136 1810 78 594 1309 1803 737 160 990 117 263 788 82 1469 122 395 1587 103 1495 1328 503 1216 1521 708 69 1121 483 1746 709 286 1255 1163 1700 42 1692 1333 478 1727 85 1865 1196 689 1943 949 1213 1407 684 1368 426 1427 1786 901 886 705 775 781 1680 974 985 1256 685 1370 1589 1234 960 
minDistance: 3.66391
cost: 361912
capacity: 298739
time: 47380
maxTime: 60000
LS1: 21160/22080
LS2: 404/920
LS3: 0/0
shakeIters: 487
shakeLoops: 44
