3.21304:1829 3.21798:2064 3.26207:2418 3.30064:2826 3.48106:3754 3.49446:3905 3.50316:9639 3.50876:13760 3.52957:17679 3.53446:18166 3.54224:18576 3.55849:18712 3.55949:24112 3.56274:24317 3.58283:24775 3.59232:26314 3.59451:26389 3.60021:32198 3.61114:35726 3.61187:35812 3.62994:36038 3.63182:38283 3.63616:38401 3.63828:39739 3.6398:44447 3.64421:46166 3.64638:46520 3.65693:47827 
470 1415 1248 984 111 86 459 915 1160 617 303 1872 1803 502 974 1211 684 1979 1647 248 992 318 316 304 283 918 924 1875 432 1170 1501 300 689 60 94 1666 872 1656 1680 508 1645 1745 110 1495 1771 445 615 1625 1552 964 137 881 1513 1478 1822 1529 1127 1863 1541 173 481 1987 662 897 1829 1777 1410 850 1143 1042 593 1250 1702 1385 1306 675 227 296 1782 1199 817 1023 591 133 886 829 1968 1438 1631 1839 74 1073 1446 1357 640 1561 756 266 1620 802 976 916 492 799 1788 468 161 1901 1629 1623 1221 1688 1507 1834 1271 1133 17 242 441 168 1539 1264 191 775 1833 1720 1453 212 1102 734 1274 88 1985 768 1951 1674 395 990 233 1190 1380 1427 1015 1216 319 1431 1263 1436 42 414 1283 1244 1675 1059 540 944 1194 709 1071 1192 425 926 1896 1554 1773 987 1002 1445 1643 193 83 115 1208 1034 1423 772 1155 156 646 1797 1182 1892 1756 271 1801 1933 144 1368 1836 806 350 1019 421 1255 374 1328 1868 735 1166 1521 244 745 1105 1589 1952 1710 375 1917 1122 1508 535 904 1692 1575 601 849 339 798 1265 704 952 1330 1164 1986 500 1028 562 1393 1856 160 519 1203 1894 1365 1009 789 726 82 1840 1479 623 1226 654 1744 874 1754 795 1356 953 705 277 911 46 33 1565 1420 1440 1999 1273 973 384 1966 947 836 1031 457 1275 742 1227 491 178 1027 262 114 1816 1032 1874 727 117 1762 357 1606 309 1907 73 1908 1110 1004 192 1344 1687 297 1350 1502 864 478 844 755 1130 2 1468 1372 485 1820 514 1043 859 66 1634 504 506 693 546 534 1768 1121 476 788 833 313 322 1094 1527 446 1225 1655 1069 1351 236 1664 559 1304 199 585 1794 211 1428 1652 1814 253 19 234 116 1996 1437 1705 1381 834 1785 1653 1305 748 13 1915 1980 822 265 1783 69 723 575 456 1706 1229 1972 1528 1403 475 295 450 621 1865 198 47 1173 204 510 1277 1144 1492 1084 1731 129 57 176 983 765 715 1092 1412 949 1819 658 367 272 1391 776 778 982 1180 1404 1176 223 1371 23 785 630 1114 77 1900 1247 251 285 1711 1614 410 1954 652 
minDistance: 3.65693
cost: 362889
capacity: 298788
time: 47827
maxTime: 60000
LS1: 21542/22473
LS2: 428/931
LS3: 0/0
shakeIters: 475
shakeLoops: 44
