3.2542:2359 3.33431:3194 3.33929:3300 3.36901:3911 3.43619:4672 3.47089:5156 3.48737:5239 3.52413:5587 3.52957:5916 3.53446:7846 3.53792:7957 3.54224:9679 3.56019:10150 3.56261:10355 3.57514:10643 3.58283:11039 3.5958:11144 3.60021:16502 3.62352:16739 3.63616:27131 3.6398:31482 3.64638:33649 3.65269:37675 
755 1473 470 1590 1240 1422 1428 1309 69 825 964 739 1182 1980 1745 1028 156 734 1675 693 88 1630 1344 1456 1479 1508 421 938 947 1783 178 1226 198 1221 1810 446 723 1298 1777 987 192 406 1192 540 1446 1414 476 115 1273 1843 1586 789 1227 918 289 1556 432 1782 1248 1162 399 735 1875 193 129 480 785 1074 173 548 1275 1357 425 309 901 218 1521 1190 1451 773 985 1566 834 478 1986 884 418 1087 1073 715 160 1825 358 1147 1160 1436 1615 1024 1943 1214 520 375 718 798 630 1870 806 1719 80 161 1213 974 502 1495 1785 1119 510 60 374 1027 1229 58 450 902 1939 1868 1668 573 829 1187 896 227 211 136 1527 312 1023 799 19 953 561 944 1412 1631 992 410 458 593 1297 1917 991 1833 234 1291 285 828 1814 1305 223 752 119 78 492 1304 300 1353 1985 1367 1059 251 360 1429 1114 695 1797 585 1459 176 1211 1709 185 1933 184 1181 504 468 1645 586 539 1363 303 1155 592 1643 206 704 745 1847 775 568 1262 236 1372 1720 623 1905 1579 1250 1151 1835 1575 1328 1043 842 1199 1936 1420 1445 1164 1404 1350 1561 788 1032 117 615 1384 1789 1528 1894 1072 1803 2 1351 441 780 1124 1513 1034 262 1019 1453 1759 1584 1892 677 1796 146 1208 1768 1058 1993 654 849 529 204 768 272 1492 1356 1664 1195 1687 94 491 243 800 1166 1761 70 74 1541 1042 506 126 1106 1972 1092 1486 116 1407 1410 137 748 973 1329 1071 1705 33 1007 1946 778 1423 1539 1084 765 313 134 1330 100 1680 1536 1938 875 684 1283 1614 1819 1811 231 283 1702 924 1415 1661 1360 1315 503 705 900 1487 427 795 1915 1552 1256 1865 199 1194 1341 445 169 397 395 90 1501 1263 1874 1017 423 1385 1773 1097 722 777 1105 266 1662 35 46 1565 1425 708 689 1692 1674 961 1883 13 110 1872 886 1606 1437 1762 1247 1794 1180 1896 68 488 1040 1173 253 322 982 1881 879 519 1121 1359 335 1306 990 483 1271 1380 1711 73 1727 916 1756 1654 1625 1203 1583 1427 872 1889 244 82 1855 1165 954 168 1537 742 1994 318 1002 802 850 1154 1015 772 
minDistance: 3.65269
cost: 369021
capacity: 298790
time: 37675
maxTime: 60000
LS1: 22138/23113
LS2: 434/975
LS3: 0/0
shakeIters: 518
shakeLoops: 48
