3.41462:2919 3.43619:4702 3.45865:5863 3.48737:6212 3.49398:8777 3.50316:9270 3.50876:10044 3.52197:10345 3.52413:12137 3.52957:12364 3.53329:13549 3.53336:13684 3.53792:15142 3.55849:18334 3.55949:18636 3.56261:19207 3.56274:23834 3.57514:23929 3.61187:25167 3.61795:25666 3.61863:29632 3.62645:29756 3.62994:29833 3.63163:32014 3.63616:37240 3.64638:38541 3.65744:39685 3.65964:42798 3.66833:44770 
1031 861 1256 384 298 470 712 1414 73 708 1446 1508 1924 1436 916 1119 920 178 1344 20 723 1996 450 103 397 1702 689 1370 1024 561 349 271 1058 1994 478 1499 112 506 961 1002 623 374 406 1629 483 1164 172 1162 924 68 251 541 944 234 1304 1886 1247 2 755 1456 1407 1955 798 1059 1762 272 1305 574 285 1221 1053 1786 457 360 1330 1731 1610 1271 1357 789 60 1993 375 705 179 268 110 262 726 630 116 895 881 1376 1672 1110 522 1416 335 1742 1820 1140 134 1544 286 199 86 74 1643 1785 1143 1028 681 709 1825 504 69 42 1789 684 128 1908 1167 1870 1182 918 585 354 1032 775 439 583 1614 1415 1263 266 367 168 45 1904 520 576 70 1048 1868 414 300 1187 990 1857 1239 1951 119 1190 1756 1912 1539 236 1598 953 571 1782 1034 1833 1168 78 1492 1151 1250 1089 185 1298 1394 77 1768 418 1816 1746 529 1552 1803 53 499 192 166 218 1015 947 926 1637 1293 1351 114 1494 742 1423 509 963 1668 1719 1087 1819 184 1084 1420 949 807 358 85 704 612 987 1403 1130 1240 982 175 491 492 1073 1980 421 1469 1393 1847 429 1473 1468 1773 1367 1226 1155 900 1796 497 1422 1783 1709 1972 47 1507 1707 933 1402 888 1273 253 1234 1593 206 842 596 1662 802 1675 379 1091 1705 1459 129 1943 1165 17 1645 1428 738 1114 227 207 686 1306 1654 1682 1604 211 393 1384 446 1836 1513 762 1565 204 800 35 1545 1092 617 886 1664 1687 46 1350 1395 519 1364 1674 1105 1225 410 748 1561 1380 514 752 1851 1495 1490 313 1042 1777 829 593 1794 445 1752 1892 1865 1817 126 806 198 156 160 525 1657 214 1928 117 1213 1208 1093 1455 1661 1121 759 83 1810 874 1074 1194 187 441 1437 1612 176 301 33 1214 1358 66 737 1566 749 1874 1479 1872 1929 1748 1954 1636 283 1797 1356 1429 440 819 1184 828 565 399 1083 173 1043 1814 395 1493 1427 645 973 1404 1569 1041 938 1896 1616 785 19 1692 1575 1275 371 82 867 1584 885 1453 573 1412 222 1019 49 1844 849 1933 1894 265 773 643 1680 146 1425 303 685 1385 322 408 1359 425 1160 1855 
minDistance: 3.66833
cost: 362017
capacity: 298763
time: 44770
maxTime: 60000
LS1: 21174/22093
LS2: 404/919
LS3: 0/0
shakeIters: 486
shakeLoops: 42
