3.11722:1541 3.18969:1822 3.37561:2965 3.40313:3335 3.45988:3784 3.48737:4320 3.49446:6097 3.51177:7947 3.51649:8562 3.55849:9081 3.55884:12025 3.56469:12194 3.63163:12828 3.63616:13162 3.63828:15919 3.64216:25941 3.64408:37567 3.6448:37820 3.64638:40724 3.65706:40831 3.65809:42332 3.65964:42789 3.66371:47095 3.66391:47174 3.67466:50620 3.68048:57761 
1623 500 1107 1513 111 1508 900 1692 1192 429 987 194 470 1344 1845 1495 1918 176 926 1662 1368 1829 593 33 1598 1923 156 745 1783 1980 1042 621 440 1655 1041 828 397 117 1371 695 1615 1836 715 1786 1298 923 601 78 1227 990 1263 1328 122 297 1356 1092 1828 739 184 11 1955 1843 206 123 19 1833 1372 1492 49 1073 961 1121 798 895 822 788 920 303 1360 977 199 300 1239 1164 414 1423 1717 759 1689 1782 1987 1468 1761 1091 322 1009 1709 211 1606 20 243 497 930 383 1262 1989 1078 227 212 646 425 1127 83 1889 1393 1756 1053 1674 665 1801 2 210 579 1629 1892 510 1454 421 1746 1493 881 1143 229 57 1710 1420 1144 1034 1909 1213 214 1994 953 23 207 1385 519 1528 1274 1415 654 1445 918 90 1446 785 1922 1221 1182 1304 829 1365 1155 374 991 1208 1768 1835 1256 1019 1947 1226 931 1154 262 933 250 1023 1874 1448 1943 705 712 777 1847 1087 491 236 1819 222 1210 737 1796 1002 1697 1816 1427 1645 1428 585 704 426 80 161 901 378 1928 69 1305 1720 888 1972 623 1797 1566 1114 1357 982 944 1173 192 253 690 1461 309 1015 960 1466 70 1211 88 1933 534 753 1714 1754 1194 234 1986 1498 1264 1790 1363 381 806 283 776 1771 1575 1780 1539 1083 1530 1380 572 756 630 684 112 172 159 110 1625 506 458 1643 1315 954 1116 193 725 1277 272 947 450 28 1437 789 1119 1545 251 802 540 1863 1367 723 1074 483 1814 1687 974 1658 565 773 885 35 1407 492 319 916 1702 318 886 1949 750 1929 1216 441 1762 1802 1971 1358 1547 1160 85 298 576 1310 301 626 985 1005 1968 1291 1250 800 146 485 1521 1007 179 1565 689 1534 1140 445 1273 1894 1785 848 1589 976 1376 60 1105 748 115 1652 129 1031 1200 1293 187 1901 924 406 546 198 1561 1153 335 775 1196 1353 1242 1043 698 1330 1438 1110 1868 727 1552 1028 446 1777 1794 265 1465 1839 1309 693 884 1436 119 367 1537 817 1523 1186 1479 136 935 1225 1705 504 224 964 423 266 46 1350 663 232 755 1616 762 478 375 742 709 432 1032 451 204 82 202 395 1647 165 1459 
minDistance: 3.68048
cost: 368511
capacity: 298805
time: 57761
maxTime: 60000
LS1: 20088/21025
LS2: 469/937
LS3: 0/0
shakeIters: 442
shakeLoops: 40
