3.17829:1878 3.19121:2033 3.21798:2378 3.22699:2658 3.33424:3267 3.41163:3798 3.45988:4368 3.48737:4532 3.50316:5620 3.51367:6523 3.53544:6726 3.54079:8312 3.54267:16958 3.55849:18740 3.56005:22321 3.57514:24971 3.57902:25140 3.58803:26219 3.59232:28307 3.59451:28668 3.5958:28753 3.59745:30355 3.60199:30532 3.63163:30960 3.63182:35132 3.63616:35501 3.63828:36789 3.64251:36881 3.64638:43352 3.65381:47566 3.65964:48996 3.66391:50556 3.67466:53524 3.67585:55964 
1407 506 1380 322 752 1523 684 1643 156 601 1002 1277 1436 789 559 222 900 233 530 1641 128 1545 68 1381 1155 665 615 1087 630 80 1459 399 110 529 119 1951 509 872 1415 705 775 1451 652 806 492 1839 1042 313 1423 1093 1501 689 808 672 253 1756 1631 1234 1164 1868 694 755 938 926 579 507 646 202 1059 115 393 616 1708 834 1275 1508 1188 1738 1924 828 504 1915 1111 759 218 1819 727 1894 690 414 1629 339 1610 963 17 249 1797 756 437 485 122 60 888 1368 1422 192 1306 947 247 77 1250 617 366 982 234 83 84 1952 303 1182 794 1356 1968 69 476 1032 1596 1437 1707 621 1048 1606 880 1552 1883 1263 1365 176 1710 457 1781 1466 709 446 1074 1980 28 82 867 585 85 262 244 886 1367 593 1604 1192 33 1697 1828 384 726 74 1908 1569 1384 1190 728 1019 1009 1972 1994 379 748 916 1304 1210 441 1748 1589 206 1140 987 1293 502 1922 1623 421 1463 1069 500 1105 178 1843 319 1461 236 1404 802 1114 1785 1351 520 992 42 1654 445 1862 1067 976 46 1711 525 70 1127 1465 198 1794 357 1954 1226 1917 1674 1720 335 1142 1879 1985 1247 953 199 1143 1458 94 204 1834 1091 412 1664 1946 1121 389 350 850 891 1614 1988 1814 1783 1371 1889 1825 1195 1031 1528 996 1298 1453 250 1283 1262 134 1084 1151 544 184 944 837 175 1194 765 1575 1566 1881 1446 1762 1438 979 1579 1513 501 1829 768 285 1420 468 734 475 1726 745 1385 1203 1172 88 459 478 1653 187 795 918 266 211 1625 283 1947 73 1499 1556 993 312 640 1225 298 78 1955 1875 168 1256 773 1330 397 1659 643 716 20 1705 306 1053 243 1391 1901 1612 1666 152 1893 1892 715 1058 901 272 160 1541 1350 1759 1092 1777 742 1364 1427 1768 1357 129 1369 1802 1833 572 1248 1034 896 146 1815 1773 1997 1680 117 1957 589 1370 300 1928 964 318 1592 432 1655 677 631 704 904 514 1702 1668 1676 1971 425 1305 785 410 884 375 935 470 53 973 1221 1754 1445 990 1645 1492 57 1565 1229 450 1686 49 991 1429 1986 1110 367 1665 395 406 800 185 1402 1455 1943 456 
minDistance: 3.67585
cost: 363179
capacity: 298769
time: 55964
maxTime: 60000
LS1: 20447/21368
LS2: 421/921
LS3: 0/0
shakeIters: 466
shakeLoops: 40
