3.16302:1930 3.40313:3539 3.41578:4615 3.44312:5234 3.45988:5453 3.50316:5883 3.50876:8974 3.52189:9224 3.52277:9627 3.54267:10018 3.56019:14001 3.56274:14907 3.59451:15105 3.5958:15201 3.60021:15283 3.61114:17218 3.61187:17312 3.63616:20381 3.64638:21901 3.65269:22235 3.65379:30387 3.65381:34011 3.65823:43760 3.65911:44079 3.65964:50449 
1234 1647 776 749 1847 944 1875 1229 270 742 318 709 1796 695 1794 1367 1773 953 199 222 383 1791 112 1437 1207 129 625 1828 1833 541 1133 227 27 905 1631 1629 1357 322 1182 982 698 335 1980 1335 309 1031 1571 1256 146 1919 1023 1461 236 47 540 1527 1943 1785 775 1225 1545 342 1415 1530 2000 1151 406 1248 861 110 266 77 1015 785 1181 1315 1199 802 1864 421 834 1620 575 976 119 1720 470 233 800 1692 115 1420 788 1216 1810 935 1213 1674 312 960 1702 395 1097 789 539 1683 1002 1092 1952 357 82 677 1059 835 1894 1459 933 1037 1274 1074 206 734 1291 1364 1032 1283 765 1350 1087 198 1552 441 643 425 1714 1190 1110 726 1756 1680 458 1353 298 1356 451 288 755 926 1933 886 367 1985 1910 492 974 117 799 979 1237 1745 534 1403 300 1436 616 1566 1972 1839 773 500 1427 1304 808 1705 211 262 1539 1226 1645 589 1556 646 1105 828 1612 1822 84 20 640 665 1653 1819 1610 1028 251 1503 74 1832 1423 1058 990 1140 341 351 1384 1625 1380 42 1263 1365 1142 46 1368 1768 916 1872 931 596 704 349 234 1160 1968 829 1508 78 316 83 1954 204 888 2 1709 468 272 491 1708 156 60 573 1579 1371 949 1414 1575 1456 1344 1937 1777 1019 1561 936 1298 1994 735 1273 1922 85 1947 1219 806 1422 1446 1114 1473 1306 1194 173 1438 333 1275 1121 1053 144 1584 1481 410 1463 1164 152 1259 23 510 756 506 88 1668 1453 475 202 1883 884 285 1067 502 446 69 1165 1330 1034 1951 1144 1428 1305 483 947 745 1180 1614 53 991 630 397 1495 1666 718 478 623 1155 223 1717 1917 1829 705 253 160 1560 973 544 474 572 1360 1797 514 1761 1402 1084 1120 1606 1782 161 1091 295 1565 80 1901 823 1309 1048 1227 1855 1195 1762 418 1892 901 1328 1870 663 504 1955 1492 1192 114 881 563 849 1442 689 1205 896 122 1528 1655 297 1431 243 1239 1149 1752 176 1187 358 1188 1656 1250 593 1754 1007 1376 185 1727 877 748 1615 1953 565 1221 423 728 1939 1416 1407 885 1816 303 715 1623 1783 723 762 1521 1986 1711 33 192 1513 168 72 412 375 
minDistance: 3.65964
cost: 368952
capacity: 298737
time: 50449
maxTime: 60000
LS1: 20949/21884
LS2: 458/935
LS3: 0/0
shakeIters: 452
shakeLoops: 40
