3.25292:2288 3.27936:2542 3.28394:2641 3.35284:3135 3.44461:3954 3.45612:4157 3.46566:5310 3.46704:5391 3.48737:6324 3.5307:8211 3.53544:8624 3.53868:10009 3.54224:10236 3.54267:12300 3.55849:12668 3.56261:14497 3.56274:17529 3.5958:19141 3.63163:19663 3.63616:19852 3.64638:22348 3.65269:23939 3.65809:25065 3.65964:27603 3.66065:27761 3.66371:30838 3.66391:40245 3.67943:49723 3.68607:51931 
178 520 1777 504 1061 1707 1625 1446 916 1689 1492 985 1142 1305 1187 632 1210 752 1404 456 1428 1395 1683 1487 110 1839 1797 69 206 1420 1078 842 204 502 1264 693 1179 1827 1751 478 117 858 1011 1368 354 532 585 514 808 830 1914 1631 1896 949 1659 1773 1263 82 1007 46 1391 920 973 1894 596 1761 1274 1565 993 176 785 1652 1423 1091 1315 748 347 156 1053 84 773 333 1545 918 297 1997 1575 1968 742 1539 1291 1247 800 1367 1630 445 1785 926 351 944 745 828 1028 1203 1745 904 374 103 1032 13 1705 298 987 884 1685 1471 1427 393 1814 83 1437 1298 119 1832 483 614 806 254 1283 1606 441 261 1825 366 1107 1645 1182 1710 1737 1716 734 179 1892 1200 33 1790 250 1128 1828 1579 236 1564 1544 1783 266 1164 1768 1865 1436 1754 1843 880 1742 1371 60 947 1256 1221 233 475 600 1787 1732 115 120 1330 896 698 1237 322 1304 303 320 410 616 506 1364 1208 1273 42 961 1922 1385 513 1629 1794 685 1875 1928 712 1140 705 144 561 1952 715 381 360 1495 1125 1947 1425 1726 1451 1801 1121 1110 1176 788 262 23 491 802 789 1191 1380 47 244 1901 1909 1002 1702 111 727 1155 1431 1513 340 1501 318 68 1936 865 1762 1623 1195 173 1508 854 1160 1459 339 122 379 1822 367 891 1356 1943 108 222 383 861 1360 313 1680 654 1951 725 1620 1499 1937 175 694 510 193 414 1310 1523 1834 665 1656 686 559 1353 199 2 834 963 357 350 1552 1239 775 1758 416 1067 1756 1031 1731 211 300 1351 1479 630 1994 219 1226 1181 1468 1326 573 172 1955 283 720 160 1614 838 251 709 1344 375 1143 881 1854 1720 1863 1073 524 1144 1666 88 485 133 259 253 974 1746 1972 395 309 492 43 1540 1647 192 1275 503 1782 1105 1980 1133 695 1589 917 879 19 335 129 848 1561 146 1059 73 234 576 1819 690 1413 1985 886 1025 726 198 643 421 1328 1810 689 1092 450 1908 1566 74 276 1269 1655 1874 931 1114 1019 270 1933 500 1509 1084 86 1541 169 1473 1986 829 218 1829 349 976 1250 1357 1415 1192 1528 1087 28 397 755 1177 112 593 1698 78 66 
minDistance: 3.68607
cost: 366011
capacity: 298895
time: 51931
maxTime: 60000
LS1: 20356/21286
LS2: 452/930
LS3: 0/0
shakeIters: 449
shakeLoops: 40
