3.33929:2846 3.35284:3230 3.37412:4492 3.40305:4861 3.43619:5235 3.44874:7103 3.4741:7472 3.48737:7727 3.50876:8701 3.51478:8870 3.52413:9161 3.53336:9534 3.53792:11866 3.58283:12189 3.59745:12395 3.61187:12660 3.63182:12900 3.63616:13280 3.64251:13552 3.64638:16360 3.65379:20280 3.65381:20667 3.65706:21940 3.65809:23242 3.65964:26815 3.66391:27015 3.68048:32098 3.68607:34262 3.68941:35662 3.69101:35865 3.69232:36251 3.69309:37431 3.69557:37523 3.70686:53619 3.70953:53886 3.71504:56997 
1170 429 1556 187 1768 70 1143 476 1754 446 251 546 1816 737 1053 993 1664 1422 397 500 141 1164 222 1686 985 723 250 1565 806 961 234 854 1133 1513 1428 19 1306 976 623 498 1092 944 160 1756 1610 802 775 170 596 110 1372 1789 1453 1448 1654 218 1273 886 1121 506 406 1427 410 745 1629 1662 1105 1140 509 112 1257 1530 798 1028 953 842 755 593 1410 825 304 749 1797 1091 83 1606 1458 458 1034 1561 1820 1972 1256 1415 57 316 1005 1631 497 1702 1692 1647 88 1844 1822 1865 933 451 527 20 1782 1190 1833 423 704 485 248 309 499 1528 1720 354 375 1275 1604 987 192 367 1794 1996 822 916 247 350 236 1478 1810 1015 1110 1552 78 1437 33 1250 1309 128 1420 272 829 445 199 501 1493 1459 931 1304 1404 1315 193 1943 1043 1019 146 285 94 1643 1479 872 1625 888 1777 1817 414 1221 271 1351 1380 395 838 1203 947 1814 772 1893 1129 828 1269 1371 1892 17 800 266 13 1843 249 1773 1716 1234 1082 1097 1296 1752 1093 621 322 243 300 1059 1229 756 927 1207 1032 991 1248 1039 1225 178 1469 992 1579 1675 1264 1656 1274 1968 573 1356 335 1784 1187 896 262 1184 1575 42 1929 646 279 441 1680 214 468 253 1359 857 1994 1863 1211 1368 514 283 1645 69 1917 1360 1829 881 1717 85 517 1192 323 709 1508 808 1344 114 212 1071 82 1087 726 973 1173 1933 303 23 1042 1705 752 1364 884 1659 1951 1127 1291 129 492 73 773 1539 1384 1727 1210 1155 885 1562 115 748 1330 1819 519 1114 1084 1986 491 1742 1407 1073 478 917 53 461 450 1796 1710 2 301 357 1537 319 776 1954 60 1393 1147 1875 184 1367 313 440 1536 1365 1545 1358 982 1836 425 849 312 1762 1825 1584 1783 1495 176 74 143 117 211 1566 1589 421 847 742 1828 204 1263 1255 1955 665 967 1002 269 156 540 1007 341 292 782 788 705 1385 689 168 990 1731 470 198 1947 173 1666 1353 534 481 949 727 1446 1901 318 1213 1423 1199 1655 1834 1492 789 103 1244 1179 1786 1872 1226 762 68 1839 1674 1468 47 1182 1614 
minDistance: 3.71504
cost: 366732
capacity: 298835
time: 56997
maxTime: 60000
LS1: 19860/20772
LS2: 407/912
LS3: 0/0
shakeIters: 469
shakeLoops: 41
