3.27943:2661 3.29554:2880 3.36901:3482 3.39062:3822 3.41139:4308 3.42105:4650 3.45612:5061 3.48737:5558 3.49398:5812 3.50446:6820 3.53792:7270 3.54224:7862 3.54267:8320 3.59451:8804 3.5958:10364 3.59745:14609 3.60372:18197 3.62252:26084 3.63163:29792 3.63828:30005 
1356 1194 1019 1847 924 1797 1227 20 1717 85 1606 949 1929 1711 1393 1493 1042 219 451 300 507 503 115 1423 206 366 794 1528 1427 214 585 2 1939 1315 339 426 944 540 1501 1415 1907 1168 1545 1481 1710 947 1946 425 375 845 1536 1155 1492 961 1084 1097 605 1353 1643 1943 1652 492 218 1144 156 414 709 424 1032 586 1425 234 1448 1542 1244 485 1123 254 1892 117 266 522 33 1453 1163 663 1604 1043 160 1059 1237 450 1173 1752 884 1968 1154 1469 1994 500 1716 576 1820 184 669 1298 876 88 1058 349 1595 1031 1819 1641 1768 1566 315 297 577 1367 82 1473 1086 1933 478 357 506 1120 1384 481 1263 1451 81 1575 842 112 211 886 1675 1271 1380 253 546 1428 1589 973 765 1955 23 1463 1900 1376 116 1952 1316 1275 491 1152 1102 931 1160 146 1344 1817 1182 251 1782 1007 358 1894 446 1360 410 47 322 1190 1533 144 689 204 573 53 1395 785 1971 1371 1034 916 1078 1964 222 1140 135 990 1565 1527 13 1229 198 28 1192 1091 775 1239 1114 143 579 468 1333 544 483 371 1205 1791 367 1909 1073 303 1702 136 205 207 1544 1508 704 1645 823 1829 1391 1219 1616 285 124 1149 951 918 1756 742 1390 1309 828 397 83 1234 1773 114 17 1561 250 1199 987 1028 418 199 1365 423 1517 86 712 817 1556 926 1584 525 299 1509 1121 1350 715 1422 1796 236 1707 1991 73 66 1030 1521 1714 788 901 227 1250 748 1833 1035 1530 1358 974 271 1986 1742 1446 1936 1115 705 441 1158 72 1783 1552 1385 406 1692 1668 1354 74 630 1304 582 1420 693 1954 1745 15 1468 1407 963 192 853 1655 1372 1868 1620 1579 519 699 399 1539 1623 1728 1273 1002 1988 179 272 57 1631 1970 1762 421 128 1634 1436 1110 559 475 1883 1731 1479 350 1656 1412 1786 801 1112 612 1164 1814 953 395 223 508 1023 819 1005 781 745 1614 1688 42 232 870 1997 1130 1248 657 193 1151 552 1357 1330 1771 1069 1629 1839 646 1665 1053 351 802 46 318 891 1700 1832 1865 904 985 617 420 168 1230 759 283 265 935 686 1305 1647 1674 19 1513 1810 684 383 262 737 170 187 698 1683 1490 1987 755 1221 749 1216 309 1785 
minDistance: 3.63828
cost: 365692
capacity: 298738
time: 30005
maxTime: 60000
LS1: 18645/19507
LS2: 435/862
LS3: 0/0
shakeIters: 407
shakeLoops: 36
