3.18969:2022 3.29554:2592 3.43619:3536 3.43808:3674 3.50876:4411 3.51649:5908 3.53329:7279 3.53544:7687 3.55949:8451 3.56261:8568 3.56469:9524 3.62352:11696 3.63828:13248 3.64638:17453 3.65693:17723 3.65809:22121 3.66391:22615 3.67339:22903 3.67466:23304 3.67585:36113 3.68048:41440 3.68191:48568 
421 1309 1304 854 1023 881 883 1143 1227 1072 74 777 1702 800 961 875 1972 285 296 1250 990 996 133 1234 86 1032 1002 1415 383 1915 441 1437 519 1908 1700 705 319 492 673 117 900 1584 845 366 1704 375 842 864 1737 334 755 187 1094 172 1643 973 1708 1458 621 911 1509 1705 1756 1275 1782 1029 204 500 601 1368 574 785 253 143 211 309 1360 1407 1814 1762 1561 485 1581 704 445 504 540 1791 1819 1160 503 1716 1216 28 1239 233 1376 1144 468 146 251 600 234 1955 615 283 1021 637 1297 1501 1829 1796 115 1606 19 1645 773 491 1269 110 1358 1777 236 450 1768 1816 987 838 1127 483 1015 82 1566 1084 1087 1078 1933 1986 1007 1186 410 1446 880 920 1264 1909 1010 1477 218 243 1385 459 1783 1071 1305 1675 33 1836 1623 727 1028 514 963 1459 829 1759 1436 1892 1179 1579 1889 222 214 136 675 281 46 834 1423 2 1917 1226 1492 1457 1182 1324 831 1330 1367 1820 173 510 944 335 982 1256 745 1422 1019 772 689 1391 974 756 478 1427 57 1833 35 1980 1865 1110 742 1524 199 184 1244 543 1455 715 367 320 1255 262 429 1731 60 1092 134 427 1894 88 1988 1091 1428 178 1495 947 1870 23 806 318 822 1513 1155 693 698 1499 828 685 159 506 1083 160 169 1874 128 1210 1357 544 1875 726 630 1365 408 1073 1221 1247 414 1371 1928 762 303 1351 1164 1121 1540 1412 297 1629 1670 1487 535 749 1930 1042 1291 759 1544 1166 710 1625 193 78 573 1420 1119 1274 42 425 1468 250 1328 1746 596 1822 916 737 1271 924 614 1810 1552 817 1356 1298 585 1692 1647 1794 1528 850 1005 1380 1709 1089 1479 1296 1404 976 304 1263 1192 137 81 1990 1614 936 723 1187 985 1790 1167 1659 395 185 1674 1393 646 198 1631 896 1569 17 1074 1105 475 643 68 502 1943 802 546 80 983 1863 559 126 94 1545 1742 1069 1802 1170 227 1539 847 918 1801 775 1575 300 313 73 861 720 69 926 114 1482 889 322 1478 1828 1031 1687 339 1490 266 1620 1114 446 1453 85 276 917 1508 1565 418 1797 594 1744 
minDistance: 3.68191
cost: 370037
capacity: 298786
time: 48568
maxTime: 60000
LS1: 22229/23210
LS2: 468/981
LS3: 0/0
shakeIters: 491
shakeLoops: 45
