3.04797:1304 3.40313:3426 3.45612:3802 3.47395:3918 3.48106:4130 3.48737:5016 3.49446:6135 3.50876:8800 3.54267:9292 3.55849:9650 3.57902:10019 3.59451:10496 3.60341:11055 3.63163:11631 3.63828:12002 3.64638:13457 3.65269:15245 3.65693:16945 3.65744:17078 3.65964:19173 3.66391:20807 3.67466:32325 3.68048:33462 3.68607:35521 3.69101:37479 
69 772 1328 759 1428 20 1833 1643 1415 248 802 1330 1221 1420 1067 727 1773 335 973 1151 266 768 1541 1459 1164 559 304 726 315 596 303 806 1610 1160 904 1391 73 116 43 82 309 1043 1592 916 88 1305 262 371 1273 1865 749 1972 652 60 853 565 1745 847 313 1743 1894 1791 850 1645 198 1374 114 926 1528 808 1176 1363 1413 1354 1149 90 1700 497 236 1565 800 773 1571 748 1069 1625 1402 1382 836 1997 1360 1371 838 1385 1407 83 410 1988 982 115 423 187 279 1422 1924 1797 1479 146 987 46 375 752 672 1250 1803 1114 1297 1822 1561 612 103 1436 1762 1351 1552 1034 953 1002 1883 468 1182 50 825 1372 1425 492 1971 755 1007 1468 1589 122 1509 1909 1908 253 1951 1575 1819 1623 406 502 1344 1173 1584 156 1368 1720 173 1283 734 705 1211 985 192 432 211 665 510 1606 26 1143 297 1614 1150 1404 1380 1038 1054 1059 1478 425 1274 1087 1180 1513 1835 445 888 178 1772 1783 1834 17 886 441 1620 1455 367 1768 1119 1872 788 1277 1192 573 1829 35 750 421 1980 1664 1446 1445 1556 81 233 1825 646 1702 1194 1934 1674 23 271 585 1023 1539 1105 901 414 689 168 433 794 615 1427 1248 1508 1933 1862 935 485 1203 504 1291 110 47 137 1094 1686 1155 1423 1230 1711 976 544 499 698 222 1384 1536 1647 1145 1093 1947 1782 1227 704 300 349 1275 1092 1488 1453 1473 1367 1579 1015 1705 1144 1784 828 426 949 1410 1110 963 1403 199 204 478 1855 1365 1544 1357 251 991 1364 1946 1590 2 1234 1081 1353 176 1892 745 900 1028 933 1058 593 1771 1271 742 1726 1335 1874 318 128 1107 1431 450 1756 85 322 829 143 1847 849 1929 126 775 535 1943 395 265 983 1923 872 739 1537 66 1991 1668 1985 1843 1631 884 785 1794 996 185 1545 918 1917 1796 1225 1438 506 1263 947 1666 1989 1437 690 1594 1032 500 1229 1875 1071 1393 446 885 1121 1084 283 301 160 74 1031 1170 546 1356 78 80 1566 1492 272 1680 202 961 507 1019 117 1029 53 1752 990 756 1986 1915 1304 1256 1692 1683 1912 503 57 234 33 1836 
minDistance: 3.69101
cost: 368553
capacity: 298744
time: 37479
maxTime: 60000
LS1: 22933/23882
LS2: 388/949
LS3: 0/0
shakeIters: 536
shakeLoops: 48
