3.14734:1592 3.31303:2612 3.43619:3301 3.47089:3550 3.50195:4989 3.50653:5170 3.50876:7636 3.55849:7984 3.56261:8771 3.56274:11318 3.57514:11428 3.58803:16755 3.59232:16851 3.60021:17004 3.61187:17753 3.62252:19274 3.63182:19420 3.63616:29099 3.63828:30775 
1384 1620 1972 20 1980 1416 1754 1200 204 1777 576 227 367 646 1943 817 920 500 110 689 303 643 88 425 193 672 1915 1653 53 1502 1194 66 1783 573 248 156 33 1702 1810 1058 1704 1328 621 211 1614 504 358 474 169 802 233 1868 300 144 262 112 829 974 1155 23 1709 1687 160 116 1743 508 1310 1120 1971 770 954 1610 492 485 582 567 1979 1847 207 1849 254 773 1636 1271 585 987 322 739 788 175 1894 253 1864 1561 1762 947 1367 222 229 1123 1616 502 1028 409 266 1507 301 459 1658 918 1987 806 152 1988 880 1436 115 1438 1107 1213 519 765 1365 1315 1564 192 850 1407 762 1494 1566 1015 119 1994 1423 73 234 630 1091 1492 1503 318 1592 1829 735 1225 926 1351 963 314 1454 74 625 1814 993 1881 1612 789 288 83 640 546 1182 1870 1226 1771 450 1243 858 715 665 737 1790 1606 198 265 506 426 1069 1350 93 271 1575 614 1306 1645 1986 223 232 1819 1896 2 1041 1019 1110 114 654 1912 1216 534 1092 1495 709 1832 236 1422 1031 1622 902 785 1330 1768 1164 1489 1668 17 726 185 1059 1176 283 872 483 1152 1168 1317 1459 1552 1541 42 996 50 1357 1917 705 1305 1889 1380 1371 1032 776 1368 1035 82 1359 397 1782 828 1874 1081 1508 446 1083 410 1084 881 1127 1283 745 521 1119 1513 1851 1731 1744 877 1376 129 1027 1210 1528 1275 916 1950 475 1429 1666 1791 60 1922 1717 976 1414 808 1707 1527 1952 618 421 1664 756 1865 973 574 85 1393 586 835 799 395 1936 1656 1356 1453 1172 1545 11 1539 1256 1420 1466 1292 272 1835 1796 117 1556 357 823 544 1654 1006 1192 441 137 206 1143 1697 1901 1930 146 876 1151 847 697 349 1788 1446 1929 1680 497 1542 1250 1360 732 86 251 1273 1571 1604 1816 933 276 593 45 1845 302 849 1086 1720 617 1623 1427 128 1631 1746 375 895 1263 795 867 1803 1344 69 1298 1954 529 270 864 1089 140 1304 1179 1674 304 878 1211 1114 1160 1524 748 1458 1358 1482 775 1415 1802 755 1933 758 1669 503 1428 1537 1797 470 184 728 800 1034 1061 468 176 1221 1968 964 1947 599 1714 742 1756 1468 445 1565 1675 1872 81 1121 1833 949 712 601 1009 
minDistance: 3.63828
cost: 365297
capacity: 298752
time: 30775
maxTime: 60000
LS1: 20287/21256
LS2: 536/969
LS3: 0/0
shakeIters: 414
shakeLoops: 37
