3.06976:1484 3.11843:2111 3.14734:2646 3.21122:3062 3.33467:4344 3.33842:4566 3.45988:5266 3.48106:5440 3.50195:5759 3.50316:5915 3.50653:6034 3.50876:6125 3.51649:6471 3.52413:6825 3.52957:6930 3.53446:7597 3.53544:10747 3.53792:10952 3.53868:11461 3.54267:22257 3.56019:24245 3.56274:27130 3.57514:27486 3.5858:33809 3.59451:33908 3.59745:37893 3.60021:40124 3.60697:42956 3.61239:45820 3.63616:47926 3.64216:50602 3.64638:50721 3.64754:56021 3.65135:57485 3.65269:57768 
313 1305 1107 976 1980 1612 765 904 1250 1892 169 69 122 262 772 354 974 1949 212 441 1541 1589 1019 357 1629 742 455 1453 1875 1951 1833 935 1794 705 540 1276 1127 1566 77 1359 1581 1087 375 1110 1140 1446 156 755 379 52 136 1783 492 630 615 713 1872 1330 423 519 1178 1985 1271 1034 1688 1160 468 66 1211 775 621 1513 1762 1179 497 406 1213 1120 283 1716 785 192 481 513 1539 880 60 1587 798 1385 1384 266 476 1234 1773 1368 956 1656 1720 1565 312 83 707 782 1727 1440 1943 1105 1702 1350 1229 501 1604 918 81 1216 478 383 1571 801 1188 1933 727 669 1199 773 445 414 832 835 954 1810 1459 450 1501 88 1865 596 1655 233 1336 46 1410 480 535 1002 236 949 1217 1912 1092 117 475 1819 1128 1669 367 1073 309 1997 1700 1843 1031 872 1274 748 990 745 1752 1192 1275 1756 94 1328 600 2 1471 514 916 1930 1623 133 253 1575 506 953 1827 1796 709 1687 677 776 168 2000 1283 1291 116 485 788 1451 883 1579 222 1226 737 57 1129 1955 234 1194 931 415 689 1817 1376 683 159 114 1292 1407 1420 546 1182 1968 161 350 1427 412 1244 1028 322 1492 1746 847 184 643 1972 726 206 849 211 1521 1164 1074 1151 828 1993 641 1466 1084 1508 146 1342 1344 802 698 1208 1143 303 1304 675 335 1422 1121 1263 227 33 1007 425 585 1692 124 1144 1745 1658 955 374 646 503 1803 85 251 193 632 1614 110 1315 1367 1428 1364 74 47 1187 1598 1412 504 470 410 68 1717 534 1495 73 395 474 1711 1528 874 1917 1371 1742 1680 869 1155 1615 926 115 288 1797 881 1653 1071 1561 1415 1356 1782 1606 286 1645 317 223 1707 408 1894 695 668 991 1053 1836 1176 1423 749 617 43 1351 891 1380 693 198 1881 1537 982 938 924 1306 1552 591 1822 1545 333 1986 1999 1436 826 1273 20 520 1353 1868 421 82 944 42 1091 1221 1058 756 1032 446 318 1705 1437 718 973 984 834 947 1069 1524 1634 1227 896 759 1647 342 1682 300 187 499 1023 1668 1237 1043 1814 971 1078 1293 160 1659 1173 483 1403 1130 1298 204 1365 1527 1357 1097 
minDistance: 3.65269
cost: 368627
capacity: 298875
time: 57768
maxTime: 60000
LS1: 18451/19349
LS2: 430/898
LS3: 0/0
shakeIters: 433
shakeLoops: 37
