3.05983:1107 3.16302:1836 3.18969:2088 3.3058:2960 3.35054:3615 3.40313:4750 3.43619:4907 3.50876:5509 3.51478:6069 3.51891:6539 3.52413:7049 3.52957:7400 3.55849:8322 3.56261:10462 3.59451:11274 3.61795:19512 3.64251:19874 3.64501:22081 3.65269:26318 3.65964:34104 3.67466:36666 3.68048:38995 3.68511:40199 3.68941:40743 3.69101:41834 3.69232:43540 
136 1938 1091 819 111 1210 926 192 248 120 1368 834 614 573 173 1105 286 1082 474 1789 1330 1121 785 262 773 708 313 1164 1661 2 762 1917 1894 309 1653 1756 1144 1199 1627 1015 272 1539 1487 1656 947 1816 1746 488 1513 1810 476 1208 1834 1413 745 1297 1053 861 206 50 1716 1271 1773 1868 1364 303 1133 1664 1991 234 759 1274 535 1191 1643 1645 459 1127 1509 271 973 1007 349 1205 1165 1264 178 115 445 1745 397 304 441 806 160 1987 112 1291 1847 1423 410 1933 1283 1971 322 1182 198 28 924 88 275 1225 1801 1173 1688 1893 1777 1492 446 715 1968 85 1404 285 1814 1762 138 1606 963 1363 1344 1943 1391 1356 1947 1882 1341 360 1059 1468 1250 1787 1306 339 266 1863 1655 952 1315 1030 1796 576 1263 559 1479 1822 1629 788 1403 765 1754 982 1575 1892 684 693 1698 374 1870 1407 1409 1428 1561 1711 1790 1719 992 1393 1908 135 672 421 987 1360 1705 979 802 300 1825 1839 204 1875 1620 250 141 748 1436 872 949 43 1358 1309 842 357 117 990 464 375 251 1367 737 146 828 1768 1631 1914 319 359 575 199 1524 1380 1143 233 47 1657 507 1552 1257 1675 1415 82 450 414 1226 1155 1988 15 211 689 880 756 1508 585 1092 485 81 483 1545 618 1686 1972 1431 1501 1034 381 1194 1351 1997 1794 249 1252 86 829 1234 775 1275 593 577 128 520 1700 1100 1448 1986 68 603 916 1221 1928 1957 110 1528 193 1328 1493 1190 1110 253 1702 1788 315 425 1229 1828 1946 408 528 1980 1437 712 1833 492 1031 1463 1043 931 904 1176 1140 974 1541 1579 1017 970 1900 726 318 546 1652 1042 33 1446 927 366 509 665 1901 504 1459 1385 297 42 395 519 643 103 1420 513 440 522 1203 1427 1720 1647 354 1450 1477 727 296 1032 144 1726 1692 1674 74 1214 1296 918 1785 1530 1865 1670 540 869 616 80 755 1761 1862 705 1495 97 1797 985 1742 478 752 1996 156 571 218 77 247 236 1114 406 1717 1625 283 1087 1707 1565 1028 222 798 84 510 1835 335 1634 589 1544 1273 1614 944 1556 57 1584 168 187 1074 1566 1453 1019 1594 506 46 1783 73 23 1023 1304 1192 1782 83 265 
minDistance: 3.69232
cost: 364316
capacity: 298754
time: 43540
maxTime: 60000
LS1: 20600/21520
LS2: 426/920
LS3: 0/0
shakeIters: 468
shakeLoops: 42
