3.18969:1725 3.25292:2265 3.26763:2647 3.37549:3644 3.45865:4025 3.49446:4529 3.50876:5032 3.52189:6665 3.53544:8918 3.53792:10448 3.54224:11795 3.55849:12793 3.56019:12883 3.56274:13115 3.57902:13247 3.59451:14749 3.61261:15405 3.61524:15557 3.63616:15895 3.64435:19963 3.64638:34618 3.65381:46587 3.65693:47392 3.65964:48572 3.66371:50042 3.66391:50123 
1552 397 1405 1422 375 1711 726 1463 1140 880 1951 301 82 468 689 669 341 374 78 357 1819 829 953 147 1019 1783 1356 1768 1554 1541 1875 762 1367 1391 47 1583 1816 1653 926 1991 964 173 877 441 593 574 249 1436 802 1508 83 546 156 1456 1380 967 1160 1972 114 1482 33 1039 1168 1465 589 1817 1403 1833 1371 1851 406 236 695 1796 1291 223 778 601 1459 1705 1471 1446 745 710 748 399 900 1415 974 1528 178 834 199 1468 1614 68 309 84 664 559 266 73 690 1184 1574 1207 737 1021 1014 1606 1835 1680 170 227 1720 916 720 1575 1368 1828 1892 1762 842 1053 1513 1364 1777 251 646 938 1357 1428 742 652 1384 582 657 1702 296 1654 294 1097 1810 1756 754 1761 1716 103 1263 1195 339 1292 888 1304 1847 1544 119 799 565 1315 1453 234 723 161 184 1647 1569 874 1881 1275 60 1344 313 1843 1226 322 1499 1579 704 1668 1825 1087 136 506 1114 1561 1521 77 152 497 367 146 1306 861 1298 459 990 1273 1566 57 1009 100 478 1996 1083 1742 1042 335 1305 248 85 42 683 1203 1334 985 828 446 69 886 931 1192 470 1894 963 204 1002 461 924 645 1350 1423 262 1069 303 1675 543 1385 510 1495 238 643 1814 1407 755 1625 718 1032 115 1208 630 789 1924 1623 1074 752 739 735 947 272 976 129 1363 1437 1105 1968 265 1041 1708 1917 450 849 759 709 110 349 425 979 933 1427 795 185 1785 1182 1247 1946 825 1059 295 973 1413 982 283 1015 426 1151 1797 206 901 1420 1674 445 414 1058 383 884 160 41 698 756 1107 395 1523 1221 1227 772 1631 2 654 253 1952 1731 1358 1855 1091 651 360 765 1067 1355 1487 126 502 312 1359 1829 1412 1034 1745 1110 1933 74 1121 1912 1782 1256 1143 522 318 1986 785 944 949 1620 1092 835 117 123 615 684 1994 498 1023 358 50 1028 1492 773 1539 1225 1461 211 1153 1127 1692 596 1296 1655 1565 1988 1130 1011 883 775 996 1556 1164 1414 300 1589 1971 218 144 647 1629 88 1351 1031 1007 616 920 1155 243 491 1194 987 1010 1239 1250 693 1248 1330 192 1645 776 492 458 1283 
minDistance: 3.66391
cost: 363371
capacity: 298746
time: 50123
maxTime: 60000
LS1: 21503/22403
LS2: 359/900
LS3: 0/0
shakeIters: 515
shakeLoops: 46
