3.19121:1512 3.25292:2138 3.32161:2935 3.33929:3970 3.35284:4146 3.45612:7767 3.45988:7907 3.47089:8170 3.48979:8435 3.51477:8686 3.51478:8897 3.52189:9284 3.53868:9461 3.56019:10348 3.62645:15312 3.63163:16796 3.63182:16940 3.63828:17144 3.64638:18572 3.66045:21550 3.66391:26992 3.67466:29453 3.68607:52967 
759 973 421 1894 313 233 1623 1811 1668 1438 1825 1746 26 319 1380 808 199 218 1508 1972 1425 1274 970 900 695 315 1590 737 834 1059 1199 335 1420 1154 1620 662 630 896 126 1391 1283 46 1993 1263 745 1768 1304 1865 441 1428 379 1889 752 1820 976 85 1069 129 800 1513 1631 841 1427 1187 1594 1783 400 322 1227 1446 243 485 1664 1743 1250 829 1203 640 1204 889 985 1872 1986 1762 982 1105 1027 901 1298 266 184 491 1437 1702 1468 140 1720 137 872 1868 1170 78 456 884 478 68 1947 156 1985 1657 974 339 1351 1385 1719 1042 1802 1936 33 1579 652 1571 110 1654 192 1839 1592 1827 953 1176 253 503 1436 877 606 1717 318 1680 1110 160 1234 262 1381 828 715 1275 1874 1262 1305 1478 1614 1951 1229 1968 1539 111 136 798 949 312 460 1933 234 1687 685 1357 414 375 990 1293 146 777 1790 1306 918 514 1528 1221 1367 1726 115 1645 1364 69 1794 1689 1810 727 1870 1455 693 1207 1404 374 1092 251 1368 1761 1816 1093 1705 62 117 775 1990 748 176 801 74 1828 1081 708 50 571 1842 1165 874 1031 397 57 1019 20 1917 1704 198 885 1415 410 1606 762 492 992 1393 480 723 838 707 1182 1613 1752 1843 1043 947 1028 250 1822 665 1356 1756 991 173 35 1256 458 204 1015 1002 1352 1458 425 802 42 1407 1915 594 1544 1566 755 94 504 303 1445 1569 507 259 457 1071 749 1647 735 152 1834 1561 1625 1459 459 395 1023 1087 83 450 1711 961 1143 1847 1782 789 1935 236 705 773 1980 1226 1545 309 1652 502 1552 1330 1034 2 300 1194 468 1814 1883 546 601 559 283 1149 1692 247 1177 1487 1499 211 847 1875 1575 1190 1328 1587 1297 1697 1524 593 615 1179 543 222 540 384 1372 13 849 178 756 1164 1952 1382 848 778 1192 272 1797 168 1541 1777 445 1365 476 470 1410 1994 1214 865 88 936 1501 446 1556 888 103 1423 1938 926 506 623 1482 1495 271 122 1801 285 1819 1114 510 1058 1208 80 850 938 1714 1855 806 765 1155 742 60 960 82 1928 573 689 120 785 1943 539 1341 1017 935 327 1584 1359 1032 1833 519 1709 1121 1565 1892 1127 
minDistance: 3.68607
cost: 366055
capacity: 298794
time: 52967
maxTime: 60000
LS1: 20145/21094
LS2: 492/949
LS3: 0/0
shakeIters: 434
shakeLoops: 40
