3.25956:2476 3.33929:3492 3.35085:3711 3.39062:4140 3.49397:4920 3.50876:5287 3.51232:5745 3.51478:6424 3.52413:6795 3.53792:7423 3.53868:7698 3.56005:7833 3.56261:12144 3.57902:16510 3.58537:16708 3.58803:17412 3.59451:17493 3.5958:19947 3.60372:20958 3.61261:21193 3.62994:23645 3.63616:26152 3.63828:40687 3.64214:43738 3.64638:50431 
1341 1123 1384 756 178 1618 1883 1910 992 319 1273 987 974 993 849 176 110 206 223 1625 1 785 80 1929 1839 850 755 266 212 103 1436 1243 193 1227 85 1794 1168 1219 881 601 828 1151 1954 485 1783 1643 119 1032 11 1988 1584 1069 649 1513 1043 789 802 33 146 1645 1490 152 309 94 1372 2 1468 470 1328 359 1428 1179 1787 1731 1053 1073 886 397 718 1351 141 1985 1081 1664 1527 1528 1816 1714 1796 1894 727 1423 1155 73 72 1994 704 1996 1986 715 450 1797 357 953 1116 1404 559 586 481 1024 1165 114 410 1002 665 227 1415 1431 897 298 1414 926 985 468 159 250 53 283 705 1569 502 1274 1680 1007 1833 1717 1828 1275 117 901 552 1654 1705 68 1028 1463 506 1015 1762 483 947 1702 1181 1203 213 1226 1745 726 265 423 192 1631 1461 421 589 1495 1822 1297 1544 1761 991 1756 1632 1991 519 1773 799 742 231 1933 1229 1552 360 690 990 596 522 88 272 1589 446 765 752 1847 1915 375 1686 1110 74 739 57 1688 1425 1306 60 773 285 1561 775 917 1971 1647 1446 211 333 1105 1330 19 13 93 1192 1360 1438 734 1819 1704 708 441 1420 593 1947 458 1891 763 1371 297 1309 1825 128 1687 341 1708 1127 492 1951 1182 1048 1997 315 1427 1868 900 1556 1213 1938 185 847 1364 976 1207 350 1221 81 1863 168 313 1019 1630 1422 582 902 935 251 318 1180 23 1499 478 247 1393 1114 207 1539 1834 520 1595 748 339 75 1782 1263 1492 115 1716 964 1403 1501 1606 768 1133 1566 322 876 1353 303 395 1917 1385 199 662 1545 1675 1350 1356 1540 1380 1541 1508 129 1855 445 808 982 1459 1777 710 1521 829 1086 1305 1768 1234 1344 669 1030 1604 1250 1291 232 1407 1248 92 973 15 1674 234 1832 1006 880 488 262 884 112 1476 1382 916 822 944 1536 1565 672 425 1283 1140 198 374 1011 1129 1164 1554 47 50 243 930 540 1304 1293 135 745 996 1091 1968 173 296 300 126 70 795 222 498 1892 1689 1239 253 1610 1084 689 83 1614 156 507 233 573 626 1208 82 1010 1711 1719 1616 630 1367 949 1881 1027 1820 1653 1017 1623 1121 1177 236 1814 170 42 1666 
minDistance: 3.64638
cost: 363738
capacity: 298809
time: 50431
maxTime: 60000
LS1: 19945/20812
LS2: 382/867
LS3: 0/0
shakeIters: 460
shakeLoops: 40
