3.17026:1769 3.18969:1876 3.19121:2079 3.33929:2970 3.34859:3123 3.43808:3764 3.45612:3945 3.49446:4490 3.50876:4843 3.51367:4966 3.51649:5258 3.53446:5595 3.53544:6113 3.53868:6716 3.55849:11152 3.59232:11549 3.5958:12888 3.60021:26194 3.63182:31912 3.63616:35218 3.63703:43863 3.63828:44224 3.64501:45979 3.64638:57984 
872 1714 1273 875 576 1032 1274 729 1275 1822 247 128 582 97 318 1560 1839 211 439 1917 421 115 20 1810 773 1702 1589 1425 1502 124 1017 26 1786 218 187 1836 122 1908 265 1988 1310 1466 1164 223 1947 953 708 1263 395 503 1957 1710 1813 936 33 192 379 1785 1955 58 665 57 141 685 414 251 881 1756 178 283 715 447 1536 1768 1181 424 1458 520 1335 1247 1783 1545 1645 111 1668 504 1620 1719 1630 1623 1053 457 199 1968 1119 1606 1059 375 1812 544 1889 1791 1561 1114 1527 1372 1762 397 1391 451 1782 1058 1615 1087 1972 1393 285 1112 1328 849 280 963 880 116 802 1938 842 103 1971 1304 1482 585 309 1234 314 1556 900 748 1371 828 1151 1404 193 1993 915 1865 1354 425 476 1453 1340 262 1513 1634 117 492 1980 1747 156 947 1140 1028 745 1440 1851 689 1728 1506 521 1625 1542 734 82 1199 1091 445 1985 1019 1093 1604 68 1121 1552 1537 441 788 234 1166 1092 1548 944 350 916 207 298 304 1834 1031 1351 1182 1155 736 1933 904 1943 1221 1492 1688 1082 992 1407 1451 1211 410 1643 42 1647 1692 127 294 1997 322 935 1892 749 1006 485 470 300 973 1110 612 81 184 1367 1687 1423 1123 1720 1566 114 335 1380 617 1700 1508 1777 873 1659 1802 918 522 202 17 266 927 926 1975 593 446 1803 23 1428 1376 709 778 1881 1200 1124 886 1832 1455 243 253 930 272 506 1427 313 534 1539 901 891 672 577 175 119 297 135 222 1652 333 1344 271 990 1459 339 1819 693 77 450 1034 303 2 94 829 160 136 806 704 1501 630 357 727 93 483 429 1073 931 1788 459 1436 1128 982 859 705 1843 1271 996 1584 1697 752 206 1356 1883 1674 1614 2000 1575 74 1528 480 559 172 960 1225 1100 1143 275 1381 1507 1874 1473 954 666 1316 785 1872 1192 1330 400 214 1893 509 1565 1855 535 974 1306 134 1384 1011 949 1229 1420 1023 675 112 924 1833 1629 1530 1954 1825 961 519 360 1479 458 573 281 1446 468 1991 1923 1616 770 1879 1493 1248 146 1360 601 1469 1986 799 53 69 775 86 742 1084 514 236 440 1368 1894 85 726 756 1194 227 1305 1350 198 1044 1716 1074 456 1631 
minDistance: 3.64638
cost: 367478
capacity: 298767
time: 57984
maxTime: 60000
LS1: 19412/20288
LS2: 432/876
LS3: 0/0
shakeIters: 420
shakeLoops: 38
