3.04534:1295 3.11127:2179 3.22699:2901 3.40313:3896 3.41139:4047 3.42851:4269 3.43067:4386 3.43808:4791 3.45612:7913 3.46981:8662 3.47291:9403 3.49446:10048 3.50446:13875 3.50653:14984 3.51128:16515 3.51367:16635 3.51478:17001 3.52413:17393 3.54267:17952 3.56005:21754 3.58755:24899 3.58803:26088 3.5958:27396 3.59745:29616 3.60021:32908 3.60341:33003 3.63163:36105 3.63616:36192 3.64408:36296 3.64638:36754 3.65269:37209 3.65809:41027 3.65964:44032 3.66045:45802 3.66065:46665 3.67339:46800 3.68048:50886 3.68607:58269 
712 976 1585 1680 243 1819 1461 33 1552 58 492 1951 1988 483 709 262 1756 1762 1785 1273 192 520 930 964 212 414 926 1668 19 1385 665 1565 877 283 1666 350 152 1180 300 1637 248 1195 1165 954 953 116 1541 185 1874 1067 888 1955 1380 236 1947 204 1182 1924 1422 146 1928 1545 35 1797 522 616 739 931 1437 381 1720 756 285 1894 506 752 1620 745 1731 645 265 84 446 1244 881 1923 1810 457 335 1834 1987 704 1710 1155 1283 1875 872 1530 349 433 78 1843 351 1556 251 990 1933 960 175 115 144 1803 1229 831 303 1794 1243 218 1436 1631 1264 1304 1814 1124 1403 1410 266 1190 1566 643 1391 1971 1761 708 1513 1030 1381 360 117 1855 2 1121 1493 742 935 1333 1842 1478 1181 1230 695 529 28 297 1754 202 1606 399 1208 83 1508 1614 1402 1801 476 421 429 42 835 1446 1002 1700 1247 1705 1354 1167 1184 772 1015 1019 1528 1143 1069 534 1091 334 1980 1471 785 1575 1440 1207 755 160 985 450 705 470 802 1847 1997 1084 425 828 1909 1610 573 1864 1641 853 1501 1825 1192 1351 1986 788 1423 46 800 269 383 748 1404 1645 1863 156 341 491 1179 1112 1092 727 1901 841 1623 445 690 176 374 1453 1589 1683 485 1820 947 1833 1459 309 1154 1629 1561 1802 339 1371 199 750 773 1221 395 1728 1839 1428 1868 1420 689 916 540 253 85 868 1521 1883 375 901 1747 11 74 366 630 88 1164 313 488 1783 77 322 1357 1360 857 510 768 1094 944 983 1943 1023 1250 1194 1105 161 1344 974 440 1176 137 715 1110 1502 1787 1539 1431 123 734 198 1305 1234 1985 1367 1032 1492 1665 168 698 272 1275 1127 114 1042 884 82 227 1917 900 949 1203 991 1782 68 222 1936 1330 535 504 23 178 384 880 1438 572 211 626 777 294 103 1719 987 1256 1415 924 1368 1248 187 1584 1298 1972 1674 234 1114 461 1225 1059 478 1773 886 806 233 559 1892 47 456 775 638 834 270 982 1427 318 1487 20 1263 1662 122 904 1455 367 1425 1356 973 1044 1625 1466 1702 615 1087 408 441 1133 1768 1540 1407 1028 1074 1160 1144 961 219 795 
minDistance: 3.68607
cost: 368071
capacity: 298747
time: 58269
maxTime: 60000
LS1: 19896/20805
LS2: 423/909
LS3: 0/0
shakeIters: 448
shakeLoops: 35
