3.33929:2713 3.45988:3192 3.48737:4816 3.48979:4997 3.53544:5396 3.53792:5584 3.54079:5778 3.55884:6063 3.56005:6189 3.56261:7919 3.58803:8087 3.59107:11286 3.5958:11400 3.61187:11854 3.61524:13035 3.64638:14222 3.65693:15734 3.65706:18157 3.65964:24991 3.66045:30390 3.66371:37192 3.67339:43460 3.67585:45266 3.68048:48449 
1829 1015 313 271 1552 775 69 612 1782 249 1067 1105 1438 759 192 1007 133 522 211 1384 74 1393 1200 301 1176 458 1273 690 445 285 1028 1675 1256 115 705 594 985 1943 1980 1078 884 202 1034 1928 1947 502 82 802 1843 1427 119 1844 1506 446 1571 1298 1350 654 468 1726 859 1182 885 262 1446 1275 379 1356 1367 788 1952 1416 916 1461 1385 573 218 1513 924 1836 1059 1955 1092 806 1492 80 1773 1420 322 1796 383 1561 1825 110 1915 129 1428 1647 1463 1129 585 173 576 425 266 1192 78 1575 828 991 1032 1614 738 718 207 117 116 800 1528 1296 626 704 1310 1002 727 1368 355 1589 1425 55 723 685 1847 847 178 33 1371 752 990 58 1074 60 1084 1225 1250 375 184 1459 1082 974 1881 918 1009 829 1097 1164 1900 1970 749 1133 251 1436 265 861 1833 1292 1471 1404 976 1508 312 773 1783 1041 920 204 57 300 1495 2 1822 1598 1291 367 672 993 1143 698 277 1705 1083 1213 640 1645 1053 1304 429 895 1194 1091 478 1606 1851 1221 756 748 483 944 630 961 357 789 665 1448 901 1144 20 103 1996 1544 1814 1668 1762 426 222 1019 17 848 1988 1485 406 1110 1340 1986 114 1620 1058 41 1031 755 1883 23 1415 214 199 335 254 506 320 1797 1248 395 450 785 1951 1211 1093 1523 219 886 42 1344 765 298 1565 128 1756 1454 1422 1971 1490 933 112 967 1437 1239 1933 1011 742 1717 693 1692 333 1545 1180 1582 1630 1889 897 371 272 485 504 601 1360 152 309 49 421 953 73 1140 1680 2000 1306 1263 663 973 1604 720 297 1666 1380 397 1623 1656 1752 881 500 234 1791 926 1855 243 709 684 1816 1328 1993 1819 646 546 1127 1274 1358 303 850 53 441 1124 1407 1994 268 141 414 1954 459 849 1114 1336 877 670 1625 865 1803 212 1972 1155 1087 1305 247 294 1330 1711 1810 175 1674 1423 593 253 498 1689 176 1151 1539 1203 470 497 947 835 1768 677 68 351 318 1702 1839 1121 236 1764 715 726 349 1987 160 1226 875 185 283 1629 492 1894 474 1537 1892 643 949 193 1788 514 475 979 85 1968 768 410 233 
minDistance: 3.68048
cost: 360025
capacity: 298733
time: 48449
maxTime: 60000
LS1: 22550/23495
LS2: 402/945
LS3: 0/0
shakeIters: 519
shakeLoops: 48
