3.18969:2092 3.29554:2626 3.44293:3384 3.49398:3753 3.49446:5256 3.53446:5844 3.53544:6097 3.54079:6407 3.55949:9342 3.56274:9511 3.57902:9864 3.59232:9949 3.61261:12340 3.62994:12454 3.63182:12965 3.63616:16038 3.64214:17866 3.64251:23642 3.64638:31508 3.65744:31853 3.65809:32212 3.65964:36397 3.66371:36626 3.66391:46806 3.67466:54228 3.67521:55830 3.67585:59243 3.68048:59634 
73 1552 563 828 1872 441 492 1943 615 918 23 1720 1120 926 1293 1071 126 775 1309 57 46 627 381 1298 1427 806 445 1227 1545 1643 26 129 42 1155 1423 49 1263 834 1143 335 1415 102 916 1283 881 371 1955 82 1365 1384 192 1566 513 1164 1768 888 848 251 1744 69 1364 1762 1019 1689 1359 1994 621 865 1271 1391 540 250 864 1210 1360 1219 1121 1506 722 199 1539 300 198 470 374 122 990 749 1043 1350 572 508 491 510 1114 953 712 1970 450 1007 1344 1291 286 593 395 1203 103 585 1180 1100 1144 931 1796 1631 1368 1773 184 1151 483 1957 772 1756 1422 949 74 1239 519 194 1328 1305 33 1972 841 1015 309 339 1928 236 1875 1397 1385 1590 800 1367 1997 1668 1789 1987 1575 276 243 458 789 1256 1784 1357 115 349 623 665 1410 935 854 1058 172 1093 170 1356 1985 244 1438 1225 85 1179 156 1810 966 1073 318 437 698 272 1192 1556 1816 1187 726 459 944 1059 1221 1647 285 1380 1458 1787 1923 262 1127 559 1492 1656 1881 1230 1167 114 745 2 1652 886 425 1886 1565 1407 233 1661 322 146 1799 924 709 1455 1790 1493 193 1771 206 137 320 1302 1087 630 1032 281 727 1968 1865 1445 612 534 88 1645 173 1820 83 1395 179 1783 1627 1034 1437 500 367 1459 1513 1463 1039 440 117 573 1234 596 1909 1782 160 1702 1797 128 418 80 1092 375 319 485 1110 35 1933 1508 1165 991 1569 1544 748 1304 1273 1393 20 247 773 1194 1947 421 1499 446 880 974 643 1986 1028 640 1176 734 506 176 47 847 1420 298 1814 1133 982 1847 985 397 777 1105 1561 798 478 1936 1208 1658 1541 1084 211 1870 742 108 849 1501 686 119 1250 628 1832 333 227 234 1229 60 1802 947 499 693 1275 204 1666 202 1822 1662 1023 222 1216 961 1717 1078 762 1672 1579 303 663 904 825 1436 565 429 1182 1819 1330 1031 265 1908 689 1495 1468 829 383 1705 123 78 253 1828 342 1274 168 755 152 488 1949 568 271 144 1620 1199 1839 963 1629 785 632 110 1347 705 514 1894 1371 802 1446 1692 884 17 
minDistance: 3.68048
cost: 367764
capacity: 298875
time: 59634
maxTime: 60000
LS1: 21453/22400
LS2: 452/947
LS3: 0/0
shakeIters: 467
shakeLoops: 43
