3.05983:1189 3.06976:1329 3.18969:1960 3.21304:2240 3.21798:2382 3.37412:3551 3.38271:3894 3.47089:4702 3.48106:6724 3.48737:6934 3.50195:8647 3.51477:9177 3.51649:9486 3.52957:9593 3.53413:9835 3.54224:9999 3.54267:10089 3.60021:10977 3.61261:13973 3.61795:16898 3.61825:19632 3.62352:20436 3.62645:25167 3.62994:28664 3.63828:30182 3.65744:31901 3.66391:32430 3.68048:45602 3.6817:47034 3.68191:49477 3.68607:50937 3.68843:58304 
1041 1874 1835 1590 1059 1420 1643 461 1184 520 1788 322 1453 712 318 573 1244 1489 1980 284 146 1028 1283 83 1149 961 698 1445 1092 234 1611 1622 289 868 114 1486 1401 949 1645 243 1306 441 160 1680 1210 1367 1304 1165 593 1164 1427 156 1031 1506 1296 1190 1761 788 137 85 410 1203 400 991 1756 785 23 1097 53 1566 122 886 1768 1112 1372 300 1508 1357 351 1782 503 1273 476 115 304 421 1923 1668 194 801 1250 247 1928 446 184 1656 1182 491 1436 1438 358 1309 1407 576 333 1060 309 1173 1722 1629 1248 301 1368 1071 236 864 1702 933 1937 285 1907 458 535 1771 506 1971 944 1528 1114 1891 82 297 242 1544 1843 1380 891 1144 1530 1731 81 1817 1412 819 1425 1385 397 457 1620 265 1356 884 1384 1747 1655 399 1839 1545 585 497 726 715 173 1688 973 459 658 1554 519 1972 689 1211 1492 1785 708 1917 1509 1263 1479 437 1828 1565 742 1084 1705 492 1575 1437 918 979 1606 546 529 303 161 199 559 94 483 198 1073 440 1604 1625 953 640 474 1744 1129 858 383 1404 993 834 982 709 1991 1500 74 1130 1255 143 575 1865 46 20 963 1955 1748 1234 720 591 1089 1214 1365 1598 1083 1728 772 384 756 187 1176 1556 571 1305 480 1360 544 1968 1777 111 389 222 1762 947 748 1834 1216 478 206 33 1168 746 1155 745 795 69 841 1151 210 1271 1773 227 1032 1121 1561 1358 320 272 926 913 1881 1851 1933 1351 705 1192 1999 1875 2000 1676 339 192 1495 1652 1446 1227 35 1507 1009 1946 1709 1783 594 1700 425 821 1889 57 976 1157 1221 1666 1541 916 964 1836 1745 857 1344 1179 612 1034 817 253 1986 211 1870 204 1847 218 176 1110 178 802 381 693 829 1810 367 1796 1674 1833 1657 1539 1797 1226 1993 1043 504 1275 1687 1451 1415 1058 2 1468 266 1 808 1692 1019 1087 28 831 775 445 450 112 695 867 1720 917 193 1623 574 117 1513 414 1997 1627 395 1078 931 73 630 1166 1105 283 335 985 88 429 1330 806 601 42 1128 1456 1957 168 1391 897 1894 500 1423 1697 854 623 1195 1892 1717 759 1521 406 1552 737 704 1987 233 1560 1493 1954 408 
minDistance: 3.68843
cost: 363400
capacity: 298789
time: 58304
maxTime: 60000
LS1: 19663/20591
LS2: 490/928
LS3: 0/0
shakeIters: 405
shakeLoops: 35
