2.99276:1105 3.11722:1761 3.45612:3507 3.45865:3685 3.50195:4076 3.50316:4399 3.53336:5337 3.55849:5944 3.55884:6340 3.56019:6550 3.58537:6996 3.5958:7289 3.60021:7679 3.61825:9262 3.62994:10681 3.63616:10874 3.63828:14714 3.64638:17257 3.66371:17630 3.67453:18262 3.67585:18801 3.67943:18980 3.68191:19305 3.68494:25129 3.68607:28872 3.69101:30903 3.69232:42056 3.69557:42306 3.70613:57111 3.70686:58290 
1034 1404 1154 788 947 60 1335 184 941 1371 233 440 1059 935 1957 46 1084 198 1623 1972 1143 798 135 227 1184 877 1768 1894 254 1069 497 901 1372 335 1083 322 1943 1273 1761 1114 88 1042 1121 1653 1105 1857 459 1782 1951 1834 1473 355 128 1720 57 1043 69 931 690 1634 13 1584 1370 913 445 1836 1655 1352 924 295 234 458 1712 265 1614 1207 152 1631 1545 1875 20 1561 28 917 1917 114 242 253 1455 395 1230 481 949 374 628 1205 698 1458 1023 250 1566 478 1292 1783 383 1165 117 749 1368 1350 1810 715 1541 750 1364 1437 1802 425 450 23 378 160 933 156 806 738 1883 122 1298 176 1629 42 303 318 835 1019 1344 1687 1587 1446 1384 1291 748 410 1933 976 1847 1151 451 1495 1092 1589 1227 991 375 83 1944 222 1380 211 693 1710 1997 1647 446 963 251 1709 829 192 773 573 789 1445 778 1048 1575 300 1407 1053 918 785 575 1240 985 1539 878 115 468 1190 129 665 485 476 1164 85 765 1451 1985 1191 185 1028 1461 1980 1357 727 756 74 264 1576 1415 1110 276 134 1041 559 1762 1901 1829 1275 1247 834 1330 1994 1968 831 1351 1365 1087 501 1203 1513 621 953 247 1656 1731 1752 821 1879 1067 400 1471 1688 339 80 77 1754 1524 880 1058 283 82 286 199 81 475 1508 654 1922 432 504 1814 1378 204 926 1492 1187 1674 1225 1420 1306 1842 768 1528 1155 872 990 513 1221 510 1530 312 73 1031 1362 732 272 33 298 1466 828 1360 1210 1912 1702 1428 297 1620 178 1140 193 709 572 1822 1385 615 772 397 1889 1692 171 11 2 146 739 224 103 1391 1422 441 1248 616 1579 1423 1986 802 1195 1032 1506 1493 973 1192 35 1697 506 1182 1487 954 1947 1007 888 168 1606 1304 1988 110 884 1625 1756 1785 1928 1274 483 1356 313 1459 916 367 1680 304 1208 1482 1819 1503 1654 1250 414 2000 429 1002 1833 1367 543 525 1955 1892 1552 206 236 1796 1453 1705 1468 136 1923 1093 1263 1074 1107 68 1565 1828 1427 492 301 1244 1438 891 1283 94 705 777 1216 1590 1708 491 243 594 470 775 1835 500 974 1168 1874 
minDistance: 3.70686
cost: 365950
capacity: 298770
time: 58290
maxTime: 60000
LS1: 21498/22408
LS2: 415/910
LS3: 0/0
shakeIters: 465
shakeLoops: 42
