3.14734:1389 3.3058:2491 3.35063:2923 3.37354:3107 3.41578:3497 3.43581:5020 3.45865:5676 3.48531:6411 3.48737:6681 3.50316:7385 3.50653:7887 3.50876:8381 3.52189:9241 3.52957:9676 3.53544:10095 3.53792:10176 3.53868:12208 3.56274:12391 3.5958:12954 3.62352:13092 3.62994:15813 3.63182:22520 3.63616:22623 3.64638:23078 3.65381:24662 3.65744:24901 3.65809:26126 3.65964:26246 3.66371:26492 3.68048:26845 3.68191:28349 3.68494:29926 3.68941:31496 3.69101:31655 
772 1041 1250 1571 297 450 1164 1226 630 500 111 665 1708 1081 423 1779 884 559 967 831 1459 67 693 1561 1787 625 2 726 421 1069 1836 1623 1330 506 1784 695 1697 82 103 808 211 1814 199 1427 953 1083 108 68 265 458 117 579 198 1968 918 349 1703 689 964 1446 266 1114 1283 1140 1429 218 1121 847 949 1407 504 737 540 1565 825 1865 406 987 187 1143 1980 1947 1240 647 425 446 502 1335 1092 483 1892 1668 1562 227 233 1615 1756 20 1794 300 33 835 1716 973 173 410 116 1874 359 1453 1928 69 1680 1436 1263 529 861 1437 1825 374 146 1378 112 920 1540 152 926 1987 418 881 1155 1186 78 1211 100 1843 1627 821 114 1168 1704 1994 1883 248 1351 1194 1367 1221 931 161 50 1537 802 414 1177 1431 262 1762 243 709 1652 1816 1391 1256 672 1797 178 643 1420 1203 991 901 168 1028 236 303 1011 1629 1273 842 1492 1032 1448 1009 1176 1972 35 1074 1259 773 160 1357 563 53 1160 1692 785 269 253 1488 947 1943 1810 828 238 1796 1625 1829 1495 985 1513 1622 1802 1144 705 1991 1530 748 192 1705 126 1777 115 1304 272 1275 492 119 1239 1133 1773 358 294 1820 1105 206 1875 1731 1544 339 1024 897 1541 172 1007 1358 1566 159 42 565 1023 375 1507 1058 1671 510 498 1428 210 834 646 1552 1630 1782 1536 1768 1539 478 1996 350 1675 593 1393 1042 1084 880 83 1305 451 1091 1234 313 371 961 1674 1933 738 1501 1620 778 1997 1415 916 1087 283 1071 426 1399 718 1208 509 470 1413 441 800 367 399 204 759 1353 1575 351 1839 1127 1053 756 1423 445 60 1468 990 85 1172 23 1589 612 1606 935 1291 1073 775 340 1893 585 829 395 963 883 1328 514 1364 1309 1592 73 1320 712 519 1645 795 57 1119 594 45 1702 244 1167 1019 110 1881 1783 1761 1371 47 1344 1803 1110 193 1556 849 1015 768 1722 788 1528 1508 1971 43 322 1986 806 1182 318 513 1248 88 1360 499 251 1521 886 1489 1720 1631 202 129 1656 982 1151 944 335 1107 1683 1385 360 1306 156 397 546 74 460 381 1917 143 80 1664 1380 1397 1894 234 1356 755 485 
minDistance: 3.69101
cost: 368443
capacity: 298744
time: 31655
maxTime: 60000
LS1: 18358/19306
LS2: 503/948
LS3: 0/0
shakeIters: 411
shakeLoops: 36
