3.21304:1764 3.25292:2360 3.26763:2568 3.33929:3030 3.41139:4759 3.41163:5076 3.43808:5461 3.48106:6603 3.49397:7017 3.50653:7299 3.51478:7626 3.51649:7885 3.52413:8785 3.53544:9488 3.53792:9620 3.54224:18097 3.55849:18874 3.56261:19080 3.58803:24605 3.5958:27475 3.61187:29298 3.61317:30796 3.61795:31053 3.62645:31481 3.63616:31874 3.63828:34279 3.65809:44659 3.65964:46129 3.66065:58793 3.66391:58878 
60 1110 668 847 341 360 1825 1836 1618 976 947 949 285 544 1892 233 991 1182 1845 1584 232 227 877 199 734 1536 1816 303 1828 46 1985 1072 66 1164 1986 963 375 223 1277 504 1415 1731 698 1171 218 1234 1872 1561 596 1453 1542 457 1404 511 497 1028 704 23 1310 503 785 1801 1360 1305 492 576 1762 236 300 1988 1655 1645 1980 17 630 222 1510 445 1155 1431 1653 675 693 1833 1933 1078 1777 211 1140 559 1187 322 1631 953 1768 1614 1506 198 1243 1019 408 94 709 1847 1160 1459 1797 1190 1119 849 1244 1166 822 594 1414 1545 1100 800 1901 1883 1093 775 206 429 755 253 1711 1427 475 1167 1179 1274 502 1647 901 520 68 175 384 1556 601 1221 80 1394 1616 625 773 144 1416 143 204 1304 1200 1385 1059 2000 397 42 82 1623 904 1675 1420 1486 1437 1350 617 250 1539 842 1855 283 1783 301 592 933 393 1482 266 1309 1423 712 1782 178 129 990 485 459 1742 1627 1881 715 1922 478 872 1565 1997 112 1298 1368 726 1894 801 1256 900 1702 1043 1571 993 185 1954 207 1255 1053 1468 53 1458 262 1271 685 762 546 665 935 1534 33 83 450 187 1207 1524 1446 47 383 1248 1407 313 470 1915 1566 335 1955 1495 357 927 146 552 1015 173 573 1214 1929 1250 13 1910 985 114 1994 483 798 389 982 1203 1972 1625 318 916 81 1275 802 854 789 1507 1356 926 944 1939 69 500 1127 425 193 115 1717 1513 128 1630 1048 1074 1492 73 358 1328 1351 795 176 1316 1086 1403 1943 508 1917 720 1034 1479 742 1930 1226 1195 339 1264 1302 1508 752 593 141 1436 1121 1367 1707 1756 1425 1359 320 1544 1900 1575 57 268 1344 1629 1194 765 829 1834 673 1330 1720 973 1380 85 1620 1710 381 304 1991 476 1084 1283 1199 367 1814 421 1552 599 964 1273 1968 1044 705 11 1306 897 1589 446 395 1819 1263 1428 1796 269 718 1754 1687 103 165 160 234 689 672 1192 410 1165 1606 1835 748 110 1391 745 78 169 1499 1947 1208 1946 506 1422 1851 296 1541 309 880 850 1144 1032 117 1528 441 265 1067 1674 314 2 924 1844 1865 1114 1597 756 1372 1666 1229 828 1091 1364 1569 
minDistance: 3.66391
cost: 363789
capacity: 298740
time: 58878
maxTime: 60000
LS1: 19203/20096
LS2: 416/893
LS3: 0/0
shakeIters: 447
shakeLoops: 39
