3.11722:1741 3.29554:2544 3.30823:2676 3.33431:2946 3.40313:3300 3.41163:3411 3.45612:4451 3.50876:5164 3.51825:7488 3.52413:8029 3.53446:8305 3.53868:8589 3.54267:8802 3.55849:9010 3.57514:10654 3.57902:11005 3.59451:11088 3.5958:11185 3.60021:12752 3.61863:12976 3.63616:15841 3.64638:18629 3.65911:18923 3.66371:22999 3.66391:23083 3.67339:30895 3.68048:32388 3.68191:34834 3.68607:49561 
854 425 828 1216 1645 1662 1032 11 117 1933 1459 470 1306 686 397 798 1589 1674 1422 506 33 204 1744 734 1520 2 626 861 1539 371 949 115 974 1658 1380 1668 116 1575 690 1894 1594 677 1391 222 1752 488 1274 68 1862 605 1687 1851 1208 1623 1592 585 1453 350 788 1114 426 1986 559 806 1666 1226 53 773 1275 1606 600 976 1677 1415 646 829 1822 1565 1584 831 689 74 173 156 739 1371 1034 232 1028 301 367 1680 1835 1403 745 1709 1359 254 319 1704 1616 1059 1298 654 1692 1845 825 46 421 1700 432 69 503 1968 961 1745 1892 1144 1330 468 492 86 211 647 1043 897 1143 1777 1816 985 20 1376 1552 535 1291 207 1726 1437 1041 742 1412 759 862 137 357 886 266 1192 748 285 1357 1058 1631 1847 1105 1814 979 1493 546 1836 395 144 1083 1127 1839 500 128 1702 1604 320 190 1110 1364 1381 1133 88 1084 251 114 1664 110 483 358 2000 406 1528 478 1360 414 1479 1152 1436 23 990 993 1865 243 418 1465 840 1173 169 593 935 1999 1756 1508 1271 501 1395 57 1157 1928 1833 918 762 1078 1717 1697 300 247 1997 726 94 192 630 160 705 1643 234 1929 146 1428 1794 1263 720 1446 410 1829 1210 1782 50 1164 1420 1179 445 312 1561 283 749 423 1544 709 339 615 1091 672 1283 335 1503 1773 1353 509 953 896 765 458 881 1810 920 248 262 1535 1019 575 28 318 441 1368 1384 1273 198 1305 1187 931 456 199 1225 1972 1304 73 1566 704 82 1688 1513 43 446 233 1155 176 1195 1356 1797 249 519 621 1142 1427 133 1007 1194 1803 1130 1761 178 504 206 1541 1468 612 1627 803 497 295 85 1310 313 78 77 1211 864 1015 1988 1407 847 374 179 1351 1964 926 1943 944 1492 1922 1288 1365 1783 1545 303 800 1985 1463 1328 1367 1151 643 802 450 947 596 838 1438 1404 875 1344 1711 640 1239 900 42 1069 1042 1817 1705 785 1343 1879 1521 933 1762 1456 1423 322 884 1620 47 1048 880 185 122 1954 1720 1530 1121 808 1768 253 671 1221 1031 963 193 1250 1980 1708 1385 60 1683 218 184 202 715 1182 693 1819 1092 520 1629 1495 1489 1086 309 
minDistance: 3.68607
cost: 364504
capacity: 298799
time: 49561
maxTime: 60000
LS1: 21154/22071
LS2: 439/917
LS3: 0/0
shakeIters: 449
shakeLoops: 41
