3.36262:2771 3.48106:4309 3.48737:5064 3.49446:5333 3.50195:5435 3.51478:5767 3.53792:6386 3.55849:8414 3.56261:11611 3.56274:17728 3.56469:18480 3.5958:18651 3.63163:21649 3.63828:28164 3.64638:29920 3.65269:31177 
1632 808 481 1645 1731 1490 1493 80 476 408 483 1330 931 725 1881 2 1943 374 828 1579 129 204 926 212 1168 458 1385 1151 1814 1420 1363 1874 540 1203 193 184 20 1492 1087 1067 375 1545 752 1247 1773 207 1756 1737 173 788 74 309 94 1509 1415 410 657 1565 23 748 1173 1043 1674 802 251 146 1353 433 460 1425 573 798 70 1208 243 1666 60 1994 441 742 82 985 1614 662 1356 785 982 81 765 1357 295 178 234 223 806 1416 1083 1414 1372 1541 233 85 1344 1340 426 1727 1182 1306 300 384 577 1936 976 478 966 1101 1570 993 1606 1437 1112 1459 115 1957 222 1275 485 359 213 137 1797 399 262 1634 116 591 617 755 1631 1194 1892 726 1143 1834 1127 1686 381 1089 1364 1711 1403 303 656 1094 1835 1367 1604 244 991 508 1407 1422 737 506 1552 1742 1933 1213 1768 1371 1688 527 211 500 1796 1843 1428 801 768 393 1782 117 509 75 646 1844 623 1211 1594 457 1032 684 1019 1696 1847 112 227 675 896 1530 28 53 1423 47 414 57 1028 1833 1625 1627 1234 867 974 739 1084 1315 242 1350 1788 1283 366 1536 423 987 1305 445 43 488 1513 1616 1787 953 1947 744 1590 1946 206 1250 1971 720 520 122 272 1566 727 1839 1160 297 156 1752 1794 1304 575 1702 1524 885 1803 491 847 990 318 420 1021 1074 749 450 1358 1868 1893 842 1446 1164 1453 1034 1384 1829 1316 522 1092 665 185 947 236 961 1523 421 1556 900 1865 775 1489 1309 773 1980 756 1687 949 1539 1176 1468 1248 1190 1069 689 1276 17 1360 88 860 1968 42 1297 1777 199 1527 395 1972 546 160 1210 1142 1584 1664 1351 1508 128 930 872 585 1610 103 1326 916 1993 1059 1191 1479 992 269 1427 69 50 367 1683 77 1144 1106 745 1762 35 1709 715 944 492 1528 1692 1226 253 1221 576 935 1263 440 192 1293 1575 261 1177 612 759 1986 1192 1561 1155 1587 1436 1501 1917 1495 789 1273 1516 371 1630 532 628 712 1870 1862 1328 572 1623 1105 705 360 1991 1404 973 73 1783 46 1429 504 1393 1825 574 1954 114 829 918 68 1382 313 198 126 1380 322 1643 33 593 333 285 1121 1114 1592 513 1544 1058 
minDistance: 3.65269
cost: 362729
capacity: 298858
time: 31177
maxTime: 60000
LS1: 20633/21544
LS2: 431/911
LS3: 0/0
shakeIters: 464
shakeLoops: 43
