3.17026:1891 3.19121:2092 3.29554:2686 3.3058:2876 3.48737:4012 3.50876:4367 3.51367:4913 3.53544:5684 3.55849:6014 3.56005:7999 3.57514:9320 3.57856:9517 3.57902:10891 3.5858:12581 3.58803:12952 3.5958:17527 3.60021:19892 3.60341:21632 3.61114:21876 3.61187:23251 3.61863:26106 3.63552:28697 3.63616:28831 3.63828:36917 3.64638:45624 3.65381:45782 3.65809:46201 3.65964:49619 3.67339:50351 3.67466:51715 
1468 1403 1812 445 457 1985 1330 1797 1875 418 1184 1879 303 1043 1561 283 1913 1226 828 1227 643 1394 301 1420 849 695 615 1894 1143 1069 712 709 792 497 1121 129 1944 1350 1573 802 110 1924 1446 375 23 450 395 1428 1802 1058 594 726 1507 1210 519 1463 1469 1048 1144 1862 540 122 1786 47 322 1910 1256 86 727 1530 752 1790 1872 234 1954 1431 1647 1687 1162 117 1994 440 732 298 292 1933 1822 114 789 1355 835 544 974 1645 50 1993 525 1427 1181 202 161 1625 33 1367 156 423 2000 1852 1473 1102 1017 441 923 623 1371 1521 204 1092 446 886 115 1199 268 1404 1980 1493 1032 169 1773 1375 1631 1711 57 585 333 990 152 1059 1686 1284 861 1087 185 68 439 192 383 652 1596 640 69 838 1508 199 1979 1455 1133 689 612 506 1556 266 1407 253 1365 60 1614 1697 1306 1478 1221 243 46 1360 825 1436 1606 80 1164 1923 53 944 406 318 1777 1029 339 1843 456 82 309 1680 421 1819 745 1801 1816 1105 103 1814 808 1937 1391 1947 1273 1034 1423 847 160 1357 901 1833 1492 1756 1364 460 485 677 1569 765 931 803 1987 1170 596 1623 1343 1356 1304 669 798 1883 1437 1917 425 297 1071 1415 1566 1791 593 949 1195 755 1344 476 904 222 573 1746 1310 458 236 1305 1565 947 1019 146 480 503 1783 1886 1575 1091 1692 73 601 1250 1589 1110 1813 973 1865 1938 211 630 785 1943 1832 1229 900 1528 1155 1641 1271 1810 1506 575 504 872 1702 491 1084 1353 1324 313 1892 685 742 1972 961 1192 254 539 739 78 1989 1107 85 272 646 1714 1659 1495 1160 1666 389 1828 1509 1298 1594 1761 304 249 1194 1274 1031 1584 1835 357 1292 1296 510 1028 1247 1674 1438 756 16 1610 1140 1620 1825 1991 723 1200 604 1582 1839 933 641 1782 1351 1334 1629 1471 915 1571 1453 507 1705 762 1380 42 101 1710 187 1968 979 300 41 1385 559 1225 1002 1182 143 83 1053 654 1951 410 1662 1187 1552 1836 1720 705 478 262 1986 250 1768 381 698 1466 349 1762 265 1545 734 1422 2 1928 1716 1074 684 1023 1203 565 749 1513 397 214 20 1015 704 178 281 918 74 1402 621 43 834 953 926 
minDistance: 3.67466
cost: 368660
capacity: 298735
time: 51715
maxTime: 60000
LS1: 19293/20205
LS2: 461/912
LS3: 0/0
shakeIters: 421
shakeLoops: 37
