3.15577:1850 3.19654:2147 3.38371:3831 3.39193:4082 3.40095:4304 3.46408:5992 3.47204:7588 3.47294:7798 3.47855:13524 3.50043:18025 3.50966:18742 3.55072:19262 3.58776:23003 3.58795:34230 3.59287:38638 
1509 493 1160 449 595 1804 178 52 1593 1060 66 1131 886 265 1569 1376 1098 537 1727 1833 293 1839 1005 1172 1666 1176 1237 1515 1063 987 1606 480 500 1917 1200 290 727 632 1552 1213 30 94 618 1565 1821 318 243 755 1355 1810 333 1089 905 970 878 1894 1513 901 907 999 415 737 1637 580 445 653 506 1857 822 1844 1932 1358 1600 610 1251 803 406 1161 60 1216 478 1787 837 1512 392 1087 1566 482 1481 209 884 889 281 1351 143 1797 568 1463 842 1746 71 80 277 1875 772 499 1948 48 1230 100 129 1177 421 115 440 492 604 1307 185 78 806 1226 1748 1673 1675 1501 1398 1051 123 342 1329 42 1369 1304 1227 1097 1454 1653 77 1796 1861 904 1334 1414 1573 35 13 1323 757 986 929 1542 297 1244 5 1985 1357 117 546 1190 534 1328 1270 1052 937 1819 1399 1157 1330 1802 1976 1899 184 917 924 820 393 1029 1672 829 474 1992 631 1684 1972 1382 325 933 1429 776 642 628 457 204 1771 357 487 1794 1997 880 1151 16 1476 860 1016 579 1577 1249 1698 1306 1023 1610 234 211 210 565 1830 358 63 895 1700 1550 689 1631 502 961 1416 873 877 1919 114 1169 567 1789 804 1923 522 707 629 1783 850 675 314 1412 1776 1142 466 782 379 1165 1795 759 1667 1560 1289 1402 197 236 254 334 752 176 1728 985 626 99 739 1596 938 39 1609 1196 777 425 845 1205 88 821 238 164 1645 1003 1333 1500 1124 394 1759 130 1485 1967 704 1925 1299 978 1747 1045 1975 1818 439 1784 844 304 598 870 305 729 285 1709 1788 724 903 553 1971 532 1996 1540 192 1452 1350 838 688 989 858 1612 1681 1277 397 266 1451 1742 271 1954 1807 1071 248 1134 1059 1401 935 456 1761 562 380 1641 1785 1040 1825 1843 1047 1420 1720 720 222 1114 1192 68 1915 410 1465 994 395 1980 519 1248 437 1320 118 336 1604 224 1815 1423 1274 918 1611 1643 170 1057 1158 98 81 1438 1223 1262 1786 1154 1756 74 1225 446 983 665 643 1120 1359 1264 1101 1202 1544 173 1602 33 787 1533 572 1657 1654 1471 765 166 1187 427 623 1764 831 322 1933 1130 645 656 1194 498 247 470 306 414 944 1396 309 859 693 
minDistance: 3.59287
cost: 367249
capacity: 298756
time: 38638
maxTime: 60000
LS1: 17653/18600
LS2: 513/947
LS3: 0/0
shakeIters: 419
shakeLoops: 40
