3.15204:1878 3.15456:2390 3.40095:4407 3.42453:5164 3.42914:5583 3.46408:8129 3.47204:8400 3.48872:8909 3.50182:9206 3.50372:15470 3.50943:15725 3.53635:16072 3.5546:16399 3.55555:17252 3.58508:17499 3.59826:17806 3.61266:19357 3.64855:20262 3.65127:25876 3.67544:26125 3.67742:26350 
954 693 1223 907 1667 1270 354 1328 1227 1929 1101 1967 1181 78 752 1727 1382 1709 1302 1255 1444 1412 722 1196 1141 1391 897 1839 629 1749 1830 873 247 1092 686 617 1768 985 1631 1350 1134 307 1364 1047 965 492 1335 1582 572 902 1609 1160 918 1009 1975 1632 487 250 272 488 1833 254 1183 567 1562 519 1177 1569 1863 435 1544 265 1359 646 123 406 1828 657 1299 394 833 970 192 1385 446 615 879 684 322 787 1796 1671 1577 1142 462 271 357 1739 834 395 1928 556 222 1048 904 579 525 463 1666 1705 1720 531 1985 584 1217 1915 1614 1804 1161 1191 1604 1051 1681 1067 905 1478 178 1305 1249 266 1838 423 835 991 623 1593 58 859 1226 1187 203 100 88 1556 1785 1539 1005 388 823 1114 717 986 1037 1662 1371 1990 392 321 645 456 961 683 2 1672 757 1451 445 1396 1509 460 911 86 470 1602 480 745 938 698 1119 727 77 1454 108 474 675 238 729 414 509 744 304 449 185 1504 1573 80 1151 1925 1475 878 1467 1428 1154 1057 1501 688 339 1356 1401 1182 1014 1011 1980 383 70 115 993 468 466 534 212 410 1649 118 807 642 208 294 1343 1125 1275 1853 232 1512 1579 1071 48 1801 293 175 1100 626 1988 124 632 117 1815 379 1700 851 1844 1192 1776 1994 1550 1643 1240 500 1438 1654 1797 1959 750 1094 732 1818 895 1202 85 877 137 1374 1685 493 1903 1019 1043 794 1190 1436 375 1130 210 565 1274 161 1409 756 674 1001 1383 177 1283 1029 1580 114 207 454 15 527 1002 760 1675 13 1264 314 1213 1442 860 685 1954 309 680 248 790 1284 1031 1008 1610 262 39 1333 622 724 297 829 1875 576 842 903 227 2000 98 1351 1686 184 1673 643 380 190 1230 1414 1334 1126 1155 345 253 498 236 689 467 944 539 122 1492 420 631 1003 1118 258 1320 1738 765 1678 130 827 933 1692 1786 1402 884 1630 1407 47 73 1645 1172 437 1090 931 1244 1997 1810 1417 656 1761 160 1419 1216 1306 1898 568 822 1256 1023 397 942 1780 1357 378 1784 1087 1007 532 755 1463 937 1288 1423 318 1289 1281 900 1131 1996 667 66 917 6 1756 471 1273 1764 425 1515 984 129 
minDistance: 3.67742
cost: 369605
capacity: 298746
time: 26350
maxTime: 60000
LS1: 17687/18690
LS2: 565/1003
LS3: 0/0
shakeIters: 417
shakeLoops: 38
