3.31631:3258 3.35454:4023 3.40008:4887 3.42914:5315 3.4308:6052 3.45343:7528 3.46408:7710 3.50043:10651 3.50182:12403 3.56395:24673 3.56831:27296 3.59287:30707 3.59826:31809 3.60717:35967 3.62559:41726 3.6436:44247 3.64507:51685 3.65127:51764 
369 1672 1667 984 1118 1009 449 379 1481 140 194 184 1666 185 427 1818 1932 1428 1698 656 1925 1320 1090 1692 1401 1288 1780 858 493 234 1988 1654 807 897 78 1776 1276 468 306 1014 73 165 224 532 1810 1161 1928 222 1705 1796 822 831 1003 1844 1296 1788 1213 474 467 499 907 715 1264 689 1785 1601 1520 1764 1275 1594 1289 877 985 1241 1043 1063 519 137 265 686 346 983 1476 258 77 1187 1637 1194 1172 954 47 357 86 765 396 1709 297 1645 1229 456 1088 262 550 595 749 1130 539 380 1736 642 354 322 318 1762 535 674 1040 1037 727 1057 579 492 123 1283 410 339 1246 1244 1343 970 565 293 616 1409 345 1240 576 1565 70 1463 1678 160 460 1131 177 1334 13 903 842 1192 446 821 1839 1997 628 406 342 1486 161 1552 271 1031 795 1681 1761 487 1998 1896 1230 1828 266 1356 1306 582 1561 991 1251 1177 130 645 1700 1226 41 1255 1915 238 1140 1101 1453 358 1502 1277 1527 66 1376 114 1402 1662 463 1461 931 683 1994 1464 873 1975 626 1533 965 756 722 1274 534 1512 906 750 1604 551 115 798 1181 900 189 1314 1432 567 1985 1996 243 1815 1794 865 1087 1382 482 1746 1859 466 439 87 1933 929 693 1304 1573 1273 884 375 986 643 1833 247 1383 776 35 192 478 437 1643 556 1419 1870 917 1071 905 851 1328 1685 1444 18 1396 859 1182 112 58 166 301 773 471 961 901 1655 207 199 282 204 1797 993 279 1784 1216 1391 527 1544 100 878 994 17 1180 1614 1330 1821 129 33 1593 159 1455 421 285 1675 1673 334 433 1048 787 450 1414 1013 1478 896 1803 1728 1454 1092 1223 631 610 724 117 1121 1335 1992 1589 445 1196 1324 1202 211 210 15 1365 1686 1321 623 1086 817 1602 85 88 1504 755 667 1150 1814 1620 1351 1495 1980 158 804 879 1154 39 848 598 1134 1278 236 1051 280 1151 254 838 764 1374 1029 1727 1521 372 1550 1350 1385 933 973 509 321 1857 1028 1739 1742 702 5 1606 792 1299 240 1888 1059 937 304 860 1489 1248 212 1452 1333 310 1749 1756 1786 1292 1210 554 1610 1412 1804 737 918 1783 
minDistance: 3.65127
cost: 367068
capacity: 298768
time: 51764
maxTime: 60000
LS1: 20589/21542
LS2: 437/953
LS3: 0/0
shakeIters: 498
shakeLoops: 45
