3.04262:1175 3.23603:2328 3.34563:3071 3.35454:4065 3.36805:4251 3.39146:4653 3.40095:5929 3.41677:6791 3.43139:8450 3.46408:9968 3.46658:11279 3.47204:12794 3.50182:17378 3.51724:18733 3.53635:19891 3.55555:24033 3.58508:24360 3.58702:24838 3.58771:25237 3.58934:26258 3.59287:26453 3.5936:26551 3.59826:28308 
1678 449 1814 1737 565 765 1533 903 1700 254 1161 357 1158 1037 870 1645 530 829 1593 392 1818 1288 1390 1182 1436 1673 1043 1165 1756 1545 877 906 1685 333 685 1351 1786 1686 1376 1275 1806 1118 621 379 1271 1012 1160 842 346 1086 306 1344 1469 1350 193 1923 446 958 1213 1163 1454 631 303 1059 1190 1720 1131 1539 1791 394 129 462 1569 1335 1764 1255 482 161 1975 1463 492 1556 999 1747 233 1520 630 1652 406 652 1799 1304 176 238 339 764 1334 274 1666 626 684 123 114 1925 1915 1048 1214 1561 1087 1134 1053 1227 112 987 722 292 519 651 562 177 1684 435 1820 681 1382 1240 1045 831 1084 1353 817 1202 395 154 1804 172 864 459 124 336 322 607 1512 209 159 73 1473 1047 1874 447 879 468 223 1761 1972 1187 1589 935 1437 675 1248 579 474 878 44 423 1544 553 1739 1637 185 1002 1916 1706 1256 1369 1783 1941 623 1866 405 1444 1133 506 1680 744 1797 1058 844 884 642 1328 1140 1631 499 804 1566 1702 1320 822 85 1005 1356 1101 1709 938 262 493 1417 944 264 1500 1402 1509 1325 1802 1448 374 62 572 550 1859 523 1856 1289 1011 77 100 907 1782 1654 88 380 1210 1194 16 534 773 178 70 1179 1385 1221 1943 1401 680 433 33 1819 211 1967 1681 1476 775 318 414 1815 1655 184 629 1274 1788 1119 1778 11 1643 1226 1609 983 234 1122 954 598 388 1216 1383 1830 1023 1735 1634 276 1672 1244 1217 508 770 425 475 1929 1825 1540 905 833 918 1482 78 727 258 1602 232 460 1225 1389 66 1057 421 1749 787 15 1230 243 371 367 537 1810 1419 458 166 832 865 1787 568 1950 115 1277 693 1172 80 1997 277 189 1191 117 643 860 1028 1990 667 1465 1851 1154 1596 1360 265 222 1478 978 686 461 1604 1114 690 853 86 58 820 397 272 378 1379 1938 1986 1247 617 1203 1407 1844 1278 668 1416 466 165 965 1052 924 1959 772 1954 247 616 304 1773 1549 716 1258 1559 901 689 445 2 266 35 297 577 1192 1964 1632 1151 1984 310 1092 656 1368 1610 897 1184 130 1262 478 1425 309 1306 1863 1705 567 1130 192 298 1452 1784 1003 647 845 1894 99 1438 1550 527 1330 585 1745 456 1746 895 645 
minDistance: 3.59826
cost: 365448
capacity: 298869
time: 28308
maxTime: 60000
LS1: 20316/21200
LS2: 415/884
LS3: 0/0
shakeIters: 446
shakeLoops: 41
