3.0287:1316 3.1034:1969 3.14765:2458 3.19654:2681 3.20277:3183 3.2517:4097 3.26594:4917 3.2963:5058 3.38533:5781 3.425:6234 3.42914:8572 3.4308:10292 3.43139:22978 3.47294:23383 3.53635:23989 3.54504:25684 3.55072:27820 3.56395:28992 3.58776:31209 3.58795:31433 3.59826:31523 3.6149:38399 3.6436:41140 3.6449:47103 3.65127:52820 3.67742:56047 
1161 999 1168 737 661 41 1017 895 264 166 375 2000 1417 1544 1761 1290 654 771 906 98 1478 512 1539 829 185 300 756 210 1393 172 543 1804 86 567 83 777 842 873 1654 380 1717 1561 1452 752 822 1071 1333 1412 759 1244 1283 1822 670 2 1839 164 293 917 632 1655 1932 773 279 1371 1997 1351 905 623 1402 342 1263 396 1292 965 1114 1604 1514 1681 1183 1237 474 1954 683 1101 1177 395 265 177 140 1596 1192 572 1886 492 1070 314 253 1320 675 1191 860 122 48 1047 379 642 646 82 1501 1536 1399 415 1401 645 859 1172 1130 1342 118 537 1552 779 1821 178 1276 1641 410 158 1270 778 848 878 1645 397 1675 94 176 1240 425 1975 1073 1678 657 1720 506 1643 1727 1949 1274 1685 1959 1226 1509 554 865 978 693 601 1762 258 58 339 499 1705 904 1230 760 1929 787 460 1468 1594 247 1672 101 1833 983 1797 568 15 689 1530 147 1067 240 470 1980 1350 1582 1438 1009 16 1985 643 765 13 1542 984 1872 129 297 80 1875 757 1277 1181 704 1791 938 1776 1202 877 99 466 1815 1140 1109 47 5 546 211 1967 1786 1396 534 251 1915 450 1467 130 406 614 837 322 1996 392 1305 192 508 423 272 1482 421 1182 236 78 1810 276 1007 1391 556 254 1461 471 1203 963 1785 1631 991 1442 168 1703 1356 1676 918 1131 933 1990 1383 138 598 1569 505 1121 1311 1184 88 222 1734 1972 1405 482 519 907 1688 626 85 1084 1857 961 667 439 26 870 1749 727 114 686 1819 901 987 1064 42 1063 680 197 1666 656 937 604 1134 1003 1481 298 722 1602 579 1894 109 663 1476 628 1321 1141 1938 1094 755 1118 207 1213 1160 226 1593 184 1742 1844 456 1788 1686 1789 1428 562 1313 467 902 77 782 304 1087 1891 616 1415 1575 806 729 1343 28 1106 1495 807 565 100 1019 66 1711 1289 62 539 1925 1540 1463 1423 446 1250 266 1330 1512 684 73 198 535 1986 1057 1610 1223 970 1157 1304 358 1632 1928 1454 1562 1627 1032 529 1247 897 30 532 1051 1045 1384 1029 1142 1288 875 985 309 1709 60 433 1673 1888 1299 1516 1390 1040 1037 1736 1154 357 1306 1216 
minDistance: 3.67742
cost: 360125
capacity: 298762
time: 56047
maxTime: 60000
LS1: 19236/20215
LS2: 514/979
LS3: 0/0
shakeIters: 439
shakeLoops: 40
