3.23603:2315 3.32436:3437 3.39193:4678 3.40008:6891 3.42199:10918 3.4257:11238 3.42914:11425 3.4308:13075 3.46408:20255 3.47204:21335 3.51494:21746 3.55332:23210 3.56395:23706 3.58669:24151 3.58776:24748 3.58934:24938 3.59287:25579 3.59826:37914 
1223 656 1952 1023 100 983 1680 1432 474 630 445 357 1700 1509 60 499 1092 459 414 827 1986 1151 931 96 1495 1512 30 1155 1804 897 729 855 776 1593 1573 552 550 449 820 976 1702 1468 33 860 1582 1561 1984 262 1686 462 65 970 556 1542 1001 1217 1277 193 1161 787 279 661 716 1610 272 626 1806 1602 944 1053 724 534 1762 1643 737 646 243 250 1476 166 1355 1337 1856 1452 1274 115 342 94 1216 1735 1842 240 1749 306 688 1379 1350 1453 1324 629 1799 1810 110 1226 298 1320 1672 519 878 1795 744 1985 1306 456 1684 1863 318 297 900 1678 1485 1673 1764 1596 314 993 670 1383 1874 11 170 433 1601 1334 1481 1382 672 1990 1328 1550 129 680 1204 137 772 455 1830 254 985 290 964 1017 1179 1803 345 1499 1063 1739 728 1815 247 614 1473 1554 905 78 1980 211 471 1923 222 579 848 1436 73 293 1997 1262 1500 1543 1820 1785 1163 1916 226 239 1782 1067 627 1131 929 210 829 940 1258 1134 1213 572 777 487 778 190 1154 987 2000 1202 1472 686 446 1569 539 1175 114 1566 884 1675 1101 804 1245 192 1140 1059 702 172 85 647 741 934 1959 177 379 1344 367 1181 864 1045 765 292 1571 396 1742 497 325 236 623 535 1894 234 184 1360 1130 466 1611 146 1486 204 169 168 439 383 406 806 1116 1539 1090 708 1176 906 506 58 1540 712 1685 1037 1717 756 309 322 1002 1376 1244 749 86 722 1559 837 1737 1544 1084 223 1925 1645 178 1705 310 961 752 565 1120 877 194 1466 82 727 990 291 1230 918 265 1828 1401 873 643 1463 1844 1784 773 1402 185 859 1929 1118 1590 1797 394 425 1003 380 1302 937 1203 434 554 938 1290 642 42 1033 1972 782 828 1802 584 1314 303 689 759 651 1428 266 1351 424 693 1356 1093 1467 152 1908 1825 460 432 1604 1761 2 1288 1192 1126 1119 1182 1609 1172 482 101 907 933 1746 667 1681 189 1185 750 304 159 568 285 954 764 973 567 233 1190 1385 1783 1391 1727 505 77 1967 525 895 334 653 1839 492 1333 1009 1191 339 562 1180 346 1666 165 1620 415 1276 1787 1454 757 616 423 1655 1057 760 1788 392 924 1250 1654 
minDistance: 3.59826
cost: 365634
capacity: 298755
time: 37914
maxTime: 60000
LS1: 19211/20144
LS2: 483/933
LS3: 0/0
shakeIters: 432
shakeLoops: 39
