3.10298:1768 3.14991:2296 3.15456:2636 3.23603:3132 3.24957:3981 3.27033:4367 3.36942:4857 3.40095:5679 3.40802:7796 3.41677:8369 3.425:10903 3.42914:11571 3.43139:14628 3.4531:16498 3.46408:17017 3.47204:17300 3.47294:18691 3.48261:18858 3.50043:19729 3.50182:23191 3.50372:25556 3.51618:31438 3.51975:31580 3.53635:59086 3.53805:59463 
1280 1806 446 1453 445 1196 1438 1655 1172 1119 460 865 1468 1359 1756 1466 681 787 277 129 380 1996 1288 394 1353 247 227 995 371 1029 1228 938 895 86 800 60 965 656 1275 514 831 1582 1304 1051 954 1830 1283 1896 1177 1356 1101 494 1216 1150 1088 490 115 66 961 935 358 144 1475 1590 1028 553 556 1160 1700 1240 1328 577 1489 463 1549 1761 567 1589 1615 42 1552 1611 1764 1980 1710 1182 510 1047 1313 114 1728 1802 963 897 626 1745 686 631 1656 1815 1306 78 117 693 642 245 307 1042 546 684 126 878 1000 1463 1401 1247 1481 281 667 884 1419 238 492 1367 1351 306 993 1073 83 310 1383 1609 439 2 1742 1672 1654 562 1057 1114 1667 1580 1634 1569 941 1555 529 875 322 568 1217 986 457 480 737 912 905 722 1335 1299 1685 477 906 325 1748 929 1278 1274 1512 13 474 1776 88 1448 1839 900 1610 1773 379 1645 1321 242 466 873 1856 1894 1675 917 777 1821 1155 1157 933 863 354 727 170 499 1614 1056 1097 1118 130 1671 1203 1369 1499 829 1213 1011 1606 346 1452 1643 1985 33 1810 164 1179 527 604 1979 1055 1600 1249 1762 318 94 1224 1657 397 1244 1833 207 1653 1376 258 1861 842 1784 985 690 580 994 1666 268 184 519 598 1144 972 1804 1596 1801 1737 1273 254 1579 1161 406 1738 1059 860 988 1003 392 485 1255 1556 838 1780 859 770 1997 757 1783 266 251 1194 32 1052 563 752 47 1067 680 1507 653 1412 240 421 1195 497 844 1914 1844 765 1702 444 1859 300 185 730 773 1852 802 1795 487 1705 1604 758 918 1357 814 1061 1355 1439 858 1130 1822 1686 1542 1134 1845 1990 304 1975 1226 493 1594 991 1416 964 178 1495 1071 1992 1414 745 1461 953 1409 870 1720 1206 5 689 817 85 199 1094 48 983 1573 629 756 610 1923 467 1818 1333 98 688 1087 572 1021 1180 1382 1736 643 565 1676 456 369 236 265 1504 534 1248 1932 901 462 1509 1735 1040 1007 475 1899 395 1797 357 414 166 498 1406 39 931 1334 907 1749 804 837 1009 374 1593 675 750 1478 272 297 1165 1350 1454 1430 720 1739 280 952 1673 1446 1948 375 112 73 1267 293 433 1482 1192 670 904 222 423 984 342 1402 987 1202 525 962 100 
minDistance: 3.53805
cost: 369810
capacity: 298749
time: 59463
maxTime: 60000
LS1: 20168/21080
LS2: 397/912
LS3: 0/0
shakeIters: 490
shakeLoops: 44
