3.08645:1287 3.4257:3659 3.42675:5610 3.4308:6069 3.47204:10497 3.48968:16977 3.49166:17834 3.50182:19036 3.51627:26827 3.52239:29746 3.55072:33862 3.58776:36974 3.59826:37388 
1650 999 897 1187 254 1216 1182 1008 986 318 467 1226 297 397 1276 341 1175 331 1786 907 1700 1654 1975 1556 529 502 1566 447 134 1797 1192 684 1604 1172 823 1552 425 1355 1620 1980 1839 848 1334 224 63 1500 1306 1834 155 772 1371 1657 1507 1905 1401 829 1821 1204 1783 603 577 1191 1593 1114 19 264 1190 759 712 449 1057 1240 499 1825 1042 406 210 1915 1666 482 1550 1662 1727 1506 1328 917 628 122 1127 85 794 445 118 471 484 808 1746 1121 1230 1540 1003 48 1274 622 1051 498 50 1134 821 497 842 290 78 683 492 1029 251 1270 1123 1144 1686 991 835 39 1064 1181 1454 1655 1582 1819 433 379 222 943 944 745 266 903 1210 1202 1680 77 1001 1417 1561 817 807 572 354 1706 101 1070 446 1040 1087 553 1764 207 994 1857 176 1709 534 727 293 1407 166 507 782 260 1645 1527 851 439 1761 645 1151 686 1289 333 1290 1967 902 130 1925 6 1037 901 1383 1976 562 357 392 123 831 1844 1402 975 380 1739 1954 1744 598 546 1596 724 423 860 627 42 565 234 1196 1852 556 781 1929 400 1639 1828 737 877 904 1463 1569 1367 642 1801 567 5 1818 1468 300 1533 1442 1090 358 1396 1412 938 1560 778 1415 1594 1205 752 1789 272 970 1267 236 490 1509 756 86 1796 833 114 965 760 277 303 643 247 693 1745 410 653 1357 1643 129 298 729 656 238 757 987 1122 1343 803 136 1681 1124 1448 790 1994 983 1045 1672 1816 1223 1360 1602 184 614 1673 1959 1320 1349 185 371 933 1829 749 1211 1874 850 1788 801 584 1804 1409 274 1416 626 1609 440 1304 506 1071 456 1023 525 1810 1244 1652 765 1376 1131 1092 878 1264 1627 667 73 190 1756 1227 670 1130 795 314 1629 1299 468 1698 822 610 1776 1539 1403 681 1453 243 1481 961 1118 2 1584 339 723 1032 58 1485 493 369 1923 551 1738 675 702 258 629 276 937 1611 1861 1351 1472 879 895 253 1896 265 474 1011 66 1653 869 1097 1110 1610 1898 13 802 1350 775 192 15 1493 579 322 1333 518 334 1271 1067 1512 1749 198 117 1052 618 1438 787 918 519 304 1766 178 98 1932 1997 657 1502 466 1751 1019 1452 1875 88 1544 1213 153 905 773 
minDistance: 3.59826
cost: 361826
capacity: 298795
time: 37388
maxTime: 60000
LS1: 17640/18547
LS2: 507/907
LS3: 0/0
shakeIters: 387
shakeLoops: 36
