3.12899:2027 3.14765:2486 3.22779:2857 3.26997:3201 3.32436:3482 3.3992:4312 3.41584:4674 3.41677:5689 3.4308:6090 3.43139:6232 3.46408:6671 3.47204:10071 3.48261:10303 3.48872:11205 3.49548:11426 3.50043:20256 3.50182:24163 3.50372:25013 3.51627:25170 3.51839:25389 3.59826:25877 3.60717:25969 3.61592:26444 3.62002:26618 3.62975:28500 3.66273:29716 3.67742:32423 3.68291:42712 3.68682:43064 
820 835 114 1356 1092 1118 1839 1240 1807 1539 1764 1686 1143 1744 1594 565 358 1717 1544 918 1814 1223 50 1155 33 744 1321 1802 1304 262 211 1559 411 567 470 395 1160 1114 1726 1454 1302 530 629 1090 989 1601 1330 1828 456 85 1654 118 322 265 684 1975 1629 1556 1761 1606 577 1334 757 615 1736 73 781 1492 466 48 160 1894 720 755 1478 642 999 1967 631 1134 1438 304 492 334 192 290 913 1655 576 1416 1071 600 806 1954 965 1383 907 532 1130 445 1390 379 1205 1666 1988 1184 1333 1266 1821 1351 845 1289 1306 686 1401 623 865 345 817 1983 1742 1479 1008 1671 944 232 1509 1248 1959 209 598 1673 446 505 86 1602 1276 579 190 1645 342 737 96 1825 1182 1997 904 1216 889 1277 1552 1672 1797 204 1530 1031 988 357 905 1980 556 1804 685 80 77 1192 1829 929 643 807 859 66 1562 238 917 1778 243 375 1051 306 115 197 1833 1185 177 1609 1589 1678 450 301 860 1662 62 406 487 1476 504 1600 298 1896 1094 42 1384 787 1119 554 1604 1106 493 1486 297 1420 28 1688 1514 1281 1230 646 333 931 804 727 467 1756 1423 1063 460 1727 439 81 1925 1258 1172 831 1126 506 745 222 421 1464 166 1121 474 1283 1357 339 1150 1846 124 1151 210 1344 212 1350 254 1027 762 300 749 1786 425 1681 303 1402 535 1249 423 519 1787 1288 1043 498 457 939 1783 488 1734 144 1217 693 873 1481 1630 970 2 1500 253 1739 626 534 185 933 680 233 1810 117 1040 1073 1843 478 1664 1915 706 1328 12 480 1685 1256 1064 1045 1660 960 1463 293 855 1675 1059 1795 1495 392 1643 877 1087 1990 1163 925 63 1776 1550 1512 656 683 1320 937 112 336 902 331 1610 1652 1161 878 1700 897 1784 394 1022 130 1466 1213 1593 1226 434 1203 1657 1844 15 1465 468 1966 1788 129 240 1057 1555 892 1368 572 1131 499 842 1834 1863 128 1785 961 462 1409 884 667 1369 410 272 777 1037 1859 1875 1264 895 1637 1335 985 1596 1705 482 433 437 1097 1482 723 380 1190 1029 1003 1573 1385 773 829 100 178 88 645 765 369 1938 123 266 1314 1255 1244 1698 568 247 801 449 227 184 
minDistance: 3.68682
cost: 362547
capacity: 298734
time: 43064
maxTime: 60000
LS1: 19290/20174
LS2: 414/884
LS3: 0/0
shakeIters: 441
shakeLoops: 41
