3.04262:1258 3.26594:2814 3.31631:3138 3.32436:3581 3.34563:4352 3.34599:4751 3.36805:4976 3.41677:5644 3.425:7954 3.4308:8974 3.43139:9186 3.46178:13635 3.47688:13951 3.48872:14117 3.50043:15483 3.50442:17969 3.51839:18283 3.51923:18728 3.52356:19291 3.53635:19384 3.54503:22966 3.55555:27525 3.58508:29332 3.58771:31139 3.58776:31414 3.59808:32976 3.59826:35315 3.62559:37999 3.6436:38611 3.64855:40083 3.65127:46108 3.67544:46340 3.67742:48620 3.67757:55608 3.67762:58541 
153 26 1859 41 1223 1746 1602 1101 1700 1006 1045 1932 1278 842 778 1244 1688 1983 234 395 1762 1749 1874 761 1610 1756 803 631 579 1067 689 85 406 597 423 178 720 1802 1192 492 19 30 797 1396 1465 94 1785 1217 1351 629 1992 1875 759 760 724 1643 336 33 1623 2 456 197 1240 543 895 1509 1330 266 166 198 1172 158 535 1466 776 704 1481 5 1180 870 39 873 100 755 115 1299 1427 1673 749 1997 74 60 1594 878 1814 1828 1106 986 58 1764 1213 1830 904 1161 1593 1385 1416 1203 1134 185 667 118 354 897 48 817 1464 1846 159 1288 1500 236 45 66 1271 546 1632 1390 802 1665 1023 683 626 1342 686 1182 160 1596 1350 1304 1959 499 272 1467 1216 665 1819 1320 1143 994 1821 1119 556 375 1051 303 1048 1463 1994 345 1402 1328 433 1761 203 509 1972 1540 1941 798 482 642 772 1333 1423 505 374 884 86 1360 1810 1100 1650 820 1631 1783 276 1742 801 170 1747 73 50 865 604 293 534 222 1788 1773 1391 475 1262 1672 1002 1990 844 123 1894 130 297 304 240 765 192 514 1476 985 1702 300 126 907 414 643 598 1544 1357 1454 1003 623 109 462 565 663 1675 737 651 415 1183 253 1274 1032 1903 470 1637 1376 702 782 1230 519 1130 1975 1382 339 1029 466 392 1521 238 1478 1063 917 1031 1105 1334 114 1590 901 397 176 1589 933 1980 437 439 1736 1409 1057 1652 1053 357 792 77 1495 1561 1686 1514 657 309 1087 1533 1468 460 1606 1190 1059 1844 161 1277 1684 1116 961 13 729 1248 508 124 770 1685 210 1037 696 1305 1872 929 1205 905 254 1131 1577 1825 728 380 1412 1898 298 99 1575 396 367 1861 1739 291 264 358 129 279 212 1383 937 973 965 918 779 1043 1988 32 504 1776 1276 1604 506 247 1727 152 860 421 88 285 675 1365 394 573 656 1797 859 1786 80 379 875 787 1142 645 1401 242 692 1306 1834 806 209 1919 1451 821 1226 1645 1899 693 1681 425 1705 1778 1666 1801 877 616 554 1073 727 999 567 117 179 1654 1839 822 184 614 1356 1925 1512 903 1555 322 935 
minDistance: 3.67762
cost: 366267
capacity: 298760
time: 58541
maxTime: 60000
LS1: 18181/19088
LS2: 448/907
LS3: 0/0
shakeIters: 424
shakeLoops: 36
