3.22111:2243 3.23603:2544 3.2517:2704 3.2963:3886 3.40811:5463 3.41677:5617 3.42675:5983 3.42914:6114 3.4308:6594 3.47204:7187 3.49548:10103 3.50043:10330 3.50372:10820 3.5546:13560 3.58508:13775 3.58771:14936 3.58795:16196 3.58934:21840 3.5936:21933 3.62002:22195 3.623:24589 3.6436:31323 3.65127:41403 
290 184 1355 159 117 497 527 297 1894 1975 1461 266 1828 1839 109 1003 466 771 610 9 1040 1463 983 1863 1959 1467 651 276 81 1390 1134 1952 73 423 1465 1761 1917 1416 406 668 1799 460 1530 315 1485 1872 1203 253 1789 304 1786 1915 1221 1067 1593 1101 77 680 875 1875 1057 1489 1954 1371 1876 1575 1637 1488 514 1705 1283 987 254 11 822 1492 1082 530 322 612 1787 732 1649 1856 954 873 1454 1476 54 474 1764 1070 1063 1172 1401 1192 1151 584 1539 247 456 1735 1288 123 1810 1071 1903 1482 777 502 1801 903 645 245 2 686 693 189 424 829 1580 383 1202 209 1654 1686 1559 1412 1666 154 435 1734 1739 420 684 975 115 1364 67 50 901 1821 1717 667 418 1727 1478 1466 1844 1292 944 80 1451 1094 1130 222 94 42 1328 1675 1685 1344 100 1680 339 1342 984 1321 567 272 1742 1818 1409 358 1258 1700 553 1566 672 446 897 1012 129 1427 1244 1888 764 1919 568 1672 817 421 1160 410 1643 646 1270 1773 1544 689 97 685 696 380 1001 433 833 178 298 1191 1274 118 820 172 792 1230 1073 1652 318 414 1131 844 1059 1181 642 534 185 379 238 301 492 86 1785 1898 482 210 802 314 1816 1357 1979 47 1473 177 579 804 88 1402 333 1240 392 750 1262 933 1028 112 1833 525 615 895 859 1154 1383 1199 1008 604 349 66 999 197 623 1118 1320 1610 641 643 498 1391 214 309 1097 1158 845 827 236 1632 2000 1997 1552 190 1540 240 656 1515 765 1806 1385 1335 394 768 727 1596 1349 1423 1495 98 1681 1604 1064 1121 130 12 675 1356 1306 1609 626 78 166 905 378 137 565 1990 628 853 1105 1560 1455 860 168 842 985 1673 617 1226 336 1302 1185 1561 631 504 1797 1501 938 907 1422 953 1916 1245 470 487 206 243 58 1749 1996 1631 572 5 1573 722 1216 1994 1350 1210 415 1711 263 506 374 847 1351 1379 471 1834 918 657 1090 1819 1512 251 1161 175 520 576 1194 1985 904 1417 1213 535 878 1645 745 170 1529 1783 1468 160 1114 970 357 1602 1562 1017 752 1509 1788 1756 1043 26 258 1223 757 1517 1289 1775 937 1556 787 1255 1107 411 1084 395 397 
minDistance: 3.65127
cost: 368750
capacity: 298827
time: 41403
maxTime: 60000
LS1: 20170/21062
LS2: 380/892
LS3: 0/0
shakeIters: 489
shakeLoops: 46
