3.01828:1142 3.19654:1942 3.2517:2417 3.27033:3174 3.3244:3505 3.34429:3876 3.38371:5108 3.40095:5294 3.41677:5602 3.42675:6428 3.4308:6717 3.43139:14377 3.46806:21405 3.47204:25955 3.49548:33998 3.51618:34785 3.51724:36630 3.53635:37263 3.55332:39115 3.55555:40295 3.56831:49300 3.58776:53873 3.58795:54981 3.5936:58416 
1277 285 1306 1071 1452 965 1967 1637 410 482 1190 1929 1464 1915 1673 1057 1784 833 1360 1052 1055 551 978 382 1569 1320 1202 1225 426 1428 1029 1328 480 1933 192 248 412 178 889 247 1334 509 314 1274 1676 1717 1602 1064 227 421 1299 504 858 749 414 1205 506 1685 1996 870 1221 1333 737 579 467 814 303 1802 1925 1003 863 179 39 437 1021 757 466 1684 309 612 842 1761 903 1776 1151 944 1875 841 901 1594 471 859 408 779 1573 1017 1742 114 610 1465 446 297 1844 1739 1604 254 1975 1705 1402 907 26 1237 170 1012 878 1688 277 565 1584 13 984 298 584 1321 261 1284 342 918 161 1609 1997 1796 1384 1412 1227 1230 1544 1376 1273 1563 817 598 755 443 1172 895 717 803 1351 765 1948 642 831 1141 1954 683 782 629 333 1094 1972 1283 468 406 243 1500 1134 777 462 1611 750 973 597 30 1194 897 1736 1191 651 929 1917 631 553 1539 1506 535 773 1542 1226 760 1217 1828 85 1401 1356 1839 1700 117 1304 1666 622 78 752 1213 933 225 358 626 1119 705 42 1223 1749 991 81 380 657 1959 802 1453 203 604 1355 1785 873 727 474 653 693 1216 1789 1251 1305 1493 1810 189 185 1409 374 686 236 222 341 339 1419 1499 357 790 904 875 1593 825 499 1579 964 821 953 58 1391 1788 756 1797 665 1463 1990 1662 1502 924 1853 1764 744 1032 572 954 1680 702 266 999 534 1158 1245 322 1154 1822 906 1794 550 1681 1249 646 439 937 456 1486 1560 258 1795 1045 460 1258 238 539 880 94 567 556 493 1011 1672 1645 1244 1087 656 1928 555 1423 1182 1596 1894 184 645 1601 1610 445 1481 759 985 1914 806 685 804 1654 470 1833 1652 455 197 519 1727 1264 1350 748 1803 1461 961 1140 325 1623 1643 1709 1550 844 1431 1330 1289 212 1821 1856 623 1509 729 627 1353 33 1801 1314 276 931 118 643 354 764 207 1358 917 500 1722 1051 724 667 1756 1658 379 498 392 59 1248 532 1932 1165 251 776 1240 1780 1161 1686 122 115 1008 1307 1565 88 544 1002 433 1783 427 1476 50 1246 304 1804 1985 1818 787 1288 1675 400 614 12 970 1863 1512 1766 1059 512 546 1073 1437 1834 1485 395 
minDistance: 3.5936
cost: 363102
capacity: 298787
time: 58416
maxTime: 60000
LS1: 16970/17889
LS2: 526/919
LS3: 0/0
shakeIters: 369
shakeLoops: 32
