3.2067:2080 3.29368:2941 3.31506:3701 3.41677:4656 3.46999:5775 3.47204:6026 3.47294:6223 3.48872:6480 3.48968:6703 3.50089:7990 3.50131:8321 3.50372:9020 3.52921:9343 3.55072:11991 3.58508:15829 3.58771:17161 3.59287:18454 3.62367:23869 3.62975:24102 3.65127:25378 3.65436:46247 3.66273:47683 3.68291:47868 3.68682:54053 
897 1246 1105 1544 1008 466 1717 943 667 1580 889 322 973 1685 1029 1604 689 1764 1306 1996 1818 491 96 1101 534 423 546 1678 504 1623 1311 1402 807 623 1780 117 339 750 1121 1783 1032 254 33 175 222 1019 1190 765 1797 895 1526 1672 752 1761 1106 1664 1929 1643 1419 873 198 1271 380 1334 1454 272 1255 617 616 1043 1182 657 1967 1230 1907 1409 853 1289 426 1943 539 456 97 693 1979 58 1727 425 870 704 482 551 460 756 414 210 153 1466 1589 161 1051 357 850 1610 1629 304 806 868 859 1997 1891 550 1756 1521 1828 1442 115 922 1539 1373 632 1804 1736 825 1217 1452 1464 307 963 845 1675 77 1776 369 212 300 508 921 158 1244 1094 166 1140 383 626 565 264 1512 1649 1975 454 439 1401 178 1886 467 223 379 760 435 1925 1676 253 1888 1023 778 727 1556 1047 525 931 1746 2 1226 509 1223 1748 1749 1119 1552 729 1274 1495 1131 933 1450 1681 1283 978 1839 924 1530 1142 532 1833 904 1053 631 827 1763 1087 41 470 653 1172 519 865 905 184 247 1328 1816 429 1954 1788 490 1428 1057 480 1593 1299 1542 334 1351 755 1791 1240 663 1739 579 1202 1822 584 1645 1451 1256 1003 1166 512 556 1067 1654 16 406 238 124 531 78 1786 354 86 1666 1810 1577 1239 1406 1011 1382 1264 446 1005 168 1875 1550 290 420 492 1637 672 907 293 688 1009 60 1037 1160 262 1631 1360 712 1453 1333 1374 1229 129 1073 1655 937 437 1830 298 410 1842 684 243 88 396 1784 877 944 1720 1801 1686 724 1990 1261 994 234 1191 1045 984 764 1391 260 1667 371 1205 911 1048 1705 1734 1912 1896 1290 493 1817 1844 1216 1350 139 1463 123 66 73 1014 567 114 233 192 1163 17 820 1394 1288 177 1040 822 240 808 1134 1859 1356 291 970 787 1118 999 568 1799 985 5 1365 395 421 642 1700 1959 1596 604 411 63 860 1359 85 1161 449 336 1602 433 645 656 643 1436 1657 1423 388 121 434 1196 1509 1785 1292 1342 375 297 1192 2000 842 13 902 1258 918 1698 925 474 232 675 1972 1478 1673 342 779 879 208 577 266 1915 100 185 397 331 1980 1407 1383 1203 
minDistance: 3.68682
cost: 368535
capacity: 298750
time: 54053
maxTime: 60000
LS1: 20165/21048
LS2: 372/883
LS3: 0/0
shakeIters: 487
shakeLoops: 45
