3.20277:2113 3.34563:3366 3.35454:4126 3.36805:4395 3.42199:6281 3.42675:6994 3.42914:7333 3.4308:7548 3.44122:9817 3.46408:10914 3.46806:12649 3.47204:12862 3.48968:19080 3.50043:20578 3.51618:20925 3.53635:21022 3.54503:24317 3.54504:34355 3.55072:37827 3.58934:38277 3.59287:38357 3.59826:39241 3.6154:41717 3.62367:44207 3.64162:44903 3.65127:47110 3.65436:53913 
1822 838 189 897 358 238 466 13 1032 272 1643 1501 357 1045 509 1833 1673 844 938 456 1751 1376 112 696 1764 178 853 410 1140 394 1788 322 446 918 534 1928 1472 1738 656 842 212 727 1087 1134 1552 290 1602 999 1802 759 184 907 1402 1262 745 773 1451 129 1304 933 54 1299 293 1027 482 1992 1057 1844 661 78 222 1980 298 1043 371 1857 1834 1915 646 1979 1975 1177 1437 1131 495 1839 519 1997 297 1283 1634 1485 1803 787 346 177 1071 1351 986 77 689 1745 1163 342 449 1853 944 1248 1390 1191 623 159 1409 556 236 1830 901 1926 1154 860 1330 1797 1667 88 118 1396 1063 1954 1289 204 565 397 414 123 406 1916 266 1528 1785 1391 1325 837 1527 1230 1596 253 11 1130 172 1452 1609 1749 176 80 498 490 1284 1526 33 124 1698 684 1828 433 1350 1014 1364 1320 1213 245 642 60 1540 1705 510 1244 878 42 629 309 643 66 801 437 1786 1379 924 1450 953 1917 1610 30 1627 506 879 765 965 667 1417 130 756 1600 1859 970 550 1412 50 1530 321 1796 543 752 1226 306 1561 1654 902 1821 598 1875 546 975 1021 478 764 1657 457 1761 1088 5 423 232 247 1190 579 942 1645 1059 806 1118 829 859 1509 1082 392 114 1593 1192 737 1678 1003 1894 1500 265 1620 610 820 1932 1476 1985 1946 331 1810 1369 380 663 688 198 1709 1686 905 895 1461 153 1090 722 333 1161 1784 234 929 117 778 264 99 1481 20 211 1240 1929 460 1419 170 1672 1630 577 873 280 1569 631 262 1438 1925 1119 192 1165 1637 1290 318 207 1550 1217 1029 1454 532 1746 1092 492 567 271 1216 1685 499 626 1383 702 1040 904 1274 300 1306 539 1815 1727 1105 1187 804 1158 339 1116 1106 86 1463 1891 1415 279 1604 1700 493 584 755 421 757 749 1825 680 1001 2 334 110 1264 1990 72 1756 1277 461 614 1255 1742 1196 1799 74 641 455 100 1512 379 1328 470 1101 831 1495 185 1401 985 1544 645 1515 1428 73 161 1465 568 1280 445 1321 474 1356 304 41 884 254 1334 240 1094 576 850 243 1202 1739 1818 1666 572 1482 693 1408 686 675 354 1172 1333 1631 775 903 1359 1662 
minDistance: 3.65436
cost: 361919
capacity: 298731
time: 53913
maxTime: 60000
LS1: 19441/20354
LS2: 435/913
LS3: 0/0
shakeIters: 451
shakeLoops: 39
