3.01828:1115 3.25631:2907 3.26594:3141 3.33093:4087 3.34429:4448 3.34563:4592 3.35454:6994 3.40095:7526 3.41247:10640 3.42175:14566 3.425:15177 3.4257:15399 3.42914:16086 3.4308:19725 3.46806:22493 3.46999:24643 3.47688:25931 3.51438:30753 3.51923:32051 3.53635:35022 3.55072:35165 3.5633:38668 3.58776:39819 3.5936:43930 3.59826:45344 3.60717:59704 
531 1727 1192 1358 1350 383 787 1761 109 778 911 222 1172 863 642 1652 1288 99 1975 380 1495 698 1090 1700 336 1593 1501 166 1043 1561 1645 112 645 392 848 54 1672 225 572 161 1357 1428 1802 165 33 626 1092 737 1419 1502 468 1819 1762 498 1313 1620 460 1382 236 101 179 1482 1667 1763 1438 272 938 1355 252 1401 773 1988 1315 1032 271 903 680 1602 777 1678 1606 309 198 263 577 720 414 1423 456 345 357 1203 798 425 1818 397 1270 1045 314 1749 11 1101 1954 764 1810 466 530 1328 1817 1984 184 897 492 290 1675 1844 677 1466 675 248 342 600 1009 1512 1318 853 1985 1325 1134 1785 828 1738 1223 1330 203 860 1248 1952 266 1033 657 1463 1015 1240 565 1736 73 1299 298 1787 1611 322 519 80 873 1130 1256 1359 1771 1376 279 921 1768 1673 1216 1783 715 285 1582 1061 1478 1261 379 1225 1029 933 1274 983 1412 13 1244 1202 247 1959 749 310 210 508 1499 1052 712 1390 449 1385 1048 1436 521 1267 1857 193 1485 1396 2 262 1698 1666 1230 194 423 176 928 504 499 1442 240 918 1739 462 429 297 1290 884 115 879 1609 126 264 1002 792 1631 907 1481 550 421 1540 1351 567 534 576 1468 1623 1604 1655 381 1119 173 999 172 579 1764 1799 765 1555 901 1407 243 495 1402 1200 1654 1865 629 1872 439 757 177 185 1055 1616 1839 991 1094 159 239 1093 15 1264 1334 1994 482 1067 520 772 1649 1154 1037 817 1492 1019 1343 922 292 406 1590 1806 1379 98 1685 1916 97 1594 1120 623 1596 433 1747 1454 1653 1255 1705 877 1756 445 1788 1429 1374 727 282 1830 1179 1151 896 551 1217 1784 937 906 689 756 1550 776 1161 1804 1681 1262 1005 808 46 1023 987 100 88 1770 1012 1053 964 238 1825 1213 333 274 1414 1970 1165 643 395 835 905 1997 58 1544 320 1643 970 1851 1057 1489 1801 1477 1022 1797 130 806 192 78 1662 339 5 1062 1226 304 1063 129 614 1333 618 331 1175 994 1576 434 160 1874 1247 761 1031 254 153 1276 833 965 1116 1741 1657 1205 96 1160 954 1967 1001 1306 1990 831 1006 375 250 117 1003 1194 1356 1702 1686 41 693 807 895 641 985 
minDistance: 3.60717
cost: 364732
capacity: 298820
time: 59704
maxTime: 60000
LS1: 20112/20990
LS2: 403/878
LS3: 0/0
shakeIters: 449
shakeLoops: 41
