3.02664:1276 3.06495:1601 3.24491:3048 3.3985:4357 3.42175:4777 3.425:4867 3.4257:5373 3.42675:6402 3.4531:6674 3.46408:6934 3.46658:7189 3.46806:7303 3.46999:7431 3.47204:7583 3.51975:7888 3.55555:11017 3.58508:11696 3.58771:11877 3.58776:13179 3.59826:21479 3.60717:41359 3.62002:41587 3.62975:45409 3.63638:45698 3.6365:46248 3.64855:49918 3.65127:51027 3.66749:52482 3.67544:52578 3.67742:53099 
115 1194 614 1592 831 897 752 1825 298 970 680 1275 80 1177 173 1130 240 197 1179 728 159 1876 1333 646 1786 1764 643 1894 903 755 1019 626 222 1339 1120 865 1655 1746 1299 983 905 342 537 675 1544 806 1365 1180 238 1407 74 1396 388 449 500 1032 1972 1575 988 595 1356 1230 212 78 1391 1226 1154 1271 1192 1141 598 534 1657 1438 460 727 1687 439 1463 1833 1797 1837 938 1165 210 689 100 773 1062 1274 858 1700 1802 99 272 410 1390 1379 1304 1330 1476 2000 1676 1913 232 1043 304 1654 1023 495 331 565 1509 961 844 86 958 234 1143 889 737 1539 1875 322 1053 1529 1649 1119 724 860 1593 686 1223 1776 1839 73 519 1350 1675 260 1131 130 918 394 585 1195 1150 1402 935 478 895 154 1815 379 224 264 185 1804 423 572 505 1420 13 765 1610 493 1382 1423 39 1795 266 554 88 1202 1255 1801 1437 1643 556 933 1240 506 1262 1602 5 1401 462 567 1662 1140 425 1771 177 1629 873 172 1540 499 292 1376 333 1040 1106 129 623 1552 297 463 1606 1283 1244 158 397 1747 917 254 1948 1810 1118 47 546 357 1971 1925 1161 1087 380 137 1160 198 1314 1645 1465 1037 1288 999 1542 374 1229 645 1561 798 1998 50 401 756 1351 77 1844 1088 445 781 616 579 1057 114 1270 1943 1980 550 176 325 293 1412 1134 395 1739 760 1736 1727 1685 838 1048 667 694 1637 1705 421 1756 2 85 492 153 1205 161 1495 16 663 1819 124 1932 178 907 532 1515 1451 1673 1672 1681 339 887 568 345 1997 1590 1029 1512 192 1237 300 285 1472 435 1596 1073 184 358 1466 1630 41 118 1213 112 166 189 904 1717 822 1383 535 265 1210 978 604 1723 629 1691 1562 433 318 1264 1114 1632 247 1452 1276 446 375 58 509 1749 1306 1217 1761 877 870 1956 1684 1604 60 1828 1216 1203 1666 1454 937 1416 657 513 878 474 764 1003 1686 243 1320 33 1698 1821 1126 859 1335 262 1101 631 123 1063 1975 1081 991 642 1172 66 829 279 456 1182 117 466 1501 1200 817 1094 543 406 482 693 336 924 1489 954 776 1834 1988 1678 437 1785 1783 309 787 850 
minDistance: 3.67742
cost: 366188
capacity: 298742
time: 53099
maxTime: 60000
LS1: 18358/19350
LS2: 547/992
LS3: 0/0
shakeIters: 415
shakeLoops: 37
