3.02502:1305 3.31631:3031 3.38371:3605 3.39193:3693 3.40008:4316 3.4033:4936 3.4308:5318 3.43139:11621 3.44028:11854 3.45258:13688 3.4531:15402 3.46178:15635 3.46408:16011 3.47204:17037 3.48009:18565 3.49617:19996 3.50043:20564 3.50182:21131 3.50372:31672 3.51438:39383 3.52834:42750 3.53618:44325 3.55555:44544 3.58771:54026 3.58776:54475 3.59287:56740 
1684 332 1746 184 211 1789 1029 835 976 845 1666 1654 1932 1611 277 1134 970 627 1369 1385 322 463 868 1190 1009 115 556 1467 1720 651 1465 88 917 1870 1481 1357 1706 832 39 568 535 375 1090 1330 842 1472 1923 1181 772 1476 639 839 759 584 1846 1756 42 1003 474 5 562 1959 333 1180 1997 247 1419 406 825 1240 1488 1816 1325 1542 1876 166 1351 1453 1727 1097 1101 1762 117 1645 727 1382 1192 1306 110 346 1027 906 853 631 1516 421 1175 498 534 28 394 1023 1990 765 189 1492 1417 1631 203 1271 1539 787 610 432 1649 374 1612 937 1903 879 234 123 1143 1015 1151 1609 266 1233 198 1092 1736 907 1179 626 933 1943 1021 653 293 878 903 1705 165 1011 66 1818 1172 292 1227 410 579 300 901 1737 466 1941 889 1561 943 1251 467 511 1778 222 550 243 860 1673 397 675 1407 447 15 1202 1005 532 1274 1596 1320 693 1566 1500 336 1223 964 607 456 1544 1562 1620 298 724 1161 192 1559 74 1141 423 1569 182 262 1912 1828 985 369 497 440 304 1637 1785 641 745 185 1804 539 1217 773 306 1976 1788 877 1120 1810 645 1012 1118 1358 944 1819 1825 795 1216 572 1158 1248 254 983 1224 73 1368 11 1833 1686 1114 197 124 1863 1087 331 1815 206 688 1244 97 1396 636 1776 1604 439 395 1749 482 1454 900 1373 433 1409 1675 1086 460 238 1344 1290 859 1255 59 33 60 1359 790 899 1194 176 1573 388 1258 78 382 1006 30 1439 1288 98 1512 643 1402 751 1499 1888 689 873 1399 1784 565 778 1270 1839 1975 1463 905 1896 1334 114 1747 851 757 1412 303 1844 1797 1249 383 1722 680 1333 994 509 437 99 1972 159 253 600 567 737 342 357 458 1360 380 684 1643 1431 1429 1121 1540 1593 1057 844 938 755 314 1602 265 829 414 358 929 1600 729 1343 726 1739 1915 411 1119 1154 2 804 918 1821 1594 1416 1200 272 281 715 1305 1160 1678 1680 722 1328 1984 100 1229 1264 1002 1374 1761 457 1615 1401 1796 1681 130 1067 379 895 656 1047 1610 271 1379 836 1717 297 1059 1386 897 756 1491 1764 493 1662 1709 642 1355 1307 172 1917 1830 1001 713 1967 686 1783 178 499 1700 1053 1289 1350 
minDistance: 3.59287
cost: 365465
capacity: 298950
time: 56740
maxTime: 60000
LS1: 19624/20504
LS2: 421/880
LS3: 0/0
shakeIters: 433
shakeLoops: 39
