3.04262:1216 3.14765:2293 3.14991:2470 3.18786:2762 3.20731:3963 3.23603:4285 3.2517:4627 3.26594:4914 3.32844:5946 3.34429:6743 3.36075:7177 3.36805:7605 3.425:8322 3.4257:8642 3.4308:10063 3.47294:13613 3.48968:13892 3.50043:14196 3.50372:16343 3.50966:17448 3.51618:17638 3.53635:19813 3.55072:23632 3.58776:26321 3.59287:30555 3.61266:48888 3.61359:56824 3.6436:57983 3.65127:59251 
1528 792 380 1649 1182 775 822 1739 1320 1401 532 1131 1028 844 1191 918 109 1428 1486 58 1342 498 130 895 1029 1466 1467 1834 1632 1240 1106 1604 1412 597 410 760 1476 474 1916 870 129 406 1143 643 238 1446 170 32 704 1544 234 262 567 1142 565 333 1244 1489 1391 1481 1118 114 1423 1359 1788 1001 1454 653 688 1213 1321 492 470 1073 930 1185 247 456 657 1601 1415 223 1356 1596 1438 1161 1334 455 744 877 480 1216 749 1495 1261 1784 463 787 1756 1681 1304 1275 1158 243 117 1419 1738 185 254 806 1689 1573 680 379 1761 737 1141 293 1306 1844 727 1751 42 1226 1223 1071 178 1478 449 1230 614 654 1205 842 1274 1997 1852 632 1711 1926 935 937 1154 686 1192 1967 933 1448 646 222 48 1455 207 961 240 782 1959 13 1746 562 1309 991 985 1461 33 879 695 1385 1181 206 1097 904 534 251 1749 1043 1364 944 1550 1762 1783 1328 553 1463 1376 56 1815 987 1856 777 1806 1094 1980 1105 482 1299 1825 460 1990 1160 612 1816 1357 1485 1803 873 765 1819 30 1839 508 551 466 1631 907 1555 859 1384 1705 629 1126 39 917 265 1315 1903 645 1293 1540 1686 604 579 1417 529 1021 1302 897 100 66 1151 656 1789 1672 304 1202 1645 1064 1975 1402 1543 539 1818 433 320 1804 1044 1002 1666 1379 723 331 72 983 1712 1451 357 392 1841 1801 414 80 499 1810 314 1817 1654 1501 642 1350 1256 1870 236 184 863 150 779 1863 50 1742 1509 1566 78 423 1639 990 724 860 755 85 689 803 292 1351 189 572 437 1333 1954 297 309 1248 1643 759 667 1512 752 878 1556 118 1262 684 253 1875 73 446 1771 1464 86 1442 1673 598 1582 1203 970 683 1452 266 1468 1915 1611 1872 1172 500 576 1281 651 1087 1602 900 281 1876 729 1330 1917 543 1019 1409 1727 1949 1797 1003 1436 1593 756 1107 272 138 905 298 1747 1623 1857 126 1684 371 395 1383 1194 1283 490 342 993 1894 1685 1011 628 1802 198 88 506 1627 1577 1828 487 1786 556 1057 802 1542 164 1745 1662 568 884 1134 1130 823 1982 137 631 197 1246 166 1985 176 1289 693 203 
minDistance: 3.65127
cost: 367154
capacity: 298866
time: 59251
maxTime: 60000
LS1: 20791/21744
LS2: 434/953
LS3: 0/0
shakeIters: 490
shakeLoops: 44
