3.0626:1704 3.09028:2586 3.13528:2814 3.18786:3441 3.2067:4405 3.23603:4934 3.2517:5171 3.30441:5962 3.31201:6841 3.31815:7135 3.34599:7646 3.36805:8520 3.38641:8839 3.39193:9798 3.40095:10206 3.41677:12091 3.42914:19841 3.43139:20194 3.4531:20651 3.45774:21300 3.46408:21707 3.46999:23490 3.47204:25063 3.48872:32947 3.48968:33372 3.49089:33572 3.49548:36839 3.50182:37051 3.53635:38745 3.55332:43080 3.5546:47578 3.59287:52402 3.59808:53451 3.62002:54739 3.62559:55071 3.62975:59321 3.6365:59535 3.64162:59609 
1126 1540 1267 663 667 1446 1705 456 1529 462 1383 1804 185 999 851 371 1806 665 410 1357 531 82 903 985 1023 1745 152 1463 1258 1771 88 1590 853 1662 238 97 184 1351 1314 1244 534 1742 1230 159 1454 1658 1158 170 314 297 1739 1262 309 1552 224 1610 62 480 502 300 1797 933 1217 1560 357 1381 1320 1997 482 917 1283 579 1385 1264 568 565 878 1419 944 304 673 1191 414 1924 911 675 325 129 275 1227 492 484 1842 1821 827 1844 645 1043 100 1134 1306 279 490 749 66 1786 773 519 1874 345 1954 1681 993 1057 1299 445 1594 860 845 306 33 499 1205 500 1830 1141 1544 13 582 895 1761 266 973 112 1481 702 164 983 1130 1143 1929 632 572 930 1328 78 322 26 720 1818 177 642 842 1645 723 1637 779 380 567 86 204 193 724 879 101 970 918 921 929 822 1229 1032 1604 474 821 530 247 1094 5 166 1048 782 439 787 210 1090 264 543 889 60 1654 646 1423 74 907 792 1369 292 838 653 1749 656 406 875 1709 488 1226 715 1861 1216 1225 153 1402 991 1014 425 1051 807 198 863 1747 1396 616 1512 2 281 1350 689 1706 1785 1204 1409 1288 1975 1478 271 1333 1256 310 50 897 466 688 243 197 509 1165 1949 629 727 1485 1735 39 6 1073 1001 1040 1029 1182 358 1414 85 423 778 421 1203 1250 1063 293 211 626 1125 525 1593 207 623 1161 1131 669 737 965 1985 1632 1003 178 859 1335 1274 1834 1412 1727 693 1504 1643 1114 1675 1602 1071 1119 1828 636 1172 1717 165 1872 58 1776 604 212 790 73 285 48 1101 1700 1190 1655 1240 160 158 397 776 1980 272 765 1575 831 1213 1839 556 1649 460 756 1302 447 1382 1391 190 1356 250 396 222 1177 342 1019 115 280 527 1376 683 1783 1810 1154 383 1118 1501 108 1359 1451 771 471 282 1815 1037 1825 1673 551 829 1802 155 176 1374 1401 1566 80 877 98 938 1005 1087 16 1500 379 643 873 1248 1184 1685 1097 1428 114 446 686 1666 1192 1609 395 704 1202 1657 1698 1678 1465 461 1634 1972 777 63 463 1237 455 595 
minDistance: 3.64162
cost: 369860
capacity: 298786
time: 59609
maxTime: 60000
LS1: 17626/18474
LS2: 402/848
LS3: 0/0
shakeIters: 408
shakeLoops: 35
