3.10298:1476 3.38371:3546 3.40811:4459 3.46408:5670 3.48261:6892 3.50182:7224 3.52239:8689 3.52356:8867 3.53635:10220 3.53805:10393 3.55072:11098 3.55555:14498 3.58771:14874 3.5936:15789 3.59808:15873 3.65127:16179 3.66273:21299 3.67742:28519 3.68986:47894 
693 750 342 439 1742 1012 1842 238 94 1662 1468 1988 499 178 282 1593 1417 1092 1423 1277 466 567 683 1057 1780 1556 1673 18 1637 773 1217 1172 744 1717 333 198 247 474 627 165 933 901 1119 222 752 1604 1248 1330 1221 266 434 1602 831 433 1575 505 1368 1031 565 1320 1801 253 1655 961 206 1401 1090 243 1086 423 1830 66 944 551 859 1844 1124 842 445 62 1746 1996 1409 272 1643 172 1452 1833 406 1003 1579 1476 727 1192 341 1107 1915 807 684 1211 185 1037 1959 529 1465 1427 1306 1384 1329 1698 504 1437 568 1351 1084 663 1666 1872 1975 85 902 375 1688 254 1783 1828 400 1478 1385 643 1675 1463 762 984 1002 597 109 576 945 937 860 73 535 1606 1283 1609 392 615 369 449 77 929 1029 1756 1383 1786 408 1328 787 1305 825 1333 1412 777 1073 63 322 1230 500 300 1142 33 1523 938 865 1736 931 696 806 897 108 456 117 1664 1202 401 1954 817 1739 184 1658 686 1481 1275 577 115 782 1680 426 1700 534 446 1749 900 539 848 1561 271 918 380 737 802 98 1573 1894 878 1705 1154 985 1356 1140 1244 1339 482 458 410 1240 1997 1304 877 803 1270 1200 1428 1390 1334 1685 1118 1225 1857 345 88 532 822 1262 192 336 873 1223 161 903 166 42 680 421 1009 1629 667 15 39 1512 1761 1045 358 1509 497 240 511 759 96 1851 1160 1594 657 1932 47 1985 614 357 1859 1182 1967 1672 1233 1087 954 1542 1289 623 1134 706 506 1454 764 1376 1063 745 276 1017 907 1654 1925 1396 13 1686 779 1722 1288 1005 675 59 2 1764 1274 994 729 159 80 1652 114 470 598 1544 1896 579 572 78 689 1226 334 1645 41 1803 1161 1184 304 460 298 310 645 303 1703 1273 1216 1776 1190 140 829 991 724 755 101 1797 1213 203 1709 760 1350 656 1799 1053 1177 765 1720 1802 543 1203 550 339 1379 415 1495 1448 1562 124 1814 477 1023 906 1292 930 1047 1399 1727 1681 236 450 756 197 584 1888 1821 1237 1610 1839 58 1114 379 804 297 1539 1990 642 1631 1276 498 495 397 1402 1205 1299 1893 1008 432 123 973 425 626 1278 210 
minDistance: 3.68986
cost: 361322
capacity: 298732
time: 47894
maxTime: 60000
LS1: 21552/22467
LS2: 395/915
LS3: 0/0
shakeIters: 501
shakeLoops: 46
