3.13528:1605 3.15204:2155 3.20277:2457 3.23603:3118 3.29368:3874 3.40802:4529 3.41677:4940 3.42675:5366 3.4304:5839 3.4308:6122 3.44028:6814 3.48261:7187 3.49548:7369 3.50182:7918 3.51869:11445 3.51923:11981 3.52921:12952 3.54504:14644 3.55072:15865 3.58508:16036 3.59287:19446 3.5936:20978 3.59826:24883 3.63128:25257 3.63598:27519 3.64855:30032 
247 1221 266 114 1419 673 1896 623 823 693 1048 445 98 439 109 434 1314 1975 1686 1952 406 500 1739 1120 1359 1654 1205 906 1806 35 339 437 685 936 447 1634 1816 153 1179 1983 342 140 1304 458 420 1997 130 2 961 449 1645 1643 336 1818 1160 1057 831 492 1452 680 1227 86 1244 1799 983 1369 626 668 53 1118 1172 1569 1761 761 466 1181 531 99 1383 1667 667 1512 520 884 1463 975 1003 112 226 184 1450 631 1090 298 656 539 1549 1996 1351 1037 1742 595 1846 204 1356 1138 185 15 807 1203 18 1672 829 1478 755 1785 630 1857 450 519 1606 358 674 1211 456 1834 1194 1956 396 1543 1932 1540 1788 1912 1401 724 756 1830 1653 1320 938 1278 73 688 782 562 265 838 878 303 858 1833 1302 1292 129 907 210 942 322 1825 1165 355 873 1011 1396 1044 1544 433 1289 550 1584 1872 224 279 1894 1637 1745 1306 118 1736 1822 1130 879 254 1526 1415 211 610 1071 556 1151 641 572 1717 176 737 33 1073 1274 166 354 1275 764 1414 66 614 1438 1610 1288 1888 1764 138 1821 904 1506 643 534 168 933 1350 1627 243 1107 272 1088 1360 379 1819 172 1746 991 1240 695 1515 251 1604 1468 1985 47 616 1190 1213 192 1681 460 1589 546 762 675 1045 1059 509 1334 158 54 222 471 773 794 577 804 1247 306 13 817 651 986 1461 1001 80 1918 775 1216 568 918 96 1321 1042 1992 264 1230 642 1602 369 1124 1423 1226 425 1756 727 860 1561 1891 117 1762 760 965 604 999 423 1154 532 1015 1094 842 757 1666 1264 1552 1052 1126 236 1131 1140 1029 1043 178 777 1343 944 970 1335 154 1355 1908 506 482 1040 16 1596 1550 905 58 1248 1328 123 859 1161 848 1180 1844 1791 1916 847 1412 212 318 1859 410 584 897 304 1875 580 565 1933 985 508 1276 1839 1454 790 1749 62 1146 1330 1192 1067 877 1509 77 803 1665 1262 1609 1786 234 1784 806 261 1709 1379 1196 765 686 357 380 1376 1673 1217 6 1820 1815 1485 1409 1349 1685 776 551 1802 1283 435 297 1402 341 744 30 1810 924 1655 1114 1705 446 646 1416 579 1499 50 1299 1797 1134 1915 567 1747 696 1119 375 1229 299 645 1593 
minDistance: 3.64855
cost: 363777
capacity: 298740
time: 30032
maxTime: 60000
LS1: 19832/20842
LS2: 552/1010
LS3: 0/0
shakeIters: 432
shakeLoops: 38
