3.04262:1557 3.24957:2643 3.34563:3287 3.40802:3922 3.4257:4205 3.42914:6582 3.4308:6931 3.48009:12250 3.48261:19031 3.50182:22169 3.52239:25333 3.53635:29728 3.53691:30307 3.55332:30680 3.56709:33515 3.58508:33840 3.58776:34297 3.59287:41165 
1134 1786 1575 1596 760 1830 1097 1844 272 1739 1654 85 100 833 1262 1258 210 1383 99 525 1680 1244 895 1297 1003 1357 1288 1407 822 1478 884 1997 1306 492 1402 1165 1351 1145 1029 1544 1277 1765 13 1196 1452 878 197 411 1278 1160 63 1806 860 1482 1343 904 487 20 236 280 224 1265 1697 1182 1625 1342 1365 1155 777 26 1071 1980 1059 207 1665 493 1932 1114 1002 15 117 104 1988 820 1120 972 101 1915 466 727 1984 586 1804 281 123 1735 869 875 567 1764 1190 185 665 1350 534 1672 1485 410 535 392 626 917 1225 689 519 1509 1929 1194 1666 192 1611 1673 1898 1996 1856 298 1610 1325 1775 1637 551 1090 73 877 1555 1001 1857 745 1217 293 1356 1371 821 1401 1810 470 12 781 1888 1359 1430 1092 369 585 1722 686 1785 1289 98 42 1821 265 1227 1051 880 509 219 310 1302 153 1727 1044 652 1815 1161 71 1416 983 379 1501 1818 1706 499 804 1223 333 432 138 720 1766 184 1702 358 498 1376 382 787 1630 627 234 615 1756 1230 318 1154 1468 1593 1476 261 1406 973 1953 643 1463 1861 838 178 243 803 433 693 334 1175 1556 961 647 357 706 918 506 854 1052 1393 1264 39 300 1876 1645 737 1304 154 667 765 1529 1972 938 1333 1985 963 1299 656 1797 1382 1828 1415 829 1923 1795 1521 1255 94 539 30 573 579 684 1803 274 456 317 297 482 1412 675 66 48 1749 1192 345 1894 77 944 987 251 1163 1540 759 114 247 1240 704 1635 490 1187 254 1842 435 1369 632 1761 645 598 1205 1130 421 610 1839 1057 1977 905 1601 1685 1270 1602 1753 1667 124 685 354 1283 266 1461 1952 1450 1180 756 2 1569 1720 1202 174 897 595 1539 58 1126 1846 1172 1712 408 1328 1788 1783 176 1047 314 1675 937 1368 623 1067 1101 1975 984 1512 1213 1896 993 1925 546 924 688 842 1643 395 112 1274 642 845 47 1226 1454 81 848 406 166 439 80 423 304 425 785 1631 1409 322 463 78 346 1824 744 1657 2000 1705 122 238 1292 907 653 136 232 1320 1746 752 1118 258 751 1515 468 1686 1216 253 646 1604 1009 1088 584 562 1577 1151 1829 1917 437 1698 1203 1542 807 222 1916 1006 1627 1249 1119 480 1466 88 380 
minDistance: 3.59287
cost: 366991
capacity: 298737
time: 41165
maxTime: 60000
LS1: 18899/19786
LS2: 456/887
LS3: 0/0
shakeIters: 413
shakeLoops: 39
