3.10298:1810 3.14991:2787 3.20277:3314 3.22111:3737 3.27033:4009 3.34599:4507 3.3505:4671 3.39193:5042 3.42914:5685 3.4308:24382 3.45258:31614 3.45774:31870 3.46408:32207 3.4734:33469 3.48968:34331 3.50117:34771 3.50182:35228 3.51438:38761 3.51839:40784 3.51923:40979 3.52834:50274 3.52921:50794 3.55072:52314 
1512 1472 546 346 1246 250 1590 1984 1680 1810 504 1606 807 1596 1442 585 357 1657 685 130 954 197 1844 1500 1545 60 70 1029 1544 1802 1141 667 285 1602 312 1643 1509 268 961 1607 1237 642 394 1734 918 432 1992 1225 1398 993 1163 643 178 166 1056 1092 2000 519 790 1034 1314 656 369 1343 1226 1365 112 1051 123 292 1172 234 251 1329 185 1006 1254 764 629 877 380 1008 462 848 1040 1165 1893 222 781 965 39 160 1134 388 509 1214 1481 1735 842 266 544 389 855 510 535 1983 1604 463 396 1583 15 1227 379 1925 1737 1954 2 1402 1249 616 466 1356 831 58 1485 354 1672 1190 1875 879 1943 724 1990 1673 306 1791 994 101 1743 567 964 100 907 433 1724 406 438 803 1001 1101 1330 960 1502 322 264 1192 1834 1499 758 1154 530 117 33 841 897 944 878 1884 837 1784 372 723 358 1360 1552 1959 238 499 514 456 68 298 1722 1610 382 1087 110 1118 1306 577 297 669 1776 1821 331 978 1933 641 304 1736 1594 1359 824 1654 550 1676 1150 1036 300 782 1428 1407 1896 192 1161 1726 1217 1333 1374 50 115 895 1465 983 1288 527 1216 1994 247 1262 1240 458 244 1424 293 1270 1196 1448 1941 787 1988 1756 576 153 397 249 1749 274 935 1828 41 870 1409 1376 1120 126 556 903 1997 860 1653 1569 345 303 1463 13 445 1645 1709 443 1521 1686 1151 1124 689 737 1550 1980 73 1706 258 401 42 414 1593 933 1061 98 607 1213 778 1655 760 1109 1057 1705 1476 884 675 421 872 508 1003 749 1634 579 744 534 1727 1527 342 1256 336 375 80 1998 1158 1855 1856 904 1194 901 474 254 1358 653 1350 1839 858 1788 722 1230 425 987 439 1914 970 1382 46 693 392 252 1130 477 1461 1761 35 88 1637 906 1872 1700 1866 851 1852 1097 1299 1183 480 164 1045 1797 1084 999 938 1277 1271 1334 1244 626 1804 1274 1181 1801 1283 1011 1328 159 1838 77 1401 63 184 917 1175 1473 582 6 1698 122 688 1438 1098 1304 779 1071 1385 265 1429 1874 1318 233 1796 1658 109 1611 1746 580 1623 584 681 516 395 410 767 1577 1783 765 756 114 776 1667 627 702 1923 1614 314 281 121 1119 1846 500 492 1565 1685 1452 1857 645 136 
minDistance: 3.55072
cost: 364128
capacity: 298894
time: 52314
maxTime: 60000
LS1: 16059/16905
LS2: 458/846
LS3: 0/0
shakeIters: 365
shakeLoops: 32
