2.89697:768 3.22779:2695 3.39193:3732 3.3992:4200 3.41677:4753 3.42675:5497 3.42914:5842 3.4308:6159 3.4531:8212 3.46408:8447 3.46588:10291 3.47294:15279 3.50442:17305 3.51438:19656 3.51839:21142 3.52239:21401 3.53635:21703 3.54578:21967 3.55072:25062 3.5546:25275 3.55555:28547 3.58771:28998 3.58776:34781 3.5936:39440 3.63638:54090 3.65127:55413 3.65436:56406 3.67742:58558 
1454 406 100 1665 1835 931 1357 509 1821 1330 646 1419 918 421 1563 206 1406 859 60 342 693 1237 33 510 565 1328 1240 1384 446 1652 901 177 765 410 1396 1094 642 437 1465 1870 298 1975 1379 197 1459 449 1092 112 1502 1216 1778 185 965 506 1012 358 85 1593 1857 1274 665 414 1637 48 178 1226 961 261 623 727 1645 873 1130 1620 1596 498 492 1086 369 1118 1368 12 493 1321 1610 1177 1390 1175 1925 1463 331 1742 1427 1915 1561 1818 1709 333 846 1604 81 380 238 884 456 838 276 1003 1131 973 1928 1539 1409 1536 212 1684 645 631 576 1602 1741 1087 232 1244 1119 1192 383 1675 844 1573 1686 760 117 114 1649 1249 1160 1797 222 696 539 1059 724 1552 960 266 433 773 1101 1213 906 1203 1705 1584 1976 2000 1412 1264 626 416 656 99 1155 745 77 258 1423 629 243 985 1088 192 1262 1672 1359 1151 1761 1154 1121 1333 1783 1776 627 1706 684 1530 842 1990 1764 1383 686 1172 1334 1828 1057 546 1481 336 482 986 1630 1227 251 737 1917 527 463 970 253 440 1896 820 572 1355 184 877 1271 1029 1472 1678 706 889 58 720 1461 1726 1664 1052 1431 1512 744 1402 1839 1666 66 115 280 86 1894 1453 1296 1476 1289 1932 445 1720 1501 460 1071 478 345 1749 1278 880 1785 878 379 1700 1562 126 394 787 1205 938 1223 1009 1255 1506 579 1736 1063 907 1161 1180 567 1833 756 395 929 170 247 1801 902 1350 1182 1047 755 499 1727 865 1134 1314 254 1165 354 234 1657 325 392 1351 904 534 1550 643 772 322 827 1632 584 1786 1844 757 829 357 1299 375 262 860 1810 924 1225 999 582 601 1556 790 1830 749 318 937 166 1606 1614 1814 1090 1335 427 73 905 1428 1662 130 1000 822 897 1643 123 297 726 657 1654 685 831 1116 1822 1302 1040 963 1230 300 1588 1217 1163 1106 466 1795 1940 715 1983 1746 835 1542 42 683 1320 1221 1146 698 1097 984 1008 1565 1401 1929 1306 281 1594 1376 1270 954 1997 1261 63 917 1486 1609 661 317 1739 652 88 511 944 1673 1996 1544 1017 304 895 1802 122 532 13 1073 1492 1677 210 504 804 172 1784 255 487 839 1756 439 
minDistance: 3.67742
cost: 362969
capacity: 298880
time: 58558
maxTime: 60000
LS1: 19648/20500
LS2: 369/852
LS3: 0/0
shakeIters: 455
shakeLoops: 42
