2.86849:564 2.91097:950 2.94632:1232 3.32436:3421 3.40095:4801 3.41677:5445 3.42675:5796 3.4308:6005 3.4531:7172 3.46178:7498 3.47204:7765 3.50043:11274 3.50372:11605 3.51923:12471 3.52239:12660 3.53635:16014 3.54503:21021 3.57586:25532 3.57632:27578 3.58795:27955 3.59287:33782 3.5936:45144 3.59826:52020 3.60717:54130 3.61592:55371 
1046 1540 1216 1706 1645 681 1396 219 1114 369 380 1828 1454 643 803 646 1499 1194 433 720 1899 185 60 1602 432 1802 794 100 1502 878 859 166 426 1528 1320 808 1654 1492 1043 829 470 626 223 66 425 331 1542 247 379 1819 760 961 1244 776 297 1473 1665 879 1893 792 354 556 1090 1037 251 497 1229 1073 918 603 1071 318 1959 1810 1105 1610 480 1202 1582 1390 117 396 214 1666 33 184 904 509 292 1248 900 236 1281 860 115 905 1796 693 642 696 1423 848 28 897 907 1657 1021 463 1565 39 123 475 1088 1782 831 1500 944 514 234 80 1151 1478 1509 1150 1609 550 493 873 1673 1385 667 797 1256 1283 1727 572 737 395 1552 534 1334 598 521 1391 1041 118 238 954 1604 1278 367 1350 631 63 1154 1226 192 1182 1655 877 58 1611 298 1097 1221 1306 1409 1328 616 1217 636 1859 1681 240 304 129 321 1092 1183 1950 1451 1975 1213 1838 170 1134 1384 1739 717 842 1087 1330 334 1302 1003 130 986 1124 1289 1118 686 1834 1761 938 1195 535 1675 190 1990 1461 1593 685 1915 901 455 821 154 1314 1143 1972 1643 1393 207 1997 397 1101 114 77 1067 1463 623 1466 1913 764 1698 1807 358 1288 1031 13 1428 88 212 176 1119 449 1401 937 527 1830 675 1277 1785 406 456 1898 50 1439 825 1482 1825 1127 689 254 303 1700 1333 1304 248 445 408 1512 645 1544 765 1984 1520 1788 1292 266 74 1686 939 1495 1276 158 1204 1685 565 265 1165 1736 2 770 1843 1476 1773 164 1081 584 414 1040 1821 59 519 807 1857 895 1844 970 279 752 233 1057 1702 744 1160 1784 1335 73 727 1210 567 1896 924 222 1399 345 193 1894 782 991 85 1799 1120 506 1205 209 1048 112 1851 1734 1863 357 120 1001 1606 1084 1874 855 1262 504 375 99 1110 773 936 1190 1849 1985 78 487 1967 499 218 1240 466 1361 1358 1573 446 1746 1764 1219 339 1485 1180 933 1419 1992 1356 817 1438 1855 1797 1360 128 1742 1776 1468 1786 1223 1274 614 1172 1888 1875 1299 178 1192 1756 1791 1596 656 965 1106 1051 1402 98 1620 1646 670 1988 322 1321 394 787 1011 1059 461 1783 
minDistance: 3.61592
cost: 360669
capacity: 298853
time: 55371
maxTime: 60000
LS1: 20137/20993
LS2: 325/856
LS3: 0/0
shakeIters: 506
shakeLoops: 47
