3.10298:1693 3.14991:2135 3.15456:2563 3.22111:3531 3.23183:4375 3.2517:4958 3.25631:5401 3.2963:5782 3.34429:7236 3.37923:7483 3.40802:7911 3.41677:8100 3.42453:9825 3.4308:10079 3.43139:10207 3.44122:10691 3.45343:12545 3.46408:12779 3.49548:16905 3.51438:17128 3.53635:17527 3.53636:36790 3.55555:42078 3.58776:42475 3.59287:50589 
456 1596 58 1646 765 510 822 629 1512 667 1540 1379 1258 421 1299 1412 1274 832 492 1602 1216 406 1059 776 460 194 1333 1801 1751 918 1700 1087 1839 1106 468 123 1464 74 1399 264 1425 931 610 1846 1857 565 987 1396 1007 1165 1883 1629 1898 425 1804 184 905 1506 1005 1131 878 1330 929 1997 265 547 537 509 1452 210 1063 66 1182 266 475 78 1273 1764 1428 1172 1814 321 1584 985 15 999 523 229 304 455 1130 1179 375 831 1382 114 39 1304 519 1745 760 482 1481 598 1369 1022 1872 1705 73 1161 768 1046 136 1727 1402 773 568 1788 1985 787 1874 924 461 1975 88 1610 1539 1675 1620 1894 1830 802 1092 994 755 1123 172 1828 1170 902 86 117 901 546 1420 490 1204 833 1736 1255 1223 499 683 1036 737 33 1606 1002 297 1649 757 1821 1594 23 1226 124 1653 1037 562 991 727 1048 298 1192 903 645 806 883 937 1003 193 227 1709 85 77 1119 505 829 177 497 1904 100 1334 285 47 1637 1448 1094 1802 627 1514 907 724 1249 1604 1673 1980 1749 889 166 101 1702 1928 1654 414 693 1723 1245 1385 1738 965 1891 214 141 1262 804 1984 1071 781 663 1590 1147 1925 988 1593 964 1355 653 1652 1154 1478 1655 1227 1413 1869 80 904 1224 379 1476 750 487 1101 1057 1659 726 983 917 439 1861 1550 1023 243 860 708 1665 357 1360 895 1097 1756 1941 1357 572 333 1825 656 1283 1248 1990 958 551 643 865 1134 1293 130 1276 1401 185 729 1017 675 1686 1335 1662 1672 877 842 1902 1722 665 1086 1213 1142 744 1244 293 254 897 1205 322 274 346 1306 354 1348 65 1052 875 1972 1256 1202 1190 159 844 534 1685 1320 13 1561 778 751 466 845 933 16 397 245 1383 247 209 1149 1230 1784 695 970 642 978 1940 392 236 1029 600 1810 686 1632 1795 203 446 437 1783 1114 238 720 704 1688 841 1666 277 586 115 222 1067 1343 685 1465 1278 961 445 1611 463 1678 48 1225 1180 178 1305 623 28 1544 1844 1446 1859 279 1542 1609 1290 1254 300 358 556 1009 1797 1935 1217 584 1156 973 1350 944 1959 1748 498 1356 1677 906 1796 1328 395 153 506 770 309 433 1264 1916 692 1569 869 94 1773 626 1353 1739 380 1822 371 1889 1407 
minDistance: 3.59287
cost: 366752
capacity: 298863
time: 50589
maxTime: 60000
LS1: 18519/19404
LS2: 444/885
LS3: 0/0
shakeIters: 416
shakeLoops: 38
