3.20277:2104 3.31506:2878 3.34563:3053 3.3985:3592 3.40095:4188 3.41677:5230 3.4257:6341 3.42914:7859 3.4308:8088 3.47294:11579 3.48872:11886 3.48968:12081 3.49166:12362 3.50089:12905 3.50372:15456 3.52356:22763 3.53635:22955 3.5546:24530 3.55555:26514 3.58934:30905 3.59287:31052 3.59826:33261 3.61266:43351 3.61359:44201 3.62559:44643 3.6365:45444 3.6436:48195 3.64485:48401 3.6449:50781 3.64855:51815 3.65127:57590 
860 1023 379 1815 77 1217 1101 1432 656 702 879 626 1888 1353 185 1328 482 281 272 827 1844 1799 1402 1593 406 1627 841 539 1856 1705 499 568 247 1306 1620 258 112 1255 1601 757 576 172 1463 1983 1071 488 1181 345 1001 1657 829 1898 1271 987 759 806 1383 42 285 1045 1190 681 124 425 236 1544 60 1495 1464 1047 232 861 944 2 1009 1996 1959 1786 1172 960 358 1997 1376 1334 918 421 1350 1749 1094 1667 1256 474 1756 1391 1011 904 753 414 1419 654 905 410 686 1980 44 207 122 458 1244 309 1988 178 1875 973 859 572 1645 333 787 1736 822 820 631 1213 993 1090 1277 129 1806 614 395 651 895 1485 1739 1052 1776 530 1666 1662 1154 1299 70 1925 737 556 48 1783 1070 704 1787 586 1412 1424 999 1399 1019 100 773 1037 1444 1970 1482 1819 380 123 1359 842 1727 1810 1550 1509 970 1203 318 1562 1486 1121 1330 478 1342 1761 1140 565 1134 825 67 744 1057 755 1292 1216 1320 298 776 1643 1175 117 322 99 460 1003 13 1762 1356 357 983 1602 456 1240 1726 260 1680 1516 1630 1092 73 877 778 897 66 498 584 1114 114 623 264 1191 907 433 1782 1428 85 1784 807 1700 1804 901 1681 1478 906 1401 293 30 1673 1803 1119 80 303 455 932 204 1481 1205 493 1990 184 325 159 1742 1278 1276 1360 346 375 543 727 532 506 306 1302 1675 152 864 266 903 153 222 1672 627 817 693 1448 1274 646 1147 198 1685 1821 206 698 688 492 1237 58 552 1975 1446 695 653 392 579 1163 33 234 878 1409 1230 680 1002 1369 1802 765 279 1631 1283 189 1281 160 254 394 1415 439 1195 97 423 792 1654 1539 642 243 803 1120 1196 1797 1915 437 1830 1893 1466 1279 1788 1151 1655 225 1686 833 1545 1442 933 1351 459 47 193 1746 1288 1952 1646 1512 1828 170 534 211 1555 300 1720 582 1192 1637 291 643 689 26 1289 984 210 1604 88 645 161 1839 1610 1632 1861 1764 118 1385 166 1596 1248 297 265 1325 1182 1384 1226 621 756 851 238 130 1051 383 1634 304 1476 554 728 1333 449 466 986 467 849 853 1954 1561 
minDistance: 3.65127
cost: 366669
capacity: 298899
time: 57590
maxTime: 60000
LS1: 20492/21446
LS2: 409/954
LS3: 0/0
shakeIters: 514
shakeLoops: 42
