3.14991:2080 3.22779:2921 3.2517:3100 3.26997:3335 3.31506:3702 3.32436:4213 3.36075:4782 3.39193:5063 3.3985:5463 3.4308:7942 3.46408:8610 3.46636:12217 3.47294:12741 3.48968:13108 3.50043:14415 3.50943:14571 3.53635:14826 3.53805:15222 3.55332:20527 3.58776:24528 3.59826:25083 3.61592:25445 3.64855:25794 
470 410 1623 1665 1662 1314 1654 1830 1192 519 437 424 1685 1984 820 1839 1874 1040 394 1593 1997 290 425 414 1023 499 897 1293 282 1230 600 870 907 878 406 185 572 1739 1875 1288 1402 1806 917 422 1130 838 1688 1419 1988 41 1264 1306 504 1274 1786 877 929 192 792 759 60 1003 1764 1163 1746 1481 1175 1825 73 1161 704 983 1182 226 1383 1216 392 1328 895 293 685 1643 1573 285 1001 921 1382 776 586 1745 1379 848 1177 1894 1828 1450 906 166 1409 749 408 1655 1277 254 1680 1223 772 433 970 614 1512 354 1412 1299 1474 1500 1048 314 1844 1872 1951 595 1555 129 1165 1360 1134 1609 177 17 1180 210 1466 325 258 303 1203 937 456 115 266 1356 432 118 1972 642 1604 1994 1645 729 1818 1602 855 534 209 1029 1761 653 358 1582 944 935 1160 1742 236 165 804 765 879 1672 1119 490 78 466 1915 66 584 1780 1678 1043 1376 667 1396 197 750 509 1059 184 622 345 859 1240 727 645 1154 1980 1550 1804 253 1334 281 1584 1062 905 1273 1985 1802 1304 531 378 1121 693 380 1227 262 122 1011 782 395 88 1067 160 833 1428 1682 1092 1601 623 1423 371 680 1666 1903 1925 1351 1101 1037 1118 243 1468 1289 1838 1821 460 764 860 1749 1594 30 100 1956 933 1863 663 487 1320 850 1810 760 272 1738 291 817 918 1596 1209 1552 1087 1727 1444 629 446 1785 1914 33 1784 1204 1005 801 85 1783 1975 449 1454 1262 1979 961 461 1022 130 211 1577 973 1213 77 123 1244 379 1190 643 1045 342 806 1916 170 565 1471 1350 238 554 986 1044 307 480 1653 1606 498 737 178 333 1788 1256 1506 445 1904 1143 626 1437 164 1275 214 1539 1705 1176 1485 506 1194 462 423 207 298 903 579 920 1676 1463 1202 279 1686 222 372 224 1700 1057 375 994 1530 1205 1819 1797 13 556 631 297 686 873 1187 1217 212 985 1226 58 757 1486 978 1330 1455 1502 787 900 1140 322 357 989 63 532 1544 1929 1834 1249 247 884 1071 657 304 1116 1673 1610 234 455 80 755 665 1675 159 114 492 517 1172 1809 1652 932 1681 1052 777 1478 1401 1333 567 50 309 901 1464 1857 1492 1509 2000 
minDistance: 3.64855
cost: 367351
capacity: 298782
time: 25794
maxTime: 60000
LS1: 18061/19026
LS2: 517/965
LS3: 0/0
shakeIters: 425
shakeLoops: 38
