3.26594:2329 3.26997:2669 3.31631:3258 3.34563:3432 3.41677:4171 3.4308:5144 3.46408:5922 3.47204:6473 3.47294:8375 3.47688:9411 3.48872:9695 3.49166:9901 3.50442:10167 3.51839:10419 3.52834:13087 3.53805:14588 3.55555:14918 3.59287:15153 
939 1478 1686 223 1804 1350 1071 308 579 1839 983 1239 626 78 147 445 264 1467 334 486 1130 1720 1288 1029 1003 1957 1637 236 1134 726 1894 281 222 2 102 937 1402 274 724 777 77 1202 1464 1158 318 63 1677 1142 1844 964 1005 309 568 1801 1539 498 1191 800 1051 1401 5 1014 293 1500 383 576 298 97 1356 1975 1825 1151 1423 184 58 594 970 656 778 1709 1170 610 433 1244 1355 1184 822 98 1819 1335 1780 924 17 1063 706 1383 1680 380 425 480 580 482 290 478 556 192 1673 1210 463 1086 1305 902 965 1609 1408 753 1119 1715 737 1833 1923 304 804 499 693 509 827 210 877 333 1249 74 1008 38 297 1672 1610 760 1728 100 1745 88 234 397 1764 551 1328 1863 1454 782 1675 1320 1666 829 437 1785 716 665 1465 861 1172 858 904 371 631 776 1349 1893 978 1828 1596 70 1306 1985 249 865 531 254 214 1330 331 1351 1428 645 709 470 671 1997 1542 1213 114 1256 1360 1274 519 1784 379 907 729 504 1192 1593 562 695 1248 546 757 1746 1344 833 16 1512 1779 1645 755 1263 1161 300 952 1988 378 133 994 686 1226 773 975 447 1023 207 897 895 878 130 367 823 1160 794 764 765 280 1094 1333 1073 1451 954 750 1807 879 240 303 408 1856 933 1980 999 1727 1369 492 1101 1883 243 932 276 506 1678 466 272 1550 136 80 1761 1143 342 1128 117 471 614 1031 1357 1705 166 623 456 1788 572 1390 1723 42 1903 929 355 1121 185 935 474 1569 689 550 802 392 395 642 1611 1273 715 1797 1124 1463 265 1925 1087 1495 643 1182 973 720 66 1030 1536 375 1216 1481 1217 285 787 1629 1262 1289 1652 943 1100 1224 247 33 917 798 905 565 1544 667 1773 1205 1230 675 414 1103 1783 849 1915 449 1097 1681 1277 683 1990 1899 1043 1126 842 292 781 1118 423 314 1756 1264 178 1589 807 266 1246 60 1313 821 1368 1040 1407 1175 727 177 806 1631 1223 1654 460 1105 28 632 1037 1938 1154 41 1334 123 85 1180 1552 410 987 487 1283 126 1796 357 1830 1409 1722 1009 1810 1047 1700 322 1452 705 1177 406 462 1092 115 749 629 732 838 39 1641 382 558 991 401 493 209 1685 1240 918 71 271 
minDistance: 3.59287
cost: 365423
capacity: 298739
time: 15153
maxTime: 60000
LS1: 20318/21226
LS2: 402/908
LS3: 0/0
shakeIters: 488
shakeLoops: 45
