3.18786:2108 3.21522:2391 3.22779:2575 3.23603:3377 3.2517:4122 3.40095:5289 3.43139:6250 3.44028:6518 3.45258:6869 3.46636:8540 3.47294:9208 3.50966:10609 3.51618:10995 3.52834:11733 3.53635:14264 3.56395:15050 3.58669:16467 3.58795:17097 3.59542:18196 3.59826:18287 3.61266:22439 3.61592:37396 3.62002:41090 3.64162:45127 3.66273:54730 3.67544:56604 3.67742:57700 
333 184 170 222 1764 642 1090 1985 1830 1330 684 1728 499 1461 1894 2 727 918 1226 987 262 100 1240 498 752 1229 1267 1736 944 897 223 345 1401 576 152 1009 414 47 234 408 1019 1288 1182 88 1629 773 807 1163 342 1185 1383 905 1980 1325 1007 58 1417 78 303 1334 197 1756 1933 66 60 1632 1089 1452 1438 1631 689 688 1216 1105 1859 460 1239 1742 879 704 792 1481 1763 1190 1181 1493 211 1471 1700 1373 777 667 1302 643 565 556 1202 1270 304 445 236 247 1762 1685 1468 1654 1680 129 535 546 865 115 331 463 421 1043 724 1097 1512 1463 932 933 1917 380 306 406 1369 653 207 379 729 886 1031 1776 1360 904 1273 1556 838 159 1192 297 1205 126 1451 1997 117 1678 446 423 1780 938 1495 166 280 750 993 150 1344 907 1609 1180 901 1416 1051 509 1863 806 855 1478 1402 600 788 358 1118 1191 1530 1783 1306 617 272 264 1274 1604 1796 394 1264 190 584 1643 878 1256 572 17 1875 1412 118 1528 410 656 339 1804 1662 177 1544 1828 1143 458 822 293 397 1172 1357 504 717 204 251 579 80 1387 859 756 1821 1263 471 1509 114 1333 1119 254 240 817 1114 1419 1277 745 1844 675 598 1255 917 1782 375 1442 626 860 970 1602 999 1969 1727 67 1359 210 1248 1552 924 539 1048 1705 266 1320 693 895 1047 787 1749 1063 320 467 1087 1788 1620 1709 1040 1244 1134 1653 825 1666 1094 193 1785 1356 1158 1681 178 1720 292 961 185 290 1849 1328 1675 686 765 73 1802 903 5 1819 1550 474 749 519 831 567 842 709 449 1672 35 238 618 1409 1177 506 534 1516 1786 1810 1611 301 1283 1057 192 1797 646 426 85 759 1230 74 357 1160 1154 1003 1596 877 1350 1739 425 1454 1120 243 1304 1825 1315 1067 1561 1502 1761 500 820 130 778 482 868 1590 1784 629 821 1092 456 1071 1818 614 645 1467 1321 28 1975 623 309 1476 1593 1305 1988 33 48 921 1423 1816 1349 1746 71 1351 16 1735 873 1204 985 1872 863 1637 248 1634 1645 1814 492 1990 322 395 829 
minDistance: 3.67742
cost: 367507
capacity: 298769
time: 57700
maxTime: 60000
LS1: 20201/21172
LS2: 405/971
LS3: 0/0
shakeIters: 539
shakeLoops: 47
