4.45498:1372 4.49503:1591 4.53373:1916 4.53671:2121 4.57318:2508 4.59847:2609 4.61185:2741 4.62327:2852 4.6261:3077 4.64144:3189 4.64202:4487 4.66163:4634 4.66255:4882 4.66452:4937 4.73884:6042 4.76519:6204 4.77358:7072 4.774:8500 4.78228:8655 4.81378:9111 4.8162:9166 4.81659:9791 4.81777:14281 4.8201:15038 4.82474:17943 4.83261:18124 4.83476:19111 4.8521:21190 4.87491:21267 4.87611:26304 4.88371:28925 4.88442:29029 4.8866:33645 4.89524:40491 4.9064:43150 4.92462:55646 4.925:59308 
1575 375 1957 176 1922 1221 136 13 563 187 46 782 976 86 1790 52 1645 801 252 1786 108 475 808 1042 637 1365 1385 709 1898 663 819 1632 20 642 1620 689 1814 1928 1840 492 1793 1674 537 1875 1194 931 941 425 1359 1996 684 1457 1686 23 58 193 693 383 1142 1801 283 488 1816 695 54 960 1453 410 301 1461 616 625 1791 1913 1380 1634 878 762 617 1251 896 1446 1364 596 141 1997 493 115 502 529 630 1087 48 1698 995 970 984 665 1246 110 172 82 639 1203 641 490 884 1756 705 354 1980 1653 1556 1513 50 1371 470 904 584 460 987 1216 1542 1401 1407 137 1423 985 243 1143 849 409 1623 589 1589 953 669 828 1938 1048 500 802 704 1654 397 1972 989 1846 1502 35 652 1944 627 1367 1803 1051 499 1041 1031 1328 1710 1426 1952 1120 1213 1552 1782 1106 1990 1356 212 1092 838 1566 57 1416 532 68 1835 756 480 1454 441 1680 1582 1573 1370 1720 527 160 1579 667 772 456 1306 459 253 1985 33 1878 1762 1463 219 314 119 1726 1613 916 863 788 1368 964 1305 1413 1495 1565 254 1479 1180 476 83 519 1250 1437 468 414 1164 670 1455 1544 1780 662 341 1994 1590 933 698 1783 1862 1731 75 1325 1815 358 880 1692 286 1127 858 234 1499 632 831 300 1729 272 84 1190 1464 873 
minDistance: 4.925
cost: 237559
capacity: 199170
time: 59308
maxTime: 60000
LS1: 37868/39201
LS2: 429/1333
LS3: 0/0
shakeIters: 867
shakeLoops: 83
