4.23347:1165 4.35862:1423 4.49881:1946 4.49903:2096 4.51405:2248 4.51647:2544 4.52414:2637 4.59509:2830 4.64488:3027 4.7521:3334 4.75841:5414 4.76519:5567 4.77198:10503 4.77358:10558 4.80804:16451 4.81659:17886 4.81877:18742 4.8201:19328 4.85522:24888 4.87611:24956 4.8866:32276 4.90491:36859 4.91128:39609 4.91877:41267 
152 1194 1087 1836 251 378 1358 488 1357 253 74 468 1576 1142 206 35 1634 1219 13 283 1566 688 53 173 1523 1149 354 100 490 1773 1120 1002 1979 1380 1160 1407 865 729 59 94 916 600 192 285 1455 1783 1034 1596 665 441 1360 1565 772 1610 480 1031 849 1552 68 160 762 450 1502 23 657 1922 429 1928 1405 1325 1437 460 788 297 1073 1335 653 1454 19 1042 782 1251 266 873 1312 1180 276 1791 1598 436 1990 1994 1861 672 475 1996 918 136 447 1409 891 1154 1759 1370 519 756 88 379 1456 1007 1683 1914 317 500 1997 1575 1986 1943 1368 470 248 498 1453 1496 1461 1814 1912 1682 1654 1653 1092 1664 1623 829 509 1594 1935 1041 1894 1486 568 857 1659 1376 370 1726 592 1810 931 1761 1672 204 642 1589 1780 1655 252 71 1835 1705 808 559 159 1573 254 474 647 1401 667 1747 956 459 709 1875 842 1645 1980 421 1556 1351 841 1796 556 1127 884 1216 1150 1356 1490 137 1119 176 878 715 270 974 727 1234 1028 1402 469 437 1842 446 1328 397 1507 1305 1091 1464 375 510 1423 1239 988 976 300 1093 1946 1030 1954 1890 632 1283 506 1537 233 1364 828 73 1801 847 1856 539 1235 1972 1314 1403 410 816 1207 858 1427 502 1039 1190 395 1952 1939 987 1106 1191 1674 1501 1938 695 1933 639 1803 616 652 984 630 1200 1685 
minDistance: 4.91877
cost: 243848
capacity: 199272
time: 41267
maxTime: 60000
LS1: 37064/38398
LS2: 498/1334
LS3: 0/0
shakeIters: 812
shakeLoops: 77
