4.53347:1677 4.53373:1739 4.55319:1982 4.56955:2172 4.57912:2277 4.62572:4188 4.63381:4833 4.64488:4922 4.6999:5173 4.71538:5248 4.72078:5509 4.72884:6183 4.75433:6267 4.75841:9347 
543 94 662 1054 198 1901 1954 1114 54 1501 1230 1594 1453 1922 23 459 587 1793 1203 303 585 1288 1143 1048 375 180 424 53 1575 450 1705 788 109 1272 616 817 627 234 467 1935 1966 289 108 1357 43 1306 1541 1275 1702 304 2 1828 506 1347 954 770 1988 46 1058 626 192 698 478 1034 175 1491 69 665 1810 872 88 1056 261 1623 838 1675 1184 775 801 1149 1131 1761 1727 1017 527 475 441 1946 445 1537 695 755 1875 1785 572 808 1759 393 550 421 1041 525 756 1659 114 1508 456 1011 991 476 485 1985 1140 1368 233 657 1092 1924 55 1354 1902 1654 247 858 745 1087 1420 944 612 884 1023 947 741 1842 669 68 98 1407 584 1502 983 940 600 1729 1791 1199 1613 1552 1674 1410 1463 1320 383 1656 1634 742 1194 129 73 1091 159 251 684 1801 1652 1356 468 410 693 398 598 395 1344 250 689 1509 768 632 628 1334 1437 493 13 976 1589 653 1802 1302 1876 643 1283 184 146 1313 1380 254 1692 1031 1972 562 1464 408 1371 1648 514 953 1815 204 1632 84 964 1110 1374 816 599 899 165 637 1928 1699 309 82 1943 31 1120 1631 719 1369 875 656 1865 532 1416 414 1980 1899 837 164 111 1645 253 718 1936 546 1250 1178 1180 1073 265 1304 1934 845 1932 857 1154 460 984 227 1401 1493 985 1426 1359 1834 666 1098 35 1455 150 727 412 160 1019 1363 1762 488 539 
minDistance: 4.75841
cost: 240029
capacity: 199170
time: 9347
maxTime: 60000
LS1: 36422/37804
LS2: 613/1382
LS3: 0/0
shakeIters: 755
shakeLoops: 73
