4.33713:1501 4.39525:2041 4.4083:3385 4.45979:4073 4.51284:4257 4.51647:4390 4.51936:4475 4.53373:4563 4.58445:5196 4.60814:5325 4.60922:5495 4.63173:5609 4.63381:8199 4.64144:8322 4.64488:8601 4.68036:9549 4.70236:11012 4.73604:13267 4.73904:13388 4.7521:13706 4.76244:14523 4.76519:14768 4.774:15131 4.77729:17298 4.79813:17363 4.81054:18037 4.81659:19523 4.81877:22257 4.8336:26348 4.83476:27664 4.84648:32780 4.85522:34685 4.85794:37762 4.86612:37869 4.88371:38886 
192 1556 1994 71 863 16 1786 1087 1019 964 1516 327 1791 664 1325 1729 1662 74 248 916 1234 923 874 693 1944 1354 1385 1683 383 128 625 236 1371 1200 513 1702 1980 379 253 1934 1620 172 873 1455 198 300 108 19 1623 1566 1429 13 1936 960 117 1416 252 82 684 603 371 1727 1250 662 1972 1437 1407 529 1423 1438 1544 1305 1761 1783 1367 460 60 187 1835 410 68 219 247 264 470 1533 1365 1594 1050 126 1226 414 431 615 1933 534 1468 491 665 1550 1565 904 1521 206 1207 668 375 1890 1928 1653 712 1825 1689 993 772 314 1801 527 1056 234 1542 1759 1499 89 72 1985 525 78 1784 421 1781 1575 643 443 1413 990 1940 1688 847 1177 1251 762 1865 227 1674 1084 1401 1427 369 641 1194 1457 1552 519 1041 1356 1002 1502 450 600 502 1507 808 397 1814 828 963 1823 985 1589 441 1875 1804 973 1092 254 1446 953 33 1898 676 1190 425 1680 357 900 1782 1810 1073 1090 46 794 86 1239 726 1648 816 546 976 1351 1501 788 1536 1031 392 487 1922 870 446 1306 698 1120 1803 184 1039 867 1376 296 1304 1692 715 849 666 1302 23 459 358 1040 1357 137 1007 632 88 1772 1479 831 1997 1359 1654 1262 1840 1686 354 115 1513 756 1454 481 1043 1030 475 1923 66 53 652 987 503 1380 1184 1652 1816 
minDistance: 4.88371
cost: 244121
capacity: 199388
time: 38886
maxTime: 60000
LS1: 37703/39004
LS2: 403/1301
LS3: 0/0
shakeIters: 863
shakeLoops: 79
