4.4791:1782 4.48522:1884 4.51405:2024 4.59304:2305 4.62568:2512 4.64488:2588 4.65503:2708 4.67784:3520 4.73343:3699 4.73904:3827 4.75841:4342 4.77358:5188 4.78849:27472 4.80177:27774 4.81378:27838 4.81877:30353 4.8201:34854 4.83261:40232 4.8954:40999 4.90183:41056 4.9146:45556 4.925:48687 4.93552:48867 4.93845:53408 4.94366:55391 4.94524:57580 4.95824:57653 
932 1552 253 884 1972 48 600 500 583 1849 1057 1356 82 824 1768 425 842 1339 1380 1479 1248 1565 47 657 502 1649 773 1098 460 625 470 684 1833 84 60 371 1759 474 846 973 211 918 397 539 1720 1594 342 513 75 1401 1816 379 1164 1012 1583 1708 1861 1542 1328 16 1685 715 1007 1623 647 1626 1407 33 214 1954 1415 953 248 778 1416 1726 322 1835 806 1180 1791 1761 172 1922 375 873 1815 1142 780 1446 689 83 254 1163 771 1620 782 81 1090 667 1144 509 870 645 1330 1702 1727 987 1912 1002 88 481 642 1251 726 1706 441 1674 1486 431 1664 128 15 574 312 1127 491 1828 1928 1647 314 1219 1739 1351 137 250 1966 762 1466 1894 881 510 1932 1996 1216 446 485 1461 834 1371 73 720 429 520 58 1943 1589 1207 115 1579 247 627 1120 297 57 80 266 395 337 808 1318 1364 530 54 1980 354 1087 1423 757 243 1836 1357 1680 1162 414 985 53 1455 192 902 1814 459 1576 1566 1653 264 1556 55 68 1194 1019 877 926 1569 1834 837 653 1947 654 1700 1819 1041 1501 616 776 1876 94 944 421 849 1092 478 1221 928 358 1476 1891 1683 964 829 1305 637 406 1772 160 317 1263 652 1938 165 300 198 519 1745 1089 1783 1584 1659 1239 858 1453 970 546 1437 916 1261 289 1051 1851 
minDistance: 4.95824
cost: 246319
capacity: 199332
time: 57653
maxTime: 60000
LS1: 37483/38831
LS2: 527/1348
LS3: 0/0
shakeIters: 794
shakeLoops: 73
