4.30737:1168 4.30847:1419 4.33156:1682 4.35501:1978 4.51936:2454 4.53373:2614 4.58969:2824 4.59509:2969 4.60922:3997 4.62568:4561 4.6261:4726 4.64202:4814 4.64488:4872 4.65246:5025 4.65503:6687 4.7521:7251 4.75215:7690 4.76519:8248 4.77358:26629 4.80076:27952 4.80939:36218 4.81659:42192 
969 253 121 1504 125 450 160 1110 82 69 292 354 1171 695 1475 392 1610 1857 1250 289 1051 1180 1380 698 1936 1034 425 1411 240 1997 1297 1561 28 460 1761 1576 546 1759 1417 300 802 1429 1109 858 953 1791 1357 1486 480 1922 1305 916 176 899 1144 33 358 801 656 1014 1398 532 1463 1230 794 985 1772 314 873 1263 1092 1928 857 1954 1340 1182 430 184 662 100 807 976 1084 78 626 1328 1801 1508 1542 1637 585 23 513 637 1695 1277 1073 1314 1307 194 1221 164 35 1552 47 236 539 947 528 960 410 137 1420 683 1944 136 1199 1745 1031 209 1692 94 1659 1367 198 1356 1124 1590 437 1500 312 847 772 1828 1717 1833 1455 504 1835 1216 1674 1278 88 1875 322 304 1410 1748 1894 1194 46 808 470 234 950 395 1365 1407 1923 1320 1495 1698 74 1652 935 1442 1656 1943 13 1306 1246 192 1672 1994 1933 684 1912 1762 476 1379 1653 1329 1019 1242 1334 1386 500 1217 1164 1501 1972 1205 109 1939 1623 414 1720 1273 846 1782 1011 1556 1614 1234 1980 1961 1213 485 572 642 1865 421 233 1002 625 55 669 367 1611 1479 529 1594 1256 1127 616 1087 1886 756 829 84 1154 397 1261 1453 429 1404 383 1368 441 1032 1130 1448 964 1283 1007 254 1913 811 1706 403 1203 18 1351 492 1437 1371 944 1416 973 1571 984 60 1359 66 1147 884 838 475 
minDistance: 4.81659
cost: 244929
capacity: 199174
time: 42192
maxTime: 60000
LS1: 37797/39170
LS2: 525/1373
LS3: 0/0
shakeIters: 826
shakeLoops: 77
