4.30737:1134 4.4791:1618 4.57912:2391 4.5932:3009 4.59509:4376 4.60053:5032 4.60731:5499 4.65503:5910 4.67784:6289 4.68036:6373 4.71135:6910 4.73066:7041 4.73904:7133 4.74862:7214 4.75841:7445 4.76991:8147 4.77358:8364 4.79412:9820 4.80076:9874 4.81378:12261 4.81451:12605 4.81659:12803 4.83243:13288 4.83261:17565 4.84227:18225 4.84505:18462 4.85522:18515 4.8673:19209 4.88371:19879 4.8954:20066 
395 775 1676 1994 1357 247 845 1407 279 128 1320 441 704 1359 1385 529 1030 322 926 849 1823 1630 1261 209 1034 391 1207 1073 1031 1360 1544 1940 1674 384 198 1922 1796 976 653 460 254 100 944 1909 596 1318 1542 1219 520 559 960 830 1801 1835 1091 1569 193 1437 1298 1972 1548 1078 1256 1056 985 1912 1589 253 550 1664 266 902 1130 1762 68 233 35 599 1453 1227 961 500 1515 470 1761 13 1575 262 556 817 164 1190 354 923 600 1541 1923 534 1263 1251 82 987 1143 1479 1200 625 1041 1204 431 211 1623 1087 1382 1305 371 503 55 1783 1814 1163 1368 1620 1833 1729 300 1507 540 1769 1451 1438 397 248 1212 1019 1954 623 1221 84 1682 468 984 58 964 1683 19 904 1040 1416 1659 450 88 1917 92 726 1566 446 1247 808 406 1980 1387 741 1556 1262 1314 1836 698 847 1356 675 1817 1376 1598 641 821 543 772 1120 75 86 519 1552 1803 1613 1063 1455 1879 1495 857 1032 899 1523 973 1933 1116 1172 414 935 1427 1144 410 1537 673 546 375 1501 458 1380 1652 1367 1759 1150 236 816 1371 1328 1512 652 1865 900 669 1645 292 94 421 1420 358 1521 1351 33 1335 475 1107 46 1239 1454 335 1216 379 539 953 1728 1977 1513 1194 1944 1177 873 689 1985 1084 527 1536 1938 632 616 53 1576 1782 1875 918 1594 1565 
minDistance: 4.8954
cost: 247292
capacity: 199177
time: 20066
maxTime: 60000
LS1: 36488/37856
LS2: 528/1368
LS3: 0/0
shakeIters: 810
shakeLoops: 73
