4.59509:1861 4.63173:2050 4.67784:2199 4.72467:3173 4.73343:3547 4.73671:4367 4.75841:4540 4.75908:4709 4.76519:6215 4.76641:7833 4.77358:9527 4.77697:10560 4.80076:13138 4.81659:13457 4.81818:16679 4.8201:16885 4.82474:19360 4.83138:19430 4.83261:20630 4.83476:20805 4.8521:21668 4.85522:21781 4.85794:21940 4.87114:24240 4.87944:30327 4.88028:30409 4.88442:32649 4.8866:34231 4.89524:36762 4.8954:36877 4.90183:38988 4.91013:39860 4.91128:56724 
976 117 1034 1019 1466 715 160 1654 33 821 476 15 695 1194 546 1933 519 1781 1488 817 839 1143 490 358 301 433 1643 1107 1922 1306 1298 637 1041 1427 632 884 1680 1204 136 475 689 478 1686 621 543 1875 902 470 1463 960 108 718 757 441 1535 468 75 647 1120 1320 1437 46 935 35 1988 366 926 115 1502 1787 1759 918 652 457 23 1493 1416 1359 1423 1376 1328 1302 1980 1726 1672 1216 137 1256 1614 1372 1576 1683 1541 671 801 1207 406 55 509 1594 252 359 211 520 775 953 1761 176 1365 1357 243 1056 1102 282 1801 723 1499 807 1255 983 838 450 1589 1676 253 816 469 193 1702 1153 654 1063 414 68 667 421 1379 1351 1566 1461 1598 947 1579 974 1940 1118 1684 989 1325 1706 1367 1802 94 842 1840 110 657 1401 266 89 487 1583 439 445 982 192 1495 1085 858 1091 1200 1772 1675 768 1645 423 1762 984 709 944 574 1454 1814 1796 26 1674 1180 1073 664 857 1898 1464 431 704 20 1371 847 616 1455 720 229 1190 503 1575 1356 1972 371 1994 792 964 598 837 212 1623 1248 788 1335 42 1031 133 1729 1836 1565 1380 985 669 1221 1835 1828 1928 1407 1664 772 653 1453 53 1620 250 873 446 1653 1155 1727 1720 1360 1413 1505 1251 1456 1613 1160 693 152 924 881 901 782 1943 1894 234 48 1087 1783 1002 1353 1089 412 
minDistance: 4.91128
cost: 241659
capacity: 199256
time: 56724
maxTime: 60000
LS1: 36819/38175
LS2: 543/1356
LS3: 0/0
shakeIters: 780
shakeLoops: 73
