4.31489:1448 4.45498:1932 4.45979:2413 4.48815:2500 4.53373:3149 4.60053:3564 4.61185:3660 4.62629:3851 4.63173:4093 4.64488:4166 4.65246:4268 4.65266:5828 4.66798:6247 4.67423:6329 4.71135:6470 4.74862:6575 4.7521:6722 4.76103:6895 4.76519:6951 4.78228:8642 4.80076:8732 4.81378:11593 4.81659:11916 4.81818:20867 4.8201:21058 4.82505:26954 4.85794:33044 4.87353:35370 4.87944:39653 4.88442:40346 4.8954:47455 4.91065:56473 4.9146:57219 
1761 100 1994 515 1997 276 253 1463 1030 1409 616 782 1500 1576 196 1091 1461 1320 1762 1019 1976 1410 304 858 918 89 568 1726 184 1836 410 204 529 928 1653 300 1681 556 1856 1990 317 615 667 944 1833 1172 1278 1501 953 74 1972 251 1720 128 1364 68 1759 1552 916 632 1610 1114 1041 1933 926 371 198 665 1502 540 1915 821 1328 1632 1180 1221 1402 179 1814 1909 762 1034 732 13 838 1256 863 1835 33 88 1954 1495 988 727 16 1646 976 1773 1437 1752 1356 831 1092 849 1985 816 1943 1598 1507 1335 485 1620 1455 470 1645 498 53 1423 1401 519 1250 1473 158 1816 1746 416 1365 176 1120 1370 689 1372 1575 429 425 877 1216 1453 1683 19 652 1569 60 1996 984 504 539 1702 879 1283 1674 899 35 1160 534 1672 973 1028 1031 233 1305 1379 1791 642 841 1385 48 289 1407 698 383 847 1783 421 985 1143 450 303 669 1922 1454 1935 73 1980 527 857 1302 322 1537 1262 1550 1589 152 654 1600 441 1565 1544 397 1802 958 83 224 384 664 559 1239 834 1107 1594 1659 137 126 1801 272 446 460 1371 1772 94 873 1087 630 58 1614 808 55 312 1351 1002 756 1492 1346 1380 86 1142 807 75 627 1788 1084 103 902 520 1705 1629 1357 1803 1623 1043 297 160 475 248 1561 583 459 1191 1399 795 
minDistance: 4.9146
cost: 240090
capacity: 199221
time: 57219
maxTime: 60000
LS1: 37033/38406
LS2: 522/1373
LS3: 0/0
shakeIters: 818
shakeLoops: 76
