4.32389:1293 4.49503:1888 4.51936:2107 4.53373:2189 4.53671:2328 4.55031:2388 4.55319:2637 4.58969:2875 4.64202:3195 4.64488:3314 4.65022:3384 4.67784:4704 4.7521:5582 4.75433:5795 4.7627:6595 4.76519:6648 4.77198:6793 4.77358:9820 4.78228:10664 4.81165:19798 4.81659:21473 4.81818:27423 4.81877:31197 4.8201:33184 4.84652:51040 4.85522:51151 
1810 1879 397 229 1726 1360 664 250 1986 137 379 1328 470 1371 303 510 869 459 829 392 443 1533 1042 54 616 1819 133 1575 1674 1256 1087 1913 1144 1972 248 23 1106 94 1083 1427 941 141 877 251 695 772 788 677 1783 1706 262 73 1552 1155 247 821 1590 322 1019 431 625 88 543 770 346 932 1994 1463 78 527 863 816 1127 1802 206 1778 66 108 1796 1768 53 1420 1878 858 1369 253 632 33 1131 1875 807 689 755 600 1271 1274 1142 309 1464 82 468 734 222 301 660 1541 1606 1031 1380 1248 1143 1594 1720 1507 1747 984 1489 288 656 8 84 1859 637 918 1573 988 885 478 1454 559 795 1705 973 1943 953 520 1565 1154 976 1996 1623 1576 1814 1761 20 331 300 969 1262 540 828 1446 671 188 627 1438 742 475 1410 378 782 1835 1437 857 374 74 1048 903 963 519 1368 1752 1084 1330 1620 1630 57 359 653 68 1306 1181 240 1980 441 752 1040 1692 1261 126 1492 1028 1124 1012 1455 532 1416 1453 451 1781 1948 1329 1762 187 639 1190 1912 1283 476 366 1407 1787 1291 944 1088 1304 1351 654 1988 198 1886 1479 771 808 414 277 1120 1191 233 985 1717 947 1836 1664 1402 395 354 371 646 1861 667 1178 276 1523 1938 297 1610 709 460 180 502 530 847 164 1917 1863 1356 1954 556 86 1334 987 509 1092 1335 1922 192 806 410 1828 1645 254 
minDistance: 4.85522
cost: 241340
capacity: 199176
time: 51151
maxTime: 60000
LS1: 35546/36913
LS2: 584/1367
LS3: 0/0
shakeIters: 757
shakeLoops: 72
