4.34909:1254 4.49903:1683 4.51647:1838 4.52821:1987 4.54272:3245 4.61167:3652 4.62327:3729 4.63826:3849 4.64488:3923 4.65022:4146 4.65246:4269 4.65503:4747 4.67696:4928 4.69138:5180 4.75651:5286 4.75679:6209 4.75841:6318 4.75908:6379 4.76519:6840 4.76641:7827 4.80912:8140 4.81378:8274 4.81659:8344 4.8201:12955 4.82232:15091 4.84227:20637 4.8673:20734 4.87353:23662 4.87944:29786 4.90307:36325 4.90333:37512 4.90491:39784 4.90564:45373 4.91013:58061 
1191 926 712 304 1087 1051 375 196 251 1842 172 364 1372 159 77 82 1190 1839 1833 899 53 475 1461 869 1861 500 425 1983 504 1761 741 1030 1043 1044 776 900 974 1782 1376 1328 1063 502 1335 160 303 74 653 1980 1384 1359 1565 459 1120 1380 421 204 506 1909 1896 1368 1305 1199 642 1689 437 1262 86 1546 1803 1745 1815 1431 1438 214 1257 1007 456 522 378 550 1938 1357 828 665 1985 254 1437 1194 476 1486 527 847 1797 840 1835 1356 1098 973 835 1614 1140 762 707 976 1365 593 695 758 756 234 1681 300 1613 1367 1019 995 1659 1154 1316 1664 1216 812 1573 628 431 1213 1954 984 314 88 1683 1105 715 1473 520 1791 652 94 517 1468 43 635 1623 1575 1875 1200 1420 1407 233 470 509 446 568 1645 342 35 1672 248 1552 232 371 212 989 1682 1114 253 667 983 1034 904 961 1464 1994 960 808 318 993 379 1946 1731 1031 1936 1634 1455 804 466 964 110 164 1972 1221 626 1002 676 450 1041 1610 896 491 1582 478 1648 1095 1654 1584 46 176 1164 1537 623 1560 1033 1495 1692 985 1490 391 252 1878 751 709 1093 272 55 1439 1501 1427 1091 916 1277 1371 460 1729 1596 1589 1819 289 1416 1674 152 782 1351 510 1454 1772 1073 657 849 1402 1516 546 68 1933 1502 858 1943 1783 1151 1726 1816 1350 519 944 279 85 1744 
minDistance: 4.91013
cost: 244160
capacity: 199173
time: 58061
maxTime: 60000
LS1: 35994/37358
LS2: 559/1364
LS3: 0/0
shakeIters: 771
shakeLoops: 72
