4.33713:1403 4.45979:1743 4.49903:1989 4.51405:2088 4.55328:2390 4.59509:2669 4.64202:4351 4.65971:4631 4.6688:4710 4.6769:5768 4.67784:6335 4.76519:6568 4.77358:8656 4.79412:8775 4.80076:10621 4.81165:11431 4.81659:12324 4.82474:15733 4.83476:25700 4.84227:28188 4.86028:28321 4.86612:31814 4.87611:33927 4.8866:49015 
410 858 1811 250 1463 628 1256 529 642 1928 1455 459 1686 1842 1429 1782 1205 652 720 1685 689 1176 756 1160 35 53 198 87 808 873 896 1143 1936 23 1127 1386 816 1840 847 115 1493 669 1009 48 861 248 1351 276 506 1354 1019 1614 1768 43 1875 358 46 869 1683 470 1273 214 1943 1436 1552 1120 1861 872 1371 232 1191 1250 1835 1255 458 1446 1710 1379 1676 1352 626 695 698 875 1007 550 33 1594 94 1370 1972 1041 1575 1380 1121 1030 1420 527 1154 1302 1479 984 576 985 633 1142 961 1200 1360 1922 254 1759 1810 441 950 475 734 425 1177 1542 1783 1356 654 185 1996 1002 74 1087 504 1184 1929 1720 1213 480 532 1320 300 926 1451 842 199 829 749 499 160 1453 234 1560 1745 450 1368 1073 1180 78 109 1043 1102 1306 456 1194 1203 1502 1589 665 1335 953 1752 1629 86 1761 1437 904 432 1680 192 1401 322 793 884 1261 1780 1828 1856 73 944 1980 1466 1933 817 421 1248 1357 1305 1648 488 1954 600 304 26 712 342 543 60 88 519 585 1230 667 68 693 1717 85 227 478 55 84 1056 1190 857 1359 1672 775 1149 15 1762 137 976 1454 1407 476 772 412 383 133 1362 212 1031 1216 664 1428 1501 253 1833 838 1804 1674 1848 1565 1994 403 395 176 1590 1623 807 1654 623 849 525 136 354 333 
minDistance: 4.8866
cost: 242010
capacity: 199302
time: 49015
maxTime: 60000
LS1: 38466/39786
LS2: 453/1320
LS3: 0/0
shakeIters: 843
shakeLoops: 79
