4.30847:1091 4.45979:1420 4.48815:1608 4.52612:2192 4.52821:2518 4.5626:2712 4.64144:2902 4.65813:3054 4.67784:4586 4.75433:6091 4.75908:6275 4.76519:7027 4.76641:11064 4.77358:11575 4.78228:11631 4.80076:14051 4.80804:14840 4.81378:17340 4.81945:17658 4.8201:17799 4.82232:19442 4.83476:19527 4.85522:20572 4.86034:20631 4.87611:22083 4.87944:33929 4.88028:34002 4.8866:35640 4.91128:35803 4.9146:45505 4.91877:54345 
1972 1446 469 1610 1634 509 1710 867 1849 1851 1772 1216 23 837 1486 1351 1773 1087 520 1369 468 944 1875 1980 164 1726 308 506 1120 1614 75 550 1240 1194 55 916 1637 1466 1894 806 695 984 1358 1203 1357 1566 1083 253 1727 1255 1840 989 391 1623 715 928 1685 1191 773 1791 1318 47 782 749 1127 1063 500 1576 1359 1946 1759 20 877 302 1371 653 1495 726 776 212 1030 172 283 829 1368 579 466 654 1839 628 446 1752 115 1939 152 1632 1180 1221 251 443 1380 137 1501 441 485 835 1367 1815 371 995 1098 1817 199 250 286 1401 1305 519 1717 985 1217 756 1251 1416 1541 642 585 1092 94 1413 42 757 1248 960 1584 53 375 1748 1263 88 1089 1407 1019 252 593 1130 1565 842 976 1687 1579 392 875 1836 414 254 456 1112 1365 1582 1731 1489 1705 129 470 1437 1654 858 93 1762 723 337 425 431 421 847 808 264 285 1664 504 1938 234 269 517 487 1801 1761 1451 705 168 1540 476 926 768 1461 816 657 546 884 901 1453 15 1828 1583 1043 1475 574 788 988 616 1402 1056 1007 1171 689 1455 1674 247 801 1662 688 902 1328 635 1896 1560 772 900 2000 478 1040 1598 1928 873 204 621 60 1356 300 1044 683 82 973 1330 74 1996 965 970 68 209 1653 1745 1594 1720 1335 849 1513 1033 1537 1870 1364 1947 1093 33 192 1783 1552 117 1142 
minDistance: 4.91877
cost: 245971
capacity: 199157
time: 54345
maxTime: 60000
LS1: 36049/37333
LS2: 504/1284
LS3: 0/0
shakeIters: 749
shakeLoops: 69
