4.60731:1712 4.63173:1844 4.63709:2990 4.65246:3132 4.65503:3196 4.65813:3295 4.66163:3600 4.66798:3665 4.72295:5012 4.76519:5121 4.77358:7725 4.80912:8669 4.81378:11655 4.81659:12105 4.81877:15310 4.8201:15418 
1084 1150 1274 1127 985 1778 88 1557 1817 1933 788 519 253 671 234 1761 129 1575 635 187 1781 808 1420 1501 1130 626 879 695 1221 1404 1199 600 1752 1410 1328 1051 414 1590 1876 1163 708 141 1416 1556 1801 1007 637 973 485 1031 693 797 423 676 1246 1623 739 33 192 1401 1040 782 1092 1446 1380 1344 1455 314 1028 1106 136 73 1041 2000 1438 1972 848 958 1262 1371 1427 1943 821 539 1500 1957 1576 1216 1413 117 506 1387 1213 873 1205 1407 1783 1717 764 555 667 172 1509 1720 1033 1058 824 1010 1939 176 1365 1124 1157 616 771 300 441 35 530 303 13 953 1985 1475 527 1048 1912 520 115 421 160 1102 1256 317 94 1190 1656 55 1002 916 1521 672 68 1207 1019 502 1683 1810 1565 354 476 1248 990 1461 252 1423 297 460 179 84 683 976 152 1437 756 749 193 1486 1552 1368 467 1870 1655 947 1087 1996 669 1828 1194 1796 509 23 69 1253 28 655 1748 1645 1643 446 732 546 198 1542 1164 632 540 1042 1073 57 1244 1463 410 1283 1614 1791 1305 475 125 860 829 309 684 537 654 78 642 1653 74 1154 170 266 1561 492 1250 918 1356 1997 1759 81 500 1342 469 1875 689 884 881 1379 1160 86 1613 1306 630 406 204 720 331 550 395 1659 1668 60 250 838 1015 468 1855 31 451 1814 1466 1936 1215 
minDistance: 4.8201
cost: 247179
capacity: 199278
time: 15418
maxTime: 60000
LS1: 37707/39033
LS2: 411/1326
LS3: 0/0
shakeIters: 899
shakeLoops: 87
