4.10632:824 4.30737:1237 4.55031:1877 4.63173:2029 4.66452:3273 4.75841:4106 4.76519:5037 4.81378:6753 4.8162:6812 4.81659:7290 4.8201:10765 4.83138:38063 
1250 1653 1672 1316 253 1590 1682 1365 1610 1494 1296 847 988 817 1009 1456 1396 1087 1761 504 1073 1180 1031 126 35 1002 160 152 1051 1041 849 19 159 374 1939 1996 423 1312 1833 643 82 60 1486 1351 1493 960 86 75 1004 196 1569 1501 458 1772 532 1379 831 1019 1239 665 1194 1251 141 1142 1526 233 383 1771 414 875 1367 1112 527 1221 1731 519 1397 1371 53 1007 543 1213 1817 434 963 1171 1234 450 669 13 1318 1566 1620 1840 1626 1154 1305 1594 322 354 1714 460 1420 520 412 1835 821 1454 1356 441 1401 1030 468 782 1380 283 1875 1929 534 178 1933 335 644 586 1536 248 276 198 165 1623 838 775 184 1674 1552 306 1451 1912 1934 179 1084 842 470 88 1985 1012 20 1703 78 1429 630 209 1216 1565 254 1556 500 192 756 164 300 1575 529 559 563 1683 546 1943 1243 1092 100 1105 695 140 1841 71 837 1729 425 55 1455 447 1935 926 172 1426 642 1717 1890 1246 1613 1507 1144 1700 1688 266 341 1164 117 1842 1799 1815 1461 1954 1928 1437 1376 899 109 1015 375 698 1940 1759 94 727 247 808 1335 1359 395 499 873 1219 672 1453 1801 1803 1200 1698 1726 637 1745 1980 304 1307 1328 969 1544 1783 990 317 616 846 410 667 1114 1407 475 1720 1034 1320 371 1385 481 46 1368 964 1283 313 1595 1938 1416 199 1645 1836 421 1190 
minDistance: 4.83138
cost: 246010
capacity: 199164
time: 38063
maxTime: 60000
LS1: 37999/39283
LS2: 418/1284
LS3: 0/0
shakeIters: 854
shakeLoops: 82
