4.18768:1019 4.33713:1548 4.33899:1759 4.39003:1951 4.4526:2239 4.4791:2590 4.59509:2919 4.64488:3960 4.65503:4125 4.67134:4294 4.67696:4739 4.72078:5080 4.73904:5169 4.76519:5465 4.77227:10897 4.77358:14692 4.81659:15155 4.83261:18873 4.83476:19579 4.85522:20187 4.86267:20270 4.87611:22178 4.8866:25411 4.89741:34449 4.90183:35787 
429 970 555 1952 84 309 1645 1416 414 234 1283 1720 124 1922 1427 1090 1782 1575 1466 1614 1674 1180 1011 137 626 1455 55 70 1461 842 468 525 367 1692 82 1073 1814 46 964 1143 671 635 1296 1380 669 517 772 1351 410 1274 1623 1985 1727 85 1360 1030 630 35 1552 1654 1840 476 775 317 250 193 159 1205 1032 509 1954 695 375 1917 1835 1801 1972 917 1583 470 667 1368 1357 86 450 901 1215 108 1634 342 459 1706 54 1935 1121 642 1359 488 303 1379 480 1221 1250 1761 1334 944 637 904 1610 1717 236 1780 1994 1501 1178 253 1936 1091 1923 684 75 26 1990 1726 13 1650 720 1759 184 1305 926 211 198 172 443 540 158 683 726 1300 53 212 849 1791 333 1401 1127 1034 1980 969 322 73 600 1420 563 1594 782 1031 762 1365 1790 1756 1773 1556 816 247 903 847 1875 1304 873 572 1407 1762 1631 1092 1680 1576 654 277 627 1584 1816 985 918 616 870 475 519 109 19 1371 1683 60 1852 1087 989 1200 527 1216 1933 1710 441 1012 88 1436 502 1912 1356 1778 300 858 1019 1364 983 68 1120 279 243 1453 1943 1376 976 863 1495 94 1002 1181 425 1613 58 1542 1102 254 953 23 1207 647 1007 653 204 1204 931 1653 421 1199 115 145 1629 829 1016 152 532 1437 881 1041 704 689 584 
minDistance: 4.90183
cost: 244860
capacity: 199294
time: 35787
maxTime: 60000
LS1: 38055/39420
LS2: 474/1365
LS3: 0/0
shakeIters: 866
shakeLoops: 82
