4.53373:1580 4.5932:1822 4.63173:2227 4.63317:2465 4.67134:2596 4.76519:2879 4.78228:4520 4.80076:9103 4.80462:12055 4.80804:12957 4.81451:14299 4.81659:15714 4.8201:26032 4.82232:28288 4.82858:31243 4.83476:31362 4.84227:34107 4.8521:36802 4.86612:41796 4.87491:46197 4.87944:50085 4.88371:53257 
992 289 1143 935 333 1680 1370 519 1590 1828 23 446 1380 616 621 425 470 176 290 1365 1936 1934 550 726 1040 1717 317 184 527 684 1875 896 1073 1031 1546 451 1541 254 1814 1761 187 75 1257 947 88 1544 1686 322 849 663 1084 82 870 1454 1428 1092 128 556 1801 1306 1017 159 403 1180 1178 1114 264 1221 1573 233 662 858 204 1416 669 1582 1837 1215 1164 1575 940 1870 1726 1763 1924 1325 100 1034 1305 626 1127 1935 1455 1461 1501 86 1985 1058 1654 481 73 642 1041 869 1033 1929 1009 1223 1121 964 944 1656 584 1683 1002 192 1666 1944 250 371 1453 459 1623 665 251 904 615 68 1495 1253 1502 1840 1759 253 1150 628 873 298 847 1856 1239 421 1360 283 727 1521 857 1124 1728 185 667 296 1094 633 1371 1386 1357 74 1401 1994 1056 715 1190 585 753 478 1437 379 1302 1971 681 802 1980 875 1762 46 502 987 354 654 775 124 1946 600 1954 1429 1922 705 1782 1359 1912 375 656 985 1199 1933 1653 1952 1565 475 35 1244 409 1542 1032 152 1436 1250 1203 1368 1641 1087 1200 1698 395 1972 1731 1216 126 1194 983 1990 1513 1051 1692 1019 1407 443 1957 1986 1219 1632 121 953 279 1552 1204 78 108 689 1328 995 468 219 931 1420 828 1205 374 1142 1016 1773 441 84 1674 1720 1397 1855 1256 69 862 506 963 637 300 
minDistance: 4.88371
cost: 244489
capacity: 199159
time: 53257
maxTime: 60000
LS1: 38969/40292
LS2: 455/1323
LS3: 0/0
shakeIters: 846
shakeLoops: 81
