4.31804:1229 4.33185:1428 4.42728:1920 4.43199:2017 4.45236:2120 4.48815:2367 4.53087:2618 4.53373:2706 4.61172:3554 4.64488:3627 4.65246:3822 4.65503:3978 4.70532:4228 4.70875:5315 4.72078:5546 4.7521:5756 4.75841:5933 4.75908:6178 4.76519:7578 4.82474:8474 4.82822:9479 4.83138:9609 4.85794:9710 4.8746:10559 4.88442:13218 4.8866:13672 4.91065:15902 4.91128:16702 4.9146:16929 4.91877:24342 4.91883:24426 4.92236:25065 4.92462:26890 4.92468:37736 4.925:37846 4.93392:54274 
136 1706 1402 964 308 1468 821 1536 1376 707 902 1401 1368 654 1416 953 1311 1589 1878 662 724 322 698 1087 1836 1683 1560 212 1778 476 1255 1623 873 1802 532 490 535 849 1720 33 1405 1034 1351 1031 297 460 734 1191 1492 1946 84 69 1181 129 1579 1223 1204 727 1084 1407 1356 1674 1815 233 1120 1798 1221 259 19 1092 1051 772 807 1876 520 1250 1839 511 1894 243 1576 204 1783 1328 378 339 1154 1556 858 1681 522 1216 342 1143 918 1552 303 1835 1385 1816 857 1943 1291 475 234 1489 808 1102 82 1954 209 1190 1610 1454 519 1575 1040 1342 1659 485 1019 349 1114 926 1164 944 1090 1573 74 802 1032 251 973 1565 1334 277 1427 500 1817 1594 309 1380 510 137 995 1997 961 1089 618 110 1692 1437 1369 1247 1213 1296 316 1761 1833 431 1305 762 1726 1584 1073 1320 1729 1773 1734 695 410 1495 1461 1996 498 1791 989 427 1620 653 1550 1516 48 68 1705 1429 441 185 75 1371 1455 1972 1801 421 1501 675 354 1130 300 642 160 88 1335 1966 1283 689 1357 976 1645 1453 466 785 283 1851 459 450 1028 677 987 164 1849 1091 1127 414 279 577 254 652 504 383 899 23 480 1205 272 1654 1365 1041 672 470 806 73 492 121 628 1875 468 1180 1200 828 1935 206 152 1256 1796 1464 232 574 1056 
minDistance: 4.93392
cost: 242430
capacity: 199237
time: 54274
maxTime: 60000
LS1: 38319/39663
LS2: 456/1344
LS3: 0/0
shakeIters: 852
shakeLoops: 78
