4.39525:1333 4.47942:1641 4.48345:2147 4.55328:2605 4.59509:2736 4.59847:2815 4.64488:3276 4.64791:3534 4.65246:3698 4.68036:4599 4.7521:5599 4.76519:7345 4.77198:7626 4.77729:9102 4.81378:10218 4.8201:11809 4.83138:11863 4.86612:12136 4.8673:12229 4.87611:13820 4.88442:14455 4.88979:14509 4.8954:15189 4.90183:25820 
1364 1938 741 1318 1814 535 1431 243 447 254 1256 1556 1674 503 1796 1516 775 253 1944 944 1569 1649 1552 1708 527 652 1356 1106 1936 300 727 1565 1946 178 73 704 1031 1427 502 1803 735 276 1486 529 794 1346 1092 1051 1402 1207 847 251 1416 1842 1199 1204 1080 150 206 556 82 812 1542 1985 1328 1833 849 987 773 409 974 129 1582 1368 522 1736 247 1221 35 1761 953 1420 1912 1720 600 500 1596 1834 68 1566 1791 1710 1943 1335 1875 1537 1437 973 1219 47 397 430 158 414 1154 19 70 860 1801 1119 1073 270 709 885 1262 1385 60 1063 1030 1190 1002 1298 1178 1762 395 1496 1972 86 964 185 441 1376 695 1239 375 626 1216 1928 1215 1305 314 563 1835 1084 1407 676 1759 1662 689 75 233 1501 1475 1550 1589 616 1683 1455 632 642 100 1048 1692 1783 802 1428 1541 808 1726 88 1436 1261 1594 873 1121 976 347 863 297 1034 429 1456 546 865 1380 354 1659 1917 918 667 94 1654 1251 1401 1954 838 1909 1680 698 985 896 1230 647 446 1717 539 1580 665 961 309 137 450 1087 192 1028 1091 498 1502 736 1561 1365 1453 1164 333 1479 490 159 421 510 1939 1613 427 381 1114 469 1351 653 1371 459 13 1610 470 879 380 204 1451 172 1016 1032 1194 1461 443 371 252 1432 504 858 621 1623 1127 519 984 1438 
minDistance: 4.90183
cost: 242583
capacity: 199153
time: 25820
maxTime: 60000
LS1: 38440/39730
LS2: 393/1290
LS3: 0/0
shakeIters: 873
shakeLoops: 82
