4.15842:1081 4.47409:1819 4.5119:2192 4.51284:2506 4.53051:2700 4.61976:3159 4.65022:3407 4.65269:3472 4.75841:3724 4.75908:4438 4.76519:5463 4.80804:5566 4.8162:5707 4.82474:5898 4.83476:6434 4.84227:6718 4.8521:6938 4.86612:8157 4.87114:11787 4.87944:12649 4.88442:13352 4.8866:17608 4.89741:17689 4.90491:17747 4.90564:24767 4.91013:29431 4.91065:46216 4.91128:49723 
1879 1731 1594 1702 313 849 961 1990 1645 172 1466 1674 253 1305 513 1801 46 1263 1570 984 1092 1008 1915 653 1584 606 1221 546 1256 585 1928 1648 429 1437 1565 1573 252 1836 1274 1576 469 543 459 1791 1438 1376 500 94 250 988 782 199 1817 478 383 425 672 1461 48 1828 1761 487 1154 1336 133 158 1668 234 1933 707 58 1966 1816 1043 1476 1012 989 846 928 1250 1486 1786 47 863 1495 470 1107 1044 1463 1972 1205 1255 807 964 1980 1566 1922 212 1010 1334 1526 642 1620 19 1056 1876 1194 1589 647 289 1964 1455 1833 693 744 160 1479 1745 1759 877 873 806 652 527 599 1034 1416 1091 772 1357 720 698 1007 300 342 1087 1686 86 1726 109 1420 1941 1710 1938 55 1994 1457 1706 476 15 1814 847 1505 916 450 1019 456 60 1654 683 468 985 1898 1943 1727 926 1720 1453 828 414 439 66 1030 1251 829 1356 627 504 520 150 198 667 1234 1427 1031 973 1380 1705 1335 1896 1150 33 1841 953 1657 117 874 254 1368 1002 878 694 23 1367 1500 1692 801 196 548 421 1216 1351 757 74 1407 1996 1717 695 600 1849 976 1127 192 510 1364 1683 756 1613 904 1623 1365 532 1120 1359 1954 1089 862 1985 1041 1835 519 881 816 115 1130 1277 1552 1306 247 884 378 1649 1875 1783 626 232 1840 1328 82 1598 762 441 1401 808 1501 1436 776 1644 53 960 
minDistance: 4.91128
cost: 242817
capacity: 199161
time: 49723
maxTime: 60000
LS1: 37252/38585
LS2: 496/1333
LS3: 0/0
shakeIters: 809
shakeLoops: 77
