4.30718:1357 4.30847:1434 4.41626:1714 4.43199:1790 4.51647:2028 4.54419:3231 4.55328:3541 4.59141:3804 4.5932:4110 4.61172:4313 4.62572:4442 4.64144:5608 4.65627:5714 4.67784:5830 4.68097:6028 4.72078:6167 4.72176:6540 4.73904:7488 4.75433:7557 4.75841:9119 4.76244:10160 4.76274:10218 4.76519:10348 4.76641:12439 4.76991:12623 4.77227:12677 4.78228:16286 4.80076:16726 4.8162:21340 4.81659:23218 4.81818:59293 
94 1120 1796 1200 1786 50 1453 652 110 665 300 1009 252 831 617 1819 788 279 121 1957 1492 499 1343 1769 1582 626 1544 1154 234 1501 185 1244 960 1437 1114 1835 1230 1575 627 1160 944 1590 1954 793 1250 176 1625 441 500 1840 1717 1782 1790 1360 392 478 1683 354 1726 1243 675 1143 35 1034 1416 1464 1402 68 1041 1221 439 677 414 314 1814 20 115 695 1865 1328 667 527 1180 1030 1759 1239 1380 1938 642 1044 427 1451 201 1803 1933 1357 164 1972 654 616 1256 1680 807 1768 1589 212 1089 775 503 470 1997 490 1462 251 1929 475 459 752 1934 1454 1087 1576 520 204 835 421 1401 1270 1213 1940 918 46 1772 1471 86 136 875 1407 117 133 1031 1058 468 1681 1051 589 838 78 1600 1439 1084 645 1502 1368 1359 773 38 1783 1745 817 865 1729 1356 1164 1810 1781 985 794 1485 1979 410 1623 1510 1558 1371 1720 160 1207 397 904 1246 1994 266 55 1367 1007 987 1914 858 137 126 359 734 371 152 1002 1922 732 1505 272 808 460 1662 532 1219 528 509 849 504 23 303 1513 1043 1019 973 1073 1676 1080 172 643 1762 53 519 1855 546 1015 1980 755 847 431 340 1190 953 1552 506 1119 1495 1191 958 1455 1274 689 253 1542 1698 1565 1674 635 1335 778 1946 1072 1306 1205 450 976 1420 74 243 961 1203 130 885 
minDistance: 4.81818
cost: 241396
capacity: 199202
time: 59293
maxTime: 60000
LS1: 36856/38185
LS2: 448/1329
LS3: 0/0
shakeIters: 850
shakeLoops: 80
