3.87311:574 4.22919:1206 4.29044:1401 4.49903:1943 4.50489:2020 4.51936:3143 4.61341:3342 4.65022:3501 4.65053:4332 4.69532:4698 4.71135:4840 4.71538:4911 4.72774:5503 4.72884:6812 4.7521:10866 4.76103:12739 4.76244:13837 4.76347:13913 4.76519:14116 4.77227:20470 4.79813:24120 4.81054:24448 4.81378:24853 4.81659:26975 4.81818:31860 4.81877:33782 4.8201:36074 4.85522:36241 4.87681:38275 4.8866:39706 
204 234 1783 1088 250 468 1325 1582 243 1759 1106 276 306 1386 527 835 1455 1560 637 48 991 460 715 60 1368 247 1542 1729 1007 1836 873 503 654 1423 347 1654 1328 423 1180 1364 82 1380 1944 506 141 519 371 108 918 960 253 1736 94 600 59 492 23 1610 322 1846 1432 1533 689 1594 1365 498 1706 475 1306 563 1821 584 478 652 1247 354 1501 470 1387 1092 1154 28 1772 1114 709 788 1815 1428 1743 403 1358 1584 1040 1073 1087 1239 990 1589 1980 128 953 58 55 1216 642 1248 1645 964 1676 193 75 13 598 1997 1876 973 1283 1590 160 704 441 233 1413 1828 1416 857 1674 1726 254 1576 286 395 867 1051 240 388 397 425 1203 1938 1972 1429 33 1199 1835 1689 1207 1194 418 546 1130 802 963 1579 450 509 782 1309 838 821 926 1351 1256 1183 1762 358 534 1698 1817 1278 279 923 1675 152 916 35 1720 1702 762 1801 232 828 1659 1359 1372 83 1298 1221 1504 1500 317 410 1190 1692 807 1485 1456 1305 248 262 1623 1263 1437 529 447 500 899 1537 1489 1575 1200 1250 112 1943 1816 1731 1143 446 1120 1461 380 1219 1966 414 1030 1761 1799 1565 1407 1367 1356 421 1090 481 1700 442 1727 1329 935 192 300 1335 124 1552 1521 1917 1048 1031 1012 78 1397 184 143 1182 1371 88 847 1084 1781 1653 1164 314 68 1320 
minDistance: 4.8866
cost: 244719
capacity: 199178
time: 39706
maxTime: 60000
LS1: 36950/38334
LS2: 590/1384
LS3: 0/0
shakeIters: 764
shakeLoops: 72
