4.3527:1320 4.48345:1714 4.49903:1819 4.51615:2326 4.53373:2885 4.61185:3151 4.65246:6492 4.65503:7011 4.71218:7818 4.73904:7931 4.75433:8141 4.75841:11006 4.77358:11863 4.77729:12785 4.78228:14413 4.79224:14606 4.80076:15945 4.81378:16895 4.8201:17061 4.84716:17240 4.8521:18060 4.85794:19122 4.87353:20529 4.87611:21155 4.88028:22660 4.89524:24970 4.91013:25758 4.91386:35122 4.91877:39339 4.92462:41310 4.93417:50791 4.93845:57900 
475 1576 1702 1371 1672 1994 74 654 1399 828 476 1745 1988 206 1537 1056 1720 1251 480 1420 254 816 1552 1561 970 1575 1565 985 776 1972 446 842 224 762 600 1256 1535 1453 1398 807 510 1320 1541 849 1584 1943 1200 1996 829 1875 397 1594 1442 1351 1328 726 526 1781 693 1816 916 1516 627 720 643 53 626 379 16 1731 989 1043 1909 1562 812 1302 1863 94 1674 1358 1089 115 1936 801 1119 1654 808 175 1359 1429 126 410 85 54 1894 519 289 491 1502 1833 60 234 1783 1304 944 136 35 1623 421 953 75 1922 1073 1828 865 450 160 1455 1380 185 665 918 1352 46 664 1180 1031 1436 1142 667 1659 616 1542 1409 1479 1221 487 198 1980 184 984 48 1407 1019 470 1761 1248 756 1878 192 1147 1835 212 1560 468 1401 1216 1226 653 1940 1686 1002 1500 456 1793 695 1155 1124 140 1680 652 431 137 504 543 1357 698 1461 727 1250 247 88 858 715 425 1589 354 1804 1427 1087 1376 1437 1583 574 1983 689 1493 279 33 266 1356 1335 1040 1354 253 441 82 1726 383 172 1727 264 1162 1861 1782 1466 873 283 1367 546 579 1954 1717 1446 960 1007 1143 68 1772 1501 1566 322 414 964 987 1801 1791 1590 1365 406 1944 1194 19 1190 15 520 1653 1416 125 1454 1041 1150 300 1685 459 
minDistance: 4.93845
cost: 245684
capacity: 199210
time: 57900
maxTime: 60000
LS1: 36865/38176
LS2: 424/1311
LS3: 0/0
shakeIters: 855
shakeLoops: 79
