4.32868:1207 4.33713:1420 4.38388:1666 4.49503:2010 4.51615:2288 4.62816:2519 4.68613:2775 4.73904:3134 4.7521:3255 4.75841:3616 4.77358:4506 4.79813:5433 4.80177:12297 4.81659:12675 4.81877:14115 4.8201:14568 4.82474:16426 4.82822:18545 4.84227:22189 4.87114:22266 4.87611:22639 4.87944:23461 4.8954:23575 4.90183:24346 4.91013:26636 4.91128:26692 4.91877:30328 4.92468:30493 
875 1461 342 1283 450 782 371 1761 1683 1153 114 1371 459 1413 1163 47 322 520 1305 1706 1199 586 861 1996 380 1835 421 762 316 1464 953 1791 665 1762 1041 1645 1565 709 1980 1623 1501 86 1194 1151 1569 1200 152 664 279 369 441 519 263 1256 884 642 1773 1092 446 1446 931 379 68 1878 1351 1423 1453 419 1495 1542 502 1399 1122 689 669 1486 1876 1463 432 1090 1557 985 1302 254 1610 339 1990 1825 488 1051 1653 960 136 653 1875 384 476 475 1335 84 46 627 987 1582 992 1589 1248 414 1783 1250 904 667 88 1490 1221 901 1120 251 1739 1437 935 219 1972 1384 137 1710 1204 69 1717 944 1191 741 28 1455 976 630 891 652 727 616 266 283 1357 74 253 858 1380 1571 879 109 35 1027 527 204 1537 1429 272 1922 1031 1556 375 1997 632 1402 1213 1509 1058 1502 1073 1985 456 1573 1476 206 300 243 808 1654 1590 926 1917 1583 1579 1836 1368 1002 1815 1180 250 13 1164 1909 129 303 1102 1142 1190 1342 1160 683 1613 964 583 828 1552 726 918 128 1356 1620 1939 1946 637 234 1401 1407 75 1692 110 1911 546 1731 312 1087 1367 1712 896 870 276 1702 621 1952 715 1127 1681 160 1933 1828 1359 515 1106 1114 899 1674 1365 1833 1124 1943 1125 248 1594 1325 1641 176 1814 159 1726 1659 317 1680 117 1328 
minDistance: 4.92468
cost: 242861
capacity: 199231
time: 30493
maxTime: 60000
LS1: 37050/38351
LS2: 463/1301
LS3: 0/0
shakeIters: 810
shakeLoops: 76
