4.39003:1320 4.51388:1640 4.5932:2057 4.65246:2458 4.66319:2732 4.67696:2894 4.69138:2991 4.72078:3064 4.73904:4151 4.75215:4426 4.76519:4771 4.77227:4821 4.77358:5570 4.77697:6269 4.78228:7225 4.80076:7748 4.81378:8281 4.81659:8332 4.8201:9637 4.83476:10943 4.87353:12271 4.87944:13569 4.8866:15397 4.89524:18150 4.90491:19672 4.93317:20636 4.93417:21340 4.93845:40693 4.95015:51096 4.95824:54171 
1407 1367 1731 94 1014 1176 615 1453 1996 1791 1063 1857 947 1446 1912 13 117 1634 616 1816 69 554 243 1985 720 1610 1706 1087 1664 300 808 1761 1552 35 1944 1107 1836 1623 1041 1098 86 475 1645 369 1485 1763 1681 295 384 665 837 1420 1359 860 1251 694 1748 265 75 1031 1980 1772 1840 1562 1356 1516 1710 1143 1828 1469 1092 193 1505 667 1994 1437 429 1357 944 842 314 1938 1933 1565 1502 441 1762 1759 1351 1336 1199 1584 1493 272 828 1726 1702 1461 1598 1720 1943 60 1556 1431 1019 1629 1972 960 252 53 881 1796 266 1717 33 450 1334 1672 279 829 1207 1219 1221 527 1328 1935 1613 1680 1090 172 198 1594 1727 684 1416 317 546 1626 1043 520 115 727 1801 1976 1653 1509 780 247 1569 695 1990 983 1654 1630 1194 858 630 1455 669 1239 82 1535 414 816 916 48 490 1380 423 1320 1454 1423 987 185 735 254 313 689 1180 480 1073 1739 1632 289 1495 647 1589 985 410 253 46 992 137 704 1590 1566 1216 519 506 152 1154 504 654 963 296 160 873 1561 16 1835 776 1745 1501 528 88 250 1162 1683 838 626 1575 1674 1541 1401 500 1542 956 55 1124 1372 1783 849 753 652 1954 406 1305 1002 468 642 953 1371 1863 1833 375 1200 1814 1922 234 764 204 1248 1190 964 1685 1466 421 248 532 
minDistance: 4.95824
cost: 250290
capacity: 199243
time: 54171
maxTime: 60000
LS1: 39829/41137
LS2: 407/1308
LS3: 0/0
shakeIters: 871
shakeLoops: 83
