4.33185:1262 4.39525:1450 4.53373:1878 4.55328:2466 4.59509:2651 4.62572:2928 4.63173:3083 4.65022:3481 4.71538:3777 4.73904:3862 4.7521:3962 4.75679:4101 4.76103:4961 4.77729:5079 4.7952:6056 4.81378:6285 4.8201:10412 4.82232:15131 4.83476:16013 4.8521:17494 4.85522:21737 4.86034:29918 4.8673:30087 
1575 808 891 1365 625 1038 1328 1664 1814 1565 1083 535 1464 1306 976 1990 46 1031 500 283 1067 110 1986 1761 1952 1329 410 681 317 84 1688 715 1042 446 756 1379 1461 983 1745 688 842 100 1300 75 1428 665 931 1815 1533 1653 1033 1314 873 1142 671 1791 847 1261 900 1649 1801 1943 985 1934 1030 82 129 984 468 1780 1620 1246 990 667 320 1380 1296 1092 1835 1205 1364 1453 1194 1708 1645 684 1863 1523 1783 262 503 1370 1216 1359 304 875 539 802 1420 1094 488 371 1274 476 1502 252 263 1759 960 289 478 1248 726 1589 1623 1828 559 1351 341 563 683 414 785 534 1985 1416 68 1495 1566 672 1590 1127 1912 753 1756 1059 460 23 1053 1613 35 639 509 211 1654 459 988 1490 695 987 1594 406 300 1183 1051 1369 741 1685 1938 637 1672 421 375 1552 266 1251 1190 942 1914 78 88 565 704 206 1584 204 19 1056 1367 1180 902 1110 1674 1093 450 1368 897 412 286 233 689 782 845 1371 108 1087 389 729 584 250 1705 1659 1114 642 465 527 1509 775 579 1098 1875 1479 1427 1048 502 1928 589 248 1221 1150 1954 1356 1463 837 849 254 926 1922 1796 86 1781 1582 1717 184 247 1305 1437 772 1729 1164 1143 1376 1019 1748 13 485 1007 1423 314 550 1283 272 141 126 970 1576 1501 652 1407 877 232 441 1726 669 1507 556 
minDistance: 4.8673
cost: 244768
capacity: 199157
time: 30087
maxTime: 60000
LS1: 38556/39880
LS2: 502/1324
LS3: 0/0
shakeIters: 799
shakeLoops: 77
