4.44402:1420 4.48815:1563 4.49903:1625 4.51615:1812 4.65246:2297 4.66163:2614 4.73066:3135 4.7521:3363 4.75433:3779 4.75841:3906 4.76244:4274 4.76519:4495 4.76619:4795 4.77358:5606 4.79813:8813 4.81659:8982 4.81877:11505 4.8201:27243 4.83261:27992 4.83476:28116 4.85522:29410 4.85794:30167 4.87114:34244 4.87353:36110 4.87944:36217 4.8866:36879 4.91013:39000 
1368 414 1205 369 1221 1556 68 1410 1911 964 1427 1437 1898 159 1177 1940 312 1250 488 1720 992 1706 653 1815 198 847 643 1835 252 1954 1262 944 1891 1328 1589 1566 1464 1216 375 1041 1761 1502 152 1731 1190 918 630 1239 828 137 193 1576 459 1155 963 1399 165 1178 1453 393 1996 285 443 1310 487 1040 446 1446 1928 1357 504 300 184 1654 1401 1573 901 1909 1863 715 1657 1454 466 1875 734 1726 450 1782 248 55 1980 1359 1376 1933 421 1019 1463 1783 733 1598 15 210 1552 192 1828 1816 456 240 1468 397 82 1207 1002 1438 128 1666 318 1325 960 808 1283 1565 1095 626 1972 614 1151 1814 247 500 211 250 88 253 164 1683 863 1361 1380 1143 726 723 254 985 1248 1044 1833 1894 1377 20 1031 1641 1416 1623 209 1583 1917 931 1653 546 1836 667 870 1429 947 1584 816 1073 563 1542 1335 93 410 904 1194 94 70 1016 1630 1590 1367 1938 469 858 1594 383 669 1204 1879 1773 873 232 306 976 522 1087 665 627 425 502 1934 1791 1516 470 243 1030 1089 1865 1759 1407 935 519 1495 117 35 478 534 899 1710 110 1780 1762 46 1632 1575 371 283 1092 768 1214 970 1717 727 1171 1994 264 849 782 1952 520 19 1727 187 1007 1234 857 1114 693 1501 984 652 1277 1674 1142 1772 1351 574 1680 1943 1455 1356 1692 637 
minDistance: 4.91013
cost: 242788
capacity: 199158
time: 39000
maxTime: 60000
LS1: 37868/39212
LS2: 459/1344
LS3: 0/0
shakeIters: 858
shakeLoops: 82
