4.31804:1345 4.32868:1454 4.33185:1536 4.4083:1843 4.51388:2128 4.51936:2255 4.57912:2505 4.58097:2659 4.59847:2748 4.61167:3600 4.63173:3664 4.63709:4347 4.64488:4478 4.65022:4900 4.65246:4993 4.65973:5809 4.66452:5996 4.75841:6111 4.76519:10917 4.77227:13763 4.80804:13837 4.81165:15704 4.82474:15887 4.83476:17549 4.86612:28375 4.87491:28467 4.87611:30429 4.88028:41046 4.88442:42896 4.8866:46808 4.88979:51949 4.90491:53999 4.91013:56014 
1556 663 672 314 425 82 849 1335 198 1164 1213 1451 1007 68 974 1726 559 1837 1613 1985 441 1402 1357 1216 639 450 1455 279 688 621 667 1876 354 1194 15 646 1835 184 585 1783 414 1616 768 159 916 252 1576 900 1119 1453 1759 115 992 1782 1939 470 248 53 794 1817 1031 478 1256 1032 1041 1550 1002 1761 73 1842 1106 1933 211 1694 480 527 316 476 23 1038 1200 304 204 1565 60 1610 1507 1283 1705 1072 1717 858 704 254 1589 1943 397 1821 1653 1499 247 1098 1091 1371 1454 108 1361 1365 1093 1181 300 232 1030 126 1938 1127 869 1305 1034 1583 1027 83 172 1073 1437 1051 266 1428 1674 1486 1533 379 251 1501 1356 1729 632 487 676 944 468 289 500 375 1090 1801 808 838 1692 788 1328 715 695 1911 1990 1997 1364 138 1683 1130 94 828 1573 276 86 1954 1645 584 758 1154 294 1263 1380 1478 1836 152 782 1416 652 137 973 446 1177 458 1980 1203 35 46 1438 550 1676 873 1407 1972 1250 1863 519 1277 847 1401 867 1092 1307 1221 727 539 1552 1803 642 88 976 1623 234 1359 904 391 964 283 1495 51 1368 1996 653 1318 1966 1429 1087 502 707 985 1042 1745 475 989 459 192 1781 1360 1575 751 1262 84 162 988 303 1116 600 1720 1190 1620 1084 935 987 253 1654 756 295 1114 164 709 1994 412 1932 421 
minDistance: 4.91013
cost: 239319
capacity: 199244
time: 56014
maxTime: 60000
LS1: 38751/40057
LS2: 432/1306
LS3: 0/0
shakeIters: 841
shakeLoops: 79
