4.33713:1321 4.48522:1822 4.53373:2116 4.59847:2587 4.64488:3833 4.65246:3957 4.66255:4078 4.76519:4458 4.77227:5148 4.77358:5400 4.78228:7520 4.80804:9726 4.81098:9823 4.81165:10855 4.81378:11030 4.8162:11196 4.81659:11424 4.81818:11483 4.81877:11591 4.8201:11644 4.84652:12359 4.8521:15285 4.86267:26613 4.87611:29047 
341 1996 1034 1840 1857 1786 1305 1007 427 1573 808 1483 1190 1822 502 48 1437 1972 419 744 253 60 1979 303 1762 136 1261 212 359 247 849 35 1933 1936 1560 65 1985 322 1611 1415 1084 1431 1878 807 1119 1306 878 456 1731 306 1420 1453 885 1242 782 262 1380 1941 746 1810 532 1051 58 520 904 1674 1676 459 973 1620 1815 313 1745 421 1357 318 726 1664 1397 1556 847 264 1255 953 1924 1400 1727 1200 1692 78 165 883 1876 1352 695 1495 86 1726 1479 712 1454 1120 638 1042 1980 647 676 119 1031 1552 1423 1589 1783 1073 1281 397 160 1429 88 1754 206 1109 1455 1334 1782 297 254 33 1613 82 1030 429 243 693 1248 115 794 300 709 1428 173 1994 653 94 53 1194 1922 1365 1002 1151 1089 1147 774 519 1761 1461 234 46 1041 741 283 1092 1720 414 1623 509 987 1829 1835 1510 901 83 20 211 579 1875 460 1929 1056 1127 1565 1044 478 756 916 1861 1501 1335 476 543 1717 475 527 450 1130 1542 8 984 1523 1143 1368 1596 972 187 1263 1043 108 73 1203 1654 1825 689 1328 1662 1590 251 114 1954 652 727 707 863 639 1256 858 788 546 1356 964 1106 441 1710 1371 1957 1898 272 425 667 137 410 1405 1364 1816 1575 490 172 470 626 1691 1756 772 1019 1828 961 84 828 1438 1839 642 1087 1943 1164 985 829 
minDistance: 4.87611
cost: 245520
capacity: 199242
time: 29047
maxTime: 60000
LS1: 39009/40356
LS2: 470/1347
LS3: 0/0
shakeIters: 853
shakeLoops: 81
