4.45979:1566 4.4791:1673 4.48443:1819 4.51647:2003 4.52821:4406 4.53347:4492 4.53373:4598 4.57867:6710 4.57912:6783 4.58097:7102 4.59584:7180 4.75433:7486 4.75841:8254 4.75908:8888 4.76641:9239 4.77198:9576 4.77358:10592 4.77397:11497 4.77877:11699 4.78849:13834 4.81659:14211 4.81877:15572 4.8201:15634 4.82232:15888 4.83476:16007 4.85522:16060 4.85716:23816 4.85794:29032 4.86267:29091 4.87114:29248 4.87353:31513 4.8866:31596 4.8954:39499 4.90183:44272 4.90491:45062 4.9146:59606 
1431 1823 1221 1203 519 1727 83 375 1310 772 1512 1630 1590 1996 1542 342 470 941 729 406 1328 671 1759 75 441 1367 816 1706 808 1610 1368 160 1536 837 204 877 1002 68 82 1239 456 1717 873 847 506 529 794 502 1087 1689 1631 1803 33 550 1194 1356 152 1461 450 1358 1446 695 1917 630 1325 1190 1180 1084 1473 42 858 1584 953 976 1683 1966 709 604 145 665 1455 811 741 303 459 1199 527 585 198 1575 806 1215 1372 838 1342 1783 1204 1410 988 23 1836 253 1672 984 94 240 86 562 1501 172 1645 379 358 193 1990 1437 1653 1499 985 137 1801 1664 1305 993 354 446 1791 1680 1154 1752 1142 1364 1275 1112 53 491 1552 653 1495 1237 468 1459 1304 1875 28 88 762 677 1416 510 13 1371 1957 1283 715 414 1816 1648 1814 678 480 1329 1654 534 279 1502 1357 1556 935 1972 1454 222 788 1401 1562 1761 1486 1007 1092 752 1994 652 108 1114 1674 254 1773 987 395 723 1407 1182 206 1583 109 1652 1922 1736 46 584 412 616 1643 212 1463 333 1980 458 192 1682 960 1380 1302 1688 1576 1943 973 322 1359 427 1019 1954 1685 201 637 1031 119 842 1503 247 425 300 1781 509 165 926 1933 1835 749 694 1623 1726 664 1030 117 347 1385 410 1335 1150 1121 1728 1436 546 115 1589 1579 900 1561 642 1840 880 
minDistance: 4.9146
cost: 247922
capacity: 199192
time: 59606
maxTime: 60000
LS1: 37833/39178
LS2: 502/1345
LS3: 0/0
shakeIters: 807
shakeLoops: 74
