4.23406:1283 4.43887:1673 4.44576:2222 4.44849:2588 4.48296:2802 4.48918:2875 4.53707:3513 4.56815:4275 4.63871:4494 4.65766:4622 4.67676:7635 4.69558:7804 4.70382:8759 4.73951:12081 4.74057:30440 4.74086:30649 4.76435:30715 4.77021:30788 4.7737:30898 4.78427:32559 4.78675:36048 4.7928:36111 4.79334:36854 4.81046:38058 4.83628:38920 4.84217:38970 
1898 1552 535 1964 1791 934 1154 1385 685 108 1190 657 1513 52 931 437 879 1985 1463 1990 1057 358 1493 259 1325 617 596 1876 1899 909 672 1053 1274 1071 1782 1409 1304 1749 322 1572 1164 111 1398 485 1386 739 1495 83 527 446 1623 1653 1929 1569 928 638 1352 479 336 1263 693 1371 367 838 1657 115 395 304 708 1455 68 119 993 4 1226 687 1432 1774 662 274 1615 1971 1596 985 1378 85 1680 1213 1367 1716 1917 69 1412 987 1674 796 340 755 137 459 1602 233 1250 236 1934 1090 1233 335 811 788 234 1652 475 81 112 1130 1562 744 771 563 969 1579 932 1216 1416 873 1570 163 425 1033 461 1436 339 829 1439 58 1029 1817 778 1098 418 1681 555 1379 1620 445 1202 1194 1393 1180 1003 1738 626 844 641 1153 13 1581 1051 773 715 1118 666 1357 1229 410 664 1092 194 737 996 1830 1655 762 1043 1172 1115 1017 704 1781 807 1023 1040 534 1306 1254 1828 842 1042 1649 506 1645 1169 212 1654 667 530 1834 1365 369 192 1422 1267 1790 790 1187 521 1427 1239 1343 858 1318 1687 1988 292 247 357 1225 1277 1819 286 637 1481 1703 824 845 800 1912 888 1994 1932 1833 1783 1815 1178 904 1073 353 222 1230 628 65 174 647 1012 88 837 1829 1587 184 1446 158 55 1351 193 1671 173 433 1666 1438 1437 1347 539 1457 1018 1383 
minDistance: 4.84217
cost: 245080
capacity: 199210
time: 38970
maxTime: 60000
LS1: 35742/37057
LS2: 511/1315
LS3: 0/0
shakeIters: 778
shakeLoops: 72
