4.26119:1086 4.40487:1557 4.46745:1848 4.48785:2034 4.48918:2192 4.49184:2283 4.5102:2400 4.51722:2631 4.52602:2935 4.52954:3013 4.5955:3322 4.64145:3539 4.64488:4803 4.65603:5413 4.67676:5980 4.68893:6280 4.69742:6400 4.70036:7228 4.70492:7619 4.71524:7678 4.71916:7886 4.72242:9202 4.72354:9384 4.72991:9528 4.73951:9585 4.78675:10613 4.80474:15389 4.82276:19147 4.82795:19329 4.83666:19935 4.84217:20245 4.85297:24804 4.85385:27922 4.87398:29334 4.89627:30484 4.91043:31307 4.92702:32530 4.92729:34586 4.93493:50926 
838 289 1709 904 1562 136 1490 963 908 842 530 828 1743 383 297 1038 166 1023 259 369 475 881 1465 1182 296 176 1801 1024 1915 367 987 88 712 1091 665 984 991 1080 1436 254 1041 688 253 1839 1250 1666 1645 1466 1364 202 917 86 1947 459 711 244 358 450 303 1979 325 1042 667 1786 844 1034 460 1118 252 713 1582 994 414 292 222 1596 1121 1479 1194 1985 816 1815 824 165 1521 1541 1127 1975 1910 1320 938 395 333 1817 1325 1972 1318 1067 562 1219 1833 1393 724 727 240 1446 431 1654 1229 1071 800 1716 155 1248 1432 60 689 1620 1438 1615 467 1346 1843 1735 410 269 554 357 1343 447 485 794 334 826 336 1144 585 108 1270 626 1581 1101 355 68 1210 67 1416 1407 427 58 737 931 771 1917 1781 1098 1366 1043 80 306 437 1271 1576 1542 1499 1861 1376 1672 1151 247 1626 996 684 834 1495 1990 1044 85 69 1790 1749 1131 1855 657 1782 1012 728 1507 572 1579 638 1652 119 1379 1787 1561 879 1181 698 397 598 81 1427 1221 869 1029 527 1454 1380 1179 420 1439 1202 1120 1367 1952 1899 744 1909 596 1170 304 1230 924 1205 1174 1302 115 1740 1203 1623 986 1172 1502 1902 1347 339 1226 316 506 1092 1912 1124 121 212 488 1244 738 479 519 279 1169 425 1180 1090 807 1033 1233 1511 1051 1410 1680 453 
minDistance: 4.93493
cost: 249187
capacity: 199280
time: 50926
maxTime: 60000
LS1: 35116/36343
LS2: 403/1227
LS3: 0/0
shakeIters: 785
shakeLoops: 71
