4.26183:1273 4.35614:1951 4.4585:2216 4.53538:3737 4.53959:3919 4.64145:4155 4.65603:4605 4.65766:6613 4.67021:8656 4.70475:8870 4.71883:8968 4.72751:10031 4.73362:10899 4.73622:11362 4.74286:11431 4.76605:12238 4.77395:13839 4.78675:14598 4.7928:33910 4.81892:33997 4.85256:35559 4.85297:44867 4.85385:50712 4.85874:51392 
333 354 1398 985 1115 83 279 475 119 1393 184 554 1917 1861 193 1622 663 1202 502 247 340 1044 1092 240 1131 485 1355 562 1736 626 1122 1437 672 1742 1073 918 879 1114 1334 1366 1783 931 1940 1280 397 1762 474 1244 1033 1833 212 1654 1902 1569 425 782 358 493 395 976 322 796 433 519 755 1790 1634 1743 335 261 1615 1203 1439 191 1716 991 938 286 1226 1479 316 838 292 556 1347 708 122 1502 816 1495 1071 1903 1379 1652 1799 1627 996 589 1623 1289 904 234 1365 69 1059 1728 1233 396 848 346 1817 798 1239 821 572 1274 1041 924 1432 85 1401 1306 46 1566 1087 204 771 842 431 807 483 357 315 1267 1013 1333 615 1579 613 963 1666 1154 1367 1120 1098 290 509 1086 88 461 1378 68 1560 1103 1283 262 739 987 527 688 1507 1121 257 986 469 824 1051 269 1412 52 1596 499 1407 336 539 983 445 1667 165 367 1193 19 13 294 1263 1229 1012 868 1781 1454 1448 1277 1118 209 202 121 1427 1912 917 1438 1325 1190 514 870 1380 252 1491 1175 1457 1038 785 108 1593 500 1221 1029 238 1649 1506 1929 1576 18 1653 163 81 1546 1123 677 753 312 86 1343 1872 369 1187 1954 1700 873 512 392 1979 1127 1151 1552 1573 1655 166 304 1168 168 744 1430 1376 353 845 1002 1170 628 866 1647 343 1335 1090 1172 1829 1216 1194 1533 1499 1230 964 684 418 
minDistance: 4.85874
cost: 250314
capacity: 199175
time: 51392
maxTime: 60000
LS1: 35754/37020
LS2: 464/1266
LS3: 0/0
shakeIters: 778
shakeLoops: 73
