4.42907:1481 4.48498:1751 4.51722:2251 4.58568:2423 4.60356:2577 4.64488:2803 4.67441:4754 4.67676:5681 4.69558:5784 4.7255:18615 4.72751:24574 4.75071:24730 4.78112:25088 4.78675:25800 4.83268:26558 4.83514:27255 4.85297:27318 4.85874:33692 4.91043:34412 4.92024:36333 4.92569:39495 4.92729:43443 
1700 1144 1623 985 1109 433 1576 1493 1646 1151 1536 1579 1988 1654 1787 46 1562 459 838 933 88 50 931 136 247 1029 816 1169 1466 1118 632 1902 383 826 1533 585 963 1051 1194 499 1383 1569 523 309 2 262 625 375 59 67 1080 562 1202 653 708 519 1335 1233 1393 209 1448 1439 1834 904 842 535 370 1059 672 316 1756 1367 212 1540 1682 1041 1092 1244 1990 879 1790 1243 353 1954 949 1627 1910 1304 165 450 1229 873 366 1727 1360 1817 1121 993 1672 358 58 475 1502 1513 584 485 1412 1180 1221 1379 292 555 303 1028 689 1274 1105 1855 81 756 1786 236 1728 207 729 1983 111 796 1917 1899 1376 1141 1230 684 1219 1947 427 397 1334 1154 447 1615 1438 663 1226 1267 1912 1582 626 1801 1302 68 1915 1566 616 589 133 530 199 1655 1293 1506 396 715 1350 336 1907 782 80 297 991 828 1738 845 1554 802 638 621 1090 1490 1033 1511 1203 753 367 1666 1042 1347 1170 844 1182 755 222 304 987 1385 734 713 1541 1216 583 1399 1985 924 612 572 1071 1022 395 596 908 1257 1114 771 1427 1432 244 1639 1594 274 1720 917 1172 1401 13 1162 737 1932 97 269 930 1067 1479 1124 1023 1979 1190 357 1888 259 335 1829 1815 1716 727 1081 996 647 807 334 1227 1043 824 712 1012 184 554 333 483 
minDistance: 4.92729
cost: 249059
capacity: 199395
time: 43443
maxTime: 60000
LS1: 38024/39331
LS2: 445/1307
LS3: 0/0
shakeIters: 840
shakeLoops: 80
