4.54611:1611 4.56604:1773 4.64744:1940 4.68566:2821 4.69558:3068 4.73951:3280 4.74057:3946 4.77395:4072 4.80474:5907 4.82077:6100 4.83577:6394 4.83666:6685 4.84217:7635 4.85297:10464 4.85385:12540 4.92632:15257 4.92729:16404 4.93269:40552 
868 119 931 1098 339 1297 1791 804 475 1420 664 976 499 1833 744 1247 1581 212 233 1244 204 1432 1307 52 1057 1343 983 1003 423 236 410 1090 1490 136 1465 293 88 1051 269 1325 665 1309 1380 1360 1357 1566 1649 1790 81 1091 1034 353 1787 303 396 223 1133 1716 737 1130 1437 1495 771 1230 397 1368 1084 984 1510 453 712 46 133 554 734 309 1493 508 1645 1416 56 1742 13 1738 1744 491 1453 1042 519 1799 1144 684 1602 908 335 527 86 166 1121 601 1997 354 1194 165 1229 1334 1562 755 693 881 474 1735 632 1060 584 1491 369 672 1786 1817 1919 196 194 1909 657 357 1398 1372 209 792 300 1685 807 1485 1899 184 667 383 114 1801 974 244 1202 1172 286 1304 702 1080 1576 395 689 1383 639 1302 1666 158 459 669 1023 844 904 1988 824 202 663 842 879 72 1524 1728 1552 1985 506 883 173 1012 414 85 1118 488 358 1990 1029 222 90 1917 641 1455 1393 628 1226 1579 355 250 207 1501 917 523 1092 74 685 1448 306 838 1033 479 923 1815 1912 1182 292 1170 1908 111 932 773 1446 739 1356 460 1596 991 857 425 535 1756 1834 68 1902 1071 418 725 1124 1626 1623 1629 794 1652 1350 634 1521 1983 1672 1365 1233 870 367 1615 1657 1344 987 450 897 562 530 1687 1311 1306 1829 850 500 1221 121 192 447 
minDistance: 4.93269
cost: 253067
capacity: 199201
time: 40552
maxTime: 60000
LS1: 37461/38787
LS2: 496/1326
LS3: 0/0
shakeIters: 812
shakeLoops: 76
