4.29304:1292 4.44849:1779 4.51095:2275 4.53538:2509 4.64419:2814 4.65766:2874 4.68893:3011 4.695:4151 4.71679:4397 4.73951:8707 4.7783:8950 4.78675:10452 4.80857:10593 4.81046:16921 4.81835:17826 4.85297:18796 4.8688:22219 4.91019:24934 4.91043:35869 4.91198:36066 4.92729:38806 
1006 137 367 1912 1653 616 628 1087 375 1815 1700 1035 917 816 58 202 207 259 67 1627 737 1229 1042 209 293 1194 693 931 724 530 844 265 165 1098 1626 1687 499 1507 234 247 994 562 1304 68 1582 426 136 1727 771 1623 1756 297 973 395 1176 358 303 222 685 1412 1080 1170 1791 1029 1654 1302 987 1709 1051 909 1834 1197 1230 1474 475 839 667 672 1002 568 467 794 80 1947 1044 1034 1162 1038 370 254 1273 333 111 121 1226 1325 864 129 986 1716 1932 1979 1437 1490 1427 316 1141 708 713 572 1244 993 773 811 539 984 1785 1231 1542 269 410 944 1205 1828 796 1438 1594 552 1909 1521 184 1508 1182 777 638 1124 310 176 1780 918 963 1493 1023 1003 1213 1917 1801 1972 450 657 60 845 778 1740 81 1448 1219 1254 1383 1092 1949 236 54 727 13 1007 1012 354 1174 469 196 253 192 1078 418 1817 1506 665 838 1773 639 1738 1655 1216 1109 1720 1172 74 1577 397 1615 491 1187 1033 1929 427 423 119 1566 115 1043 292 1233 1407 915 88 596 1190 1703 152 1479 728 1399 734 1790 555 1289 1787 755 355 824 991 1151 1634 1118 300 4 1902 732 262 1819 1144 1347 1366 1274 802 173 1090 244 879 711 1675 1645 619 304 684 1221 383 1666 1367 227 1985 554 527 396 842 1379 1855 1439 52 1729 117 1057 
minDistance: 4.92729
cost: 258130
capacity: 199167
time: 38806
maxTime: 60000
LS1: 37184/38434
LS2: 370/1250
LS3: 0/0
shakeIters: 858
shakeLoops: 82
