4.33144:1222 4.34995:1588 4.40487:2465 4.41596:2571 4.42098:2725 4.42465:2803 4.43098:2891 4.48541:3164 4.49794:3341 4.50493:4656 4.50996:5364 4.53538:5561 4.64145:6760 4.64488:6961 4.66784:7130 4.6683:7273 4.67676:7339 4.71213:7515 4.71412:10060 4.71916:10282 4.72242:11355 4.7255:11411 4.77395:11773 4.78675:16252 4.79995:18274 4.80289:21715 4.85001:22998 4.85256:24684 4.91617:24913 4.92632:30924 4.92729:31005 
1230 334 1499 712 1786 1486 940 1908 1343 236 868 1003 568 68 1645 632 1801 194 1705 1347 824 367 1277 1325 773 1377 1757 932 176 431 1454 1990 1790 1943 1205 1432 1169 976 1033 755 1366 523 1022 1569 1368 1465 514 72 771 1954 576 383 74 13 1828 1038 1769 485 1042 88 1996 620 1446 1012 46 1843 592 1819 687 247 1783 1485 155 1182 530 353 727 510 111 794 949 684 1815 1791 844 475 364 1542 1227 708 274 90 1229 1932 1453 340 1407 427 1972 178 1097 1666 69 1207 826 527 842 1244 52 1194 1091 1985 1367 257 1681 1495 1105 531 1700 693 1740 1971 729 519 1170 165 1501 987 304 1365 963 625 202 626 633 572 339 1479 1652 555 1084 923 784 1579 278 645 1623 119 638 634 1302 1356 596 554 469 1051 1596 931 1092 1044 1436 1203 1541 412 1582 1118 1109 97 1455 1041 1190 136 1727 1121 1274 1490 1782 410 508 395 1023 961 1744 1034 1226 1071 1461 918 418 1154 691 1502 657 244 1817 358 1855 667 1393 1420 1172 802 838 204 1202 1620 48 1899 653 668 535 1376 1315 506 713 1562 870 1374 1686 476 209 1057 858 1762 672 292 396 357 67 1609 80 621 1029 1180 1912 1412 664 1090 1787 1124 1983 1200 4 425 1829 873 81 1521 222 1080 904 1053 1979 1151 447 1380 1994 252 577 1383 1756 1304 807 1594 
minDistance: 4.92729
cost: 253140
capacity: 199247
time: 31005
maxTime: 60000
LS1: 35493/36785
LS2: 510/1292
LS3: 0/0
shakeIters: 751
shakeLoops: 70
