4.33464:1186 4.43083:1477 4.43098:1643 4.46186:1716 4.46213:1790 4.65766:2392 4.67441:2801 4.67676:3679 4.71213:5116 4.76182:5360 4.77069:6928 4.7737:7616 4.77395:7710 4.78675:9524 4.80553:12579 4.81046:13276 4.81915:16992 4.82077:17151 4.84217:17247 4.85297:22185 4.86017:22368 
1239 1366 1506 708 527 757 1783 915 1631 1267 1080 1537 335 1306 1412 1876 253 474 1912 1791 1169 1439 874 1092 1821 796 734 108 1090 842 304 158 1438 689 13 917 1454 1566 1571 1556 1003 292 1644 713 899 1495 668 252 1071 1841 1654 879 1700 247 1822 1687 1680 1233 81 1757 628 1170 192 1743 739 1705 355 1138 530 663 1684 433 196 1828 1082 1002 1587 1274 1479 1815 693 844 1855 1023 641 987 68 1695 684 1738 1947 837 773 590 732 727 1304 672 555 782 286 1513 269 1622 418 1623 589 1275 1044 60 1843 1221 1100 1453 626 1966 1927 1371 755 539 838 367 1385 1427 818 1067 339 816 1180 357 59 1143 1888 1172 934 1615 493 1779 918 1254 119 1979 1702 1379 209 1657 519 1872 358 1073 478 425 1334 993 1029 15 1098 1819 1383 173 1194 475 322 1762 1540 1781 1283 500 1398 1042 1917 1158 1154 563 512 923 1521 562 1466 163 984 340 1490 1846 445 850 1057 667 617 1552 991 85 1122 1051 198 807 1932 521 1120 333 1652 1314 343 69 771 639 479 1325 1620 1190 1118 1816 410 1790 762 1216 795 1367 1829 1801 74 1666 1461 585 1168 446 633 737 1817 93 88 206 1151 931 1529 369 497 1739 715 1985 744 117 461 1226 244 1645 1773 1831 1121 1318 136 1210 1277 1141 395 904 535 1902 1343 1081 857 1019 1229 112 1485 1006 236 1115 222 1749 353 1018 
minDistance: 4.86017
cost: 250395
capacity: 199250
time: 22368
maxTime: 60000
LS1: 36314/37603
LS2: 482/1289
LS3: 0/0
shakeIters: 786
shakeLoops: 74
