4.34548:1628 4.37137:1820 4.39492:1910 4.47845:2244 4.50898:2474 4.5102:3377 4.51095:3467 4.53538:3776 4.55944:3841 4.56081:4288 4.6131:4366 4.62315:4512 4.64145:5325 4.65603:5710 4.65766:6869 4.67676:7209 4.67794:7608 4.70475:8438 4.70492:8648 4.71359:8722 4.71679:9524 4.72242:11205 4.73362:11362 4.77069:11635 4.77682:13903 4.78675:14690 4.7928:17493 4.80331:18482 4.80474:18676 4.81546:18860 4.81835:20939 4.83628:35863 4.84217:37183 4.85297:43676 
555 1229 1645 1120 1616 987 1716 521 1029 688 1269 247 445 802 744 1801 300 412 1762 164 685 614 1038 1627 1073 940 11 453 1283 1554 1855 1876 209 88 1216 274 757 816 1314 1919 269 917 771 539 1160 1652 1947 1932 1561 1615 1051 1121 303 653 1562 727 1756 1972 828 423 1587 1154 1815 811 1817 667 46 1740 1226 124 1098 1012 425 519 1057 1063 1516 112 638 824 585 1552 60 552 1347 483 81 1749 346 590 1043 13 1304 236 633 1296 1687 904 450 903 1366 1044 1457 184 684 414 637 1080 493 333 1495 1033 961 837 325 207 1078 1623 1018 1666 48 1828 1071 1453 1979 986 1427 262 1023 527 1087 1368 402 807 960 832 354 1379 1521 1579 628 1194 572 621 689 1307 227 1180 83 874 1219 1202 1908 844 993 1182 562 158 310 1170 1657 1334 58 292 1454 1385 668 1092 1118 343 1581 838 879 1576 554 1500 1493 1816 357 297 1727 574 984 1596 842 749 1343 1917 1436 108 715 1506 782 1833 1479 355 1598 212 755 1841 1787 1442 1582 1412 1634 858 1702 708 1985 1367 1274 1899 1700 223 1306 304 1542 1909 1653 1090 1513 1437 1383 1109 1791 693 119 1042 222 252 1393 491 499 410 1990 1239 358 530 1187 918 136 1468 85 353 1728 479 395 74 1712 1490 724 397 535 931 1351 713 1937 596 89 800 869 335 1172 632 1738 991 
minDistance: 4.85297
cost: 251694
capacity: 199208
time: 43676
maxTime: 60000
LS1: 36570/37815
LS2: 375/1245
LS3: 0/0
shakeIters: 836
shakeLoops: 76
