4.44849:1423 4.45398:1635 4.45696:1709 4.48296:2291 4.51722:2404 4.53707:3159 4.56053:3246 4.64145:3544 4.66516:4640 4.67676:4720 4.68138:10500 4.68384:10703 4.68893:12379 4.71524:13159 4.71752:13226 4.71916:13304 4.76572:13490 4.7737:13570 4.7783:17561 4.78675:23999 4.79769:34738 4.81892:35536 4.82276:38450 4.82338:41096 4.82795:41359 4.83268:42703 4.84217:43445 
212 713 425 1727 369 1360 292 1922 1540 1683 206 720 52 1179 527 1180 1226 74 966 1654 1092 1003 521 960 638 626 516 873 1481 1454 274 1855 296 164 1744 1217 1790 984 837 1089 1250 136 1187 816 1910 1291 904 260 512 1680 1756 1511 1011 1213 1203 672 1374 202 684 800 459 499 1170 1990 1615 744 1344 796 1229 562 485 1240 645 1903 1626 59 178 418 1563 1124 1817 1162 1552 685 1029 663 1446 1762 1467 252 1566 1448 204 272 1899 1681 1783 771 1407 1274 475 493 1738 1263 1230 1994 1144 1120 1012 755 358 1004 1506 1819 817 55 1200 708 158 1562 539 173 1052 1842 1653 737 119 621 479 247 1510 632 1277 1398 1383 343 1787 1815 1380 209 1087 1437 773 1033 1051 92 262 1970 433 1169 166 498 1034 1495 328 192 85 1130 1623 367 1791 727 1728 577 172 842 1933 1579 1190 572 1090 794 257 339 1182 1351 1825 1071 1582 845 1576 86 924 879 1687 1042 46 1234 1829 1666 1017 657 552 184 1367 1118 844 88 888 883 1194 1657 224 1393 1306 1655 693 1985 1983 1455 807 60 1451 674 554 1861 259 4 535 244 1972 1233 1906 857 1436 81 1828 824 1315 1039 207 333 1740 439 1304 1602 1912 121 559 534 1413 848 165 667 838 563 530 1439 923 126 514 665 1909 1239 1499 500 1107 269 1614 13 1700 357 335 1501 1121 1273 
minDistance: 4.84217
cost: 250926
capacity: 199204
time: 43445
maxTime: 60000
LS1: 37862/39139
LS2: 416/1277
LS3: 0/0
shakeIters: 834
shakeLoops: 81
