4.08563:998 4.2322:1383 4.30428:1511 4.31722:1638 4.33726:2942 4.4349:3158 4.43745:3301 4.51691:3783 4.59711:4577 4.65766:4823 4.67515:4943 4.69558:5665 4.71712:7609 4.73362:7799 4.73951:8024 4.74286:8127 4.78675:8432 4.81546:14438 4.81915:19119 4.82307:19240 4.83577:24140 4.84217:24195 4.85385:27413 
643 115 1479 1169 357 1979 1244 1057 756 137 737 433 1011 728 1070 1376 333 703 1009 1646 712 534 1870 252 1115 485 1728 1182 1627 1552 1162 1491 1002 474 596 794 1438 1437 1172 1513 1092 1464 535 1267 848 739 633 1486 1365 1872 1120 899 1180 395 286 1786 1158 193 1202 662 1432 114 1216 1237 1746 1687 1909 1219 493 1190 254 672 1701 358 369 43 60 1211 1495 1975 1585 684 1367 991 1653 987 445 790 355 397 668 423 1033 1028 1203 1985 1623 1566 1080 1842 192 1540 475 1407 838 689 221 274 601 667 993 1834 819 1416 1756 1994 1899 259 1398 209 1179 233 1654 1360 1350 234 530 734 1306 904 1194 1576 1023 1804 121 1304 1680 779 1003 58 771 46 292 1170 112 720 1556 1997 1705 158 1090 1712 1972 879 1302 1652 844 1658 626 994 1485 1051 1210 1912 1089 539 86 553 732 664 996 1072 713 625 964 727 868 499 1502 1971 450 1626 1922 1098 1886 247 1898 1039 166 1012 1703 1791 431 1861 206 244 986 1420 628 72 410 708 1490 554 176 1200 380 1620 1439 343 826 773 582 223 1493 744 1541 1274 1118 1383 918 1344 555 81 446 1239 792 74 519 685 574 657 1828 796 1446 1702 261 1453 585 1492 1787 845 1035 1666 1124 1575 308 835 1671 693 418 379 1966 212 1060 506 1229 800 1233 807 303 297 328 1325 1006 13 67 
minDistance: 4.85385
cost: 245795
capacity: 199190
time: 27413
maxTime: 60000
LS1: 35297/36615
LS2: 513/1318
LS3: 0/0
shakeIters: 781
shakeLoops: 73
