4.08563:1046 4.42465:2034 4.42884:2156 4.4585:2389 4.46091:2583 4.50996:2905 4.52602:3162 4.58851:3793 4.63198:4476 4.64488:4539 4.64744:4986 4.65603:5933 4.67794:6077 4.68384:6659 4.69549:7000 4.69558:7070 4.70475:7149 4.72155:7254 4.73951:14890 4.75485:15080 4.75799:20245 4.76182:20585 4.7737:20661 4.78675:20819 4.7928:21174 4.79284:21232 4.81046:21472 4.84217:21576 4.85297:37322 4.85385:38791 
1825 1318 1828 193 1465 1386 233 1454 1407 924 1131 963 1182 1051 1627 1412 773 1582 1379 1124 121 1615 357 796 734 757 1833 904 526 1616 1202 821 1493 1033 1623 1219 1164 596 176 402 1107 292 1536 626 46 632 826 1230 346 1552 1491 1451 1562 1446 259 112 1554 155 1226 708 534 1144 667 1972 266 1357 1485 684 934 794 756 1071 857 755 166 1136 1439 663 807 837 727 1344 1118 1309 202 431 2 445 1393 1229 982 510 418 535 554 1466 1791 693 219 439 918 447 678 453 411 1351 358 1912 410 1464 1815 355 73 723 1649 1367 343 286 55 474 196 1797 1740 1023 1090 423 1910 1211 1034 1123 111 1810 664 1012 1125 672 601 1779 1787 1596 1622 1479 274 1169 1490 728 450 657 715 1569 1990 1506 1598 1576 1103 206 1019 842 1645 461 585 1996 204 986 74 1360 1216 1234 527 475 13 1398 1710 1499 52 1829 530 260 425 485 1932 811 1500 465 1207 254 1901 325 1416 1305 1749 1750 296 199 1311 1306 1697 1756 1239 1092 1274 923 916 67 308 1080 1909 506 577 1634 1468 1151 1304 1009 1194 641 212 1365 1302 1762 85 1437 224 269 1334 460 744 1790 1842 1041 367 316 1495 1533 262 1666 1427 303 1817 59 81 519 1660 1785 1376 1042 1180 1654 987 1917 917 493 680 1602 207 209 848 1804 1190 1652 1383 1380 133 1467 737 88 1121 1683 198 479 
minDistance: 4.85385
cost: 249037
capacity: 199172
time: 38791
maxTime: 60000
LS1: 35814/37119
LS2: 496/1305
LS3: 0/0
shakeIters: 779
shakeLoops: 73
