4.26183:1026 4.40007:1350 4.41716:1667 4.4349:1936 4.46186:2181 4.46213:2251 4.49794:2454 4.59711:2765 4.64419:3229 4.65603:3519 4.71213:3878 4.7255:4040 4.72751:4407 4.73951:6031 4.76182:6723 4.77069:7451 4.77395:8290 4.78675:10619 4.7928:38408 4.79284:39235 4.79995:41167 4.81915:41382 4.82795:42799 4.83577:44833 4.85297:45514 4.85385:46347 4.86017:47050 
1197 1437 1347 475 244 1917 1187 1439 994 1011 521 1244 1221 1380 773 1815 737 86 1041 354 529 1182 304 207 52 1190 15 1032 46 155 82 212 1393 114 115 539 1297 590 88 1576 917 375 1756 269 1121 58 247 1334 1985 1870 165 92 620 1825 1623 1801 209 465 1267 1810 1990 1481 1899 713 1791 1162 1080 1521 1563 976 1170 514 1972 1098 469 802 1305 1277 757 418 1636 1360 333 653 130 1738 68 555 178 1320 668 1448 1383 170 1506 1118 1645 1367 1314 1513 485 669 1541 848 1562 968 425 1139 1872 1454 343 794 1207 274 308 136 1594 873 1495 838 1502 1598 562 1787 1203 1233 395 111 739 119 771 261 1216 1092 1042 689 755 1465 1391 672 1416 1615 1012 1350 474 1436 1997 493 1115 234 987 1507 1401 986 642 1051 1828 81 888 1712 1144 1073 1446 1239 1006 1122 1634 357 433 367 1410 938 1783 1490 445 1912 918 1566 222 1654 1822 1229 1875 60 685 626 1028 530 1296 1762 643 657 801 1023 1289 1230 984 252 1325 1180 996 684 1658 1330 461 1902 585 121 1949 257 519 1552 1596 1657 366 868 1399 479 1151 844 335 358 708 1172 1461 1666 1802 460 973 1210 1154 835 1306 1909 1131 13 554 396 842 1876 1427 1090 1194 339 1954 499 1335 74 663 596 1479 816 1385 69 807 83 904 410 628 796 353 1438 1029 1003 
minDistance: 4.86017
cost: 245177
capacity: 199292
time: 47050
maxTime: 60000
LS1: 37668/38922
LS2: 358/1254
LS3: 0/0
shakeIters: 869
shakeLoops: 84
