3.90499:606 4.33144:1428 4.44849:1862 4.48918:2170 4.53538:2399 4.55251:2953 4.61804:4271 4.64419:4508 4.66516:4774 4.67441:5121 4.68138:7040 4.68489:7417 4.73092:7730 4.73301:7793 4.73362:8851 4.73622:8921 4.73951:10473 4.74698:14753 4.77069:15545 4.77133:18307 4.7723:21968 4.77395:22737 4.78112:25696 4.78675:25746 4.7928:38635 4.79284:43505 4.81915:44995 4.83268:50846 4.83514:55495 4.83577:57248 4.85297:58677 
514 1122 737 993 1491 209 493 1169 1861 1801 1071 1118 734 269 367 1783 987 974 826 1680 252 86 244 115 1790 1407 1376 1195 1274 111 986 838 1067 1090 1872 499 207 844 739 736 596 868 1787 1170 633 304 1273 81 1499 1105 1576 1277 1623 1566 835 1438 1455 824 1615 1267 236 1815 512 984 1194 445 1501 1913 1654 1357 1658 67 1367 1997 68 395 1080 2 879 435 1246 336 1647 485 425 53 1655 936 1203 1180 130 901 1028 744 1631 114 1558 196 1653 1666 1350 729 753 732 923 1829 206 490 628 1172 1479 1834 1495 1115 1042 904 1833 1596 80 184 672 1506 1412 1685 176 1468 857 1870 355 1791 1493 1453 1391 1828 1229 1727 1244 1756 46 845 1041 474 339 228 727 212 917 1622 1302 1899 773 1006 1187 539 712 1383 794 1221 357 261 760 1701 684 1334 1652 284 800 410 1002 112 1398 1954 1985 530 1554 842 771 1749 1933 1420 475 397 1590 136 383 637 1507 427 1151 13 1092 1081 1903 1304 1210 97 1762 446 1490 1200 1230 755 1738 963 1972 459 479 1682 1121 1439 1371 418 1147 96 1852 426 414 1912 1315 583 1448 247 306 991 1401 996 1154 796 392 782 1502 202 358 172 553 1416 1541 1929 801 1511 1214 817 353 461 705 234 1219 433 1162 94 1728 1182 626 1211 88 685 222 562 85 1179 1124 1029 589 
minDistance: 4.85297
cost: 252837
capacity: 199161
time: 58677
maxTime: 60000
LS1: 35661/36948
LS2: 438/1287
LS3: 0/0
shakeIters: 818
shakeLoops: 76
