4.04762:745 4.29304:1549 4.32529:1674 4.41596:1927 4.48785:2181 4.51722:2327 4.52602:2416 4.554:2530 4.59679:4217 4.62061:4512 4.63871:5225 4.64156:5318 4.64488:5567 4.66326:7513 4.67676:10067 4.68566:12786 4.68577:14422 4.68782:14513 4.70382:14570 4.72991:26100 4.73092:30355 4.73622:33024 4.75799:35560 4.76182:35741 4.77395:40558 4.7783:41464 4.78675:41517 4.81835:54742 4.83577:57084 
333 589 535 293 725 41 794 715 1115 1573 1682 510 1028 481 1187 1356 83 1143 755 574 1796 204 1283 336 1561 931 1801 1244 844 431 1158 1502 1829 749 934 303 1634 816 1647 193 1407 1615 117 807 1971 873 1815 1011 1314 753 358 1131 469 1994 632 46 1448 80 1791 23 550 375 793 1098 757 1216 67 1756 493 870 626 1092 178 212 1051 1325 628 304 168 633 800 1762 1453 202 1727 521 1473 739 879 4 425 1374 222 1817 395 828 396 1151 1642 704 1542 1490 357 986 475 841 115 247 990 1922 1180 1437 1912 613 1059 708 713 620 987 771 306 1371 1499 657 966 353 1243 479 1986 1288 1107 1121 221 924 1666 119 58 1932 1386 207 991 938 1861 1466 848 121 414 530 433 92 209 1972 1819 1229 228 184 845 1798 1501 88 1226 1393 261 252 500 1233 684 616 1289 724 1479 506 1623 72 1176 663 1002 641 729 1038 969 868 351 693 577 904 499 198 672 1427 1828 1144 1674 1335 1383 1114 1416 553 126 1761 1267 555 1230 1728 1307 842 292 1454 1979 579 983 1367 1255 688 383 601 1368 1366 1485 13 974 585 1071 1033 744 1042 689 1003 539 1172 838 1506 1594 1162 1831 1653 1579 984 176 1347 1558 1090 296 665 1954 1917 742 173 82 81 1446 1044 727 1210 406 111 1438 1790 1118 1598 1380 343 85 653 1041 1852 1170 1123 
minDistance: 4.83577
cost: 247997
capacity: 199171
time: 57084
maxTime: 60000
LS1: 36365/37704
LS2: 550/1339
LS3: 0/0
shakeIters: 760
shakeLoops: 72
