4.34995:1389 4.39492:1590 4.46213:1829 4.50765:1993 4.53707:2168 4.60751:2404 4.64145:2518 4.65766:2720 4.67441:3627 4.71916:4474 4.73951:4847 4.78675:6009 4.78942:6079 4.78989:7615 4.7928:7682 4.82077:8616 4.82795:8731 4.83268:10926 4.85385:11913 4.85874:24019 4.91043:26964 4.92729:27079 4.93237:33638 4.93269:33866 4.93523:35755 4.94178:58396 4.94788:58544 
1569 796 974 1398 499 1356 616 563 74 1304 684 111 423 1383 1373 52 1144 1097 908 1783 333 664 1108 996 206 986 994 1177 1023 1541 572 1043 1902 1350 1479 1542 158 1213 1801 737 1815 334 1210 1646 207 13 1051 1006 793 431 857 292 367 1172 209 963 1461 744 848 632 1233 704 1180 1330 1828 713 1314 244 1139 1446 1380 357 1244 1192 1182 72 475 85 923 577 638 1466 1033 1092 60 427 668 301 771 665 67 878 1473 734 1372 555 1790 931 1407 176 1229 353 1084 626 879 1187 991 471 916 1325 500 1427 81 68 1855 1645 712 727 121 115 358 1666 17 924 1060 1042 414 524 1151 1343 425 1876 976 756 1454 166 1107 261 397 1283 1908 1513 212 621 1687 1954 1842 252 1194 355 1368 1680 1623 1059 1401 601 1448 418 672 1393 918 1121 800 1972 689 88 870 236 456 1787 1594 1490 633 1453 502 222 1985 985 1169 987 136 340 1502 663 657 1334 838 1230 1465 527 1012 234 1277 1700 1090 297 904 1219 1791 506 917 671 1917 157 715 1579 1932 1728 396 46 928 1044 1379 1432 1796 1071 1034 84 196 807 1412 1727 1912 1118 844 247 433 479 1493 1239 1652 554 708 530 1437 1344 254 1627 1915 1115 274 1642 1582 1817 211 1831 1756 80 112 1971 395 1786 1829 1899 1990 1038 539 1202 1365 
minDistance: 4.94788
cost: 247471
capacity: 199350
time: 58544
maxTime: 60000
LS1: 39065/40393
LS2: 453/1328
LS3: 0/0
shakeIters: 848
shakeLoops: 80
