4.19823:1107 4.28326:1605 4.44576:2137 4.45418:4218 4.46213:5051 4.48918:5370 4.56422:8163 4.63871:9273 4.64488:9534 4.64886:9623 4.67441:9956 4.73362:10302 4.76572:11466 4.77021:11969 4.77395:13023 4.79995:14605 4.83514:17416 4.84217:20541 4.85297:21436 4.90134:37312 4.92729:59039 
1801 1314 1485 1700 1180 1071 1164 431 1274 844 165 641 555 824 124 585 1130 662 437 628 200 1043 60 672 632 13 209 375 1645 469 708 1307 1277 1398 69 247 1596 111 1205 838 1829 1666 868 744 1302 1702 1790 1203 304 1356 67 1023 446 1983 1561 1041 1347 196 223 392 987 1570 396 1744 1996 1855 333 1495 1804 934 1932 1003 917 136 367 1202 1582 674 592 1590 306 1368 58 1465 938 1909 1042 178 924 72 1092 773 1727 668 383 1090 493 1256 1101 734 1576 554 1786 1194 1012 807 353 1351 1486 1393 1383 1870 563 1626 1591 166 1834 991 336 1521 292 1374 956 366 762 1226 932 589 184 1990 816 1033 262 1124 879 1437 1783 737 1566 1399 638 358 357 1125 1455 1579 1162 1139 192 1623 80 727 984 212 414 568 1402 1127 1657 397 274 1627 1081 224 244 1407 85 1703 1815 119 483 693 828 657 1229 81 1787 1080 837 1233 1367 1172 755 46 485 1131 1325 530 739 821 433 68 596 133 1289 1438 993 447 1098 1059 1334 1330 427 1107 1366 1409 904 527 519 1501 1267 1200 1412 1620 535 1542 1833 1490 1451 1828 1961 1432 626 930 1051 1044 252 1182 1754 1121 1376 1791 1214 1506 665 1947 598 1019 1716 1562 1461 88 335 1123 90 92 873 1169 1513 1615 684 1912 425 510 1634 1466 1672 842 1118 918 1453 1933 
minDistance: 4.92729
cost: 253424
capacity: 199365
time: 59039
maxTime: 60000
LS1: 36108/37411
LS2: 499/1303
LS3: 0/0
shakeIters: 783
shakeLoops: 73
