4.29304:1004 4.49794:1542 4.50344:1653 4.52602:1754 4.64419:2229 4.66325:2620 4.66326:2741 4.66516:2886 4.70938:6855 4.71359:7321 4.71916:7673 4.7255:7756 4.73622:9329 4.74286:10131 4.77133:10349 4.7723:10474 4.77395:11326 4.78675:14660 4.7928:16163 4.80857:18507 4.85297:21163 4.86017:32706 4.87156:37814 4.91043:52811 
713 897 1524 1354 469 1024 1187 81 334 1502 1584 1383 280 1190 369 982 1728 1903 527 1002 889 1579 1831 69 530 485 917 1407 1799 1825 236 1493 1979 509 152 1479 1029 1194 1092 198 1151 358 1726 1078 244 841 1154 633 1710 708 1495 212 1834 1554 923 1162 83 1631 1476 918 468 1965 539 1609 576 1985 412 303 994 1587 1057 1645 1239 554 82 1306 1801 176 1815 1172 555 819 1263 976 1270 1501 179 519 395 418 1210 961 304 15 1879 1376 52 1716 1616 1954 693 88 1499 796 857 572 1248 491 757 1347 1182 824 657 626 493 1436 202 1667 1680 1365 1542 1833 879 1042 684 207 1521 1932 1437 1402 423 410 117 1915 1427 808 233 1230 535 1084 1529 1246 1802 247 1373 870 1226 73 1231 1652 467 59 634 336 68 1839 425 420 431 771 1790 1367 136 168 339 1689 868 1909 1756 1803 184 1305 269 1108 316 1227 1622 1448 663 1118 1304 873 292 1666 1051 1623 240 1870 475 1221 562 1004 43 838 807 1229 1929 209 715 755 1088 1829 664 1465 669 667 506 1596 1615 354 1044 286 1398 1267 1446 1144 1782 1073 612 645 1449 700 1566 802 367 790 773 514 396 835 1742 1552 1274 1368 698 1071 794 1007 46 837 904 1033 1120 1649 672 596 1380 1486 1598 1997 1787 749 1569 1121 1170 1302 1455 1090 1412 987 907 85 1687 19 455 1350 461 839 
minDistance: 4.91043
cost: 246719
capacity: 199178
time: 52811
maxTime: 60000
LS1: 37150/38432
LS2: 463/1282
LS3: 0/0
shakeIters: 795
shakeLoops: 77
