3.88861:685 4.23406:1229 4.43083:1703 4.44849:1783 4.51096:2724 4.52602:2950 4.59533:3454 4.64419:4248 4.65766:4398 4.67021:6389 4.67441:6890 4.71075:7687 4.7255:8662 4.72751:9432 4.73092:9761 4.74286:12008 4.76182:12271 4.76763:12336 4.77021:16196 4.7737:22064 4.77395:22288 4.77501:24316 4.7783:25690 4.78427:26950 4.78675:28966 4.7928:44208 4.84217:53724 
1479 1922 1912 1743 397 853 1229 474 236 1552 1799 117 1398 55 638 450 1997 1451 539 1264 1427 1330 1990 940 1206 1092 367 48 357 857 1029 369 991 354 1081 1687 708 1448 1334 1598 1463 1018 264 1219 845 1691 1453 370 1126 1371 85 124 1791 1254 1187 223 1833 1412 1740 1274 1490 1267 2 737 1012 904 552 493 970 1170 163 1022 84 1666 1780 274 807 88 1100 782 1118 72 596 1672 1378 1071 693 1003 1596 1028 1814 297 1645 281 923 1742 358 1700 129 684 207 1861 1057 253 303 479 1087 1139 1436 530 873 1420 1804 13 108 1376 848 1996 688 334 633 1455 664 68 866 1357 534 86 233 192 1491 1051 838 672 1899 519 1271 1562 526 1172 1383 1716 1042 828 343 1227 184 842 1365 234 467 993 335 1367 396 252 247 251 1653 704 685 261 1240 1053 1907 589 1154 1033 1652 1121 521 1502 1786 306 506 206 1393 304 1642 433 616 1230 1781 1622 1090 1023 279 194 204 1782 632 1385 1366 668 1437 1513 414 1787 1829 1221 158 755 1120 1615 114 1244 81 879 1909 1870 1657 897 1790 353 1325 395 736 165 244 933 1356 1819 626 788 1454 987 529 535 308 1306 1627 1179 1917 455 562 212 1304 917 800 1182 1080 1457 918 269 1815 1162 227 1881 286 1084 1194 1762 425 67 1239 663 1177 1233 74 1216 1464 60 1785 1623 996 1368 
minDistance: 4.84217
cost: 248871
capacity: 199228
time: 53724
maxTime: 60000
LS1: 35693/36986
LS2: 479/1293
LS3: 0/0
shakeIters: 787
shakeLoops: 73
