4.44576:1690 4.46091:2157 4.46213:2455 4.49794:2725 4.51722:2915 4.52602:2992 4.62061:3508 4.64156:4119 4.64488:4479 4.6679:4841 4.67676:4968 4.68384:8559 4.68566:9467 4.695:9695 4.71075:9853 4.71213:10770 4.71359:13762 4.72991:15089 4.76182:15339 4.76572:15481 4.77643:16434 4.78112:16672 4.78675:18694 4.80474:19701 4.81109:19995 4.82307:20280 4.84217:21346 4.85297:37690 4.85385:56169 
993 427 357 59 523 1804 1012 1023 1432 1742 1042 1746 1374 807 1034 450 1226 446 1629 1899 236 782 244 1071 1343 1909 689 333 1216 46 204 848 987 1413 844 119 590 1596 970 1615 423 519 343 1437 1466 1506 1090 1971 247 74 771 334 67 1190 956 585 322 1291 755 918 1239 1799 724 1479 1461 1092 1330 1985 996 470 1579 1913 1161 1080 1473 85 1120 1815 499 60 1834 1051 662 1791 1566 931 1801 897 1513 58 527 1562 1524 304 1229 1334 1383 704 907 693 1727 1368 713 638 358 475 1560 1367 292 469 1003 535 1796 1700 453 749 1139 539 917 1582 1318 1493 1917 1541 645 1244 1790 1455 1011 1744 1990 1716 68 1549 1829 1017 1620 212 433 1623 773 1172 1124 990 684 166 1304 1398 431 928 744 192 753 1238 1376 339 81 626 1681 1500 665 335 412 1393 1436 1044 1680 1983 1230 257 1407 1666 1302 303 353 1121 1825 816 1271 1194 1490 418 668 554 845 1314 367 259 262 1657 838 961 155 1687 1831 1570 949 530 165 1912 1502 425 568 1756 1145 1932 1828 510 274 555 1453 261 794 712 1774 1221 252 395 601 1164 1749 297 1187 1485 506 28 1438 632 1833 879 1347 1505 1542 985 1786 1817 932 1240 1202 493 708 615 596 924 873 88 984 1703 1098 1495 193 621 89 80 158 13 1684 1652 485 1350 842 904 
minDistance: 4.85385
cost: 253727
capacity: 199173
time: 56169
maxTime: 60000
LS1: 35456/36709
LS2: 396/1253
LS3: 0/0
shakeIters: 828
shakeLoops: 77
