4.14686:1064 4.38599:1593 4.4349:1744 4.46091:3572 4.46937:3678 4.48724:3797 4.51722:3930 4.58568:4102 4.62446:6209 4.63871:6304 4.65766:6467 4.68893:8343 4.70475:8408 4.71213:8572 4.72354:9641 4.73622:9859 4.76605:12374 4.7723:15622 4.77395:15719 4.78675:27885 4.7928:32164 4.79284:32812 4.80474:34180 4.82307:34897 4.83268:37503 4.83577:37661 4.84217:38458 
206 1098 506 1542 410 354 621 873 1566 1309 53 418 1584 431 657 1474 1563 234 353 1041 689 1091 632 46 994 439 1170 1383 1029 985 1371 991 934 755 1172 1012 800 72 192 572 1408 1785 816 261 1115 367 1103 663 562 54 938 1244 1343 1229 1344 1089 375 1360 453 1627 1513 137 1634 233 1569 115 303 576 244 1575 179 257 1728 1432 1011 1194 252 499 1861 85 1842 1042 1985 475 986 397 1932 539 1505 1230 322 212 866 600 1438 1615 667 1365 89 1901 1213 121 222 961 343 1350 1657 1071 1057 1142 1495 530 596 1786 336 585 1502 1596 358 874 1250 334 1451 527 81 1712 479 335 1436 842 292 1080 1325 1446 1302 524 1510 552 461 1130 1743 357 254 1034 1470 1226 1550 4 450 848 269 1416 1623 170 1127 1799 1454 688 1829 1407 1781 1902 18 879 1052 446 807 1913 1979 1909 459 259 58 1210 1090 556 1620 1666 1817 1986 1468 1647 626 1478 1131 1815 993 493 425 1789 983 568 1994 1043 377 1221 1653 1791 1692 209 478 403 1316 1819 535 796 1368 67 1203 693 1453 794 1410 427 1051 297 1118 1726 163 119 1120 1490 899 1379 708 1472 1576 771 1124 1154 240 1161 838 685 868 165 1190 1092 395 1002 1187 1742 110 1399 80 60 1239 68 674 987 1875 1437 1629 684 1655 308 1367 445 435 633 1833 897 1248 1511 433 1506 713 13 193 
minDistance: 4.84217
cost: 241894
capacity: 199176
time: 38458
maxTime: 60000
LS1: 36452/37721
LS2: 449/1269
LS3: 0/0
shakeIters: 793
shakeLoops: 76
