4.08563:888 4.43083:1886 4.43098:2007 4.4349:2111 4.48498:2548 4.49794:2835 4.51096:2998 4.65766:3316 4.71524:3643 4.7255:3783 4.77069:4078 4.7783:4309 4.78675:4364 4.83577:11402 4.84217:15454 4.85297:17015 4.85385:24456 4.91033:28504 4.92569:40118 4.92729:42197 4.93269:48171 4.93493:59571 
554 375 917 672 81 848 1582 335 1465 1436 693 1379 1182 1335 984 1170 704 244 115 1738 1672 414 664 1908 626 933 1870 1446 1116 1506 1051 1876 1367 1971 1244 1666 878 873 1790 1791 1842 418 1226 552 358 207 1919 987 1642 1728 354 1107 1932 1486 1034 85 628 1513 474 1481 74 383 1059 1581 212 15 844 52 802 136 1283 1990 1829 985 1577 1623 986 433 1391 1154 1541 1092 1491 964 555 1762 689 68 1466 163 976 173 1972 1230 13 1655 879 1899 133 534 500 1804 1787 1454 252 1700 1097 651 1033 1510 1562 395 1828 425 527 737 192 247 1368 1645 1365 857 1344 1151 1213 292 1383 708 663 1461 1716 1202 1552 1830 1680 568 824 931 1304 1139 572 1067 1073 1886 1933 729 1090 1101 339 1554 1356 447 397 274 1915 771 868 1380 1057 1121 700 996 475 727 1393 46 918 1084 1833 1038 333 1334 991 928 121 1985 1527 1144 369 493 1229 1233 1142 674 1781 331 55 1566 2 88 1727 1448 297 932 794 1912 357 367 1306 1120 1118 807 632 262 1302 1071 1172 234 657 184 450 1080 739 819 1177 755 1501 1023 1043 688 1743 1799 1399 1502 744 1815 956 1782 530 1657 1194 838 1407 209 713 1495 1131 1756 1012 684 1115 1596 1263 1398 904 1432 1343 1130 1330 1449 306 1412 340 1350 303 923 165 1420 1041 1579 1855 
minDistance: 4.93493
cost: 249589
capacity: 199158
time: 59571
maxTime: 60000
LS1: 36868/38197
LS2: 490/1329
LS3: 0/0
shakeIters: 817
shakeLoops: 79
