4.23778:1259 4.30428:1483 4.37137:1999 4.41596:3336 4.43083:3411 4.43098:3562 4.49953:3832 4.6683:4253 4.67676:4385 4.68551:4983 4.68893:5124 4.695:5181 4.70938:5669 4.71412:5725 4.71712:7365 4.73362:7536 4.75395:7666 4.79284:7916 4.79769:21432 4.79995:29023 4.83435:32266 4.84217:32388 4.85256:35634 4.85874:36392 4.86017:42331 4.88588:48255 4.90307:51695 
13 844 58 870 459 500 1307 367 713 530 1289 1561 961 1304 638 728 69 1674 1154 1343 1490 1181 1180 802 1202 358 1125 816 46 708 297 699 334 1169 868 1256 535 838 335 626 1453 715 498 1033 653 254 1828 1594 196 1791 1012 824 1128 4 1620 1090 755 222 198 1801 112 1427 252 828 1274 685 1130 1843 1374 414 1781 456 303 689 192 1919 279 539 1634 1901 1513 174 1576 1118 1666 1143 1347 1855 1552 749 1584 889 469 1283 119 924 1579 212 1884 727 1454 397 357 68 1376 1028 991 1615 219 672 1465 1682 875 1187 637 1933 209 753 1700 842 67 1139 262 1380 450 1372 85 1506 1087 479 788 1787 632 425 1623 711 773 1043 1657 1442 1814 1917 1972 1044 931 1727 1170 732 834 476 72 111 306 223 392 1230 807 576 1540 1034 1716 1627 1979 1368 1947 1616 1986 1385 932 1182 1003 987 984 1501 247 1446 81 982 1817 292 1994 1432 1756 826 1790 340 724 396 1239 1172 467 1815 1762 249 837 493 410 1655 554 1932 437 1652 1097 1726 336 1876 976 1474 346 1306 1302 461 1649 236 794 355 1738 136 224 433 88 1019 1002 1041 657 1051 1121 97 734 1226 1591 519 1511 1861 1542 304 1495 458 1437 1229 168 250 1207 1071 696 585 1221 684 667 693 1250 1412 744 1092 1743 964 1194 1985 1351 1366 1740 1786 1325 
minDistance: 4.90307
cost: 245099
capacity: 199183
time: 51695
maxTime: 60000
LS1: 34832/36165
LS2: 530/1333
LS3: 0/0
shakeIters: 776
shakeLoops: 73
