4.39048:1532 4.55141:2072 4.56422:2830 4.64419:3036 4.66516:4730 4.67676:4933 4.68685:5035 4.7255:5594 4.73092:7856 4.74057:8086 4.76572:11775 4.7723:12678 4.77395:12788 4.78675:13205 4.82276:15413 4.82307:15476 4.84217:15583 4.85385:15638 4.86017:17282 4.87398:55160 4.88911:59330 
247 663 1700 1230 396 287 835 773 1971 684 1799 1508 1990 316 1277 986 121 395 1138 136 88 418 58 13 233 81 1336 596 1815 700 1018 1598 727 626 212 693 744 964 993 357 163 176 802 1219 842 1841 621 1334 1244 28 678 761 288 1780 1289 1393 1107 1181 1478 974 632 665 1367 1623 476 530 1274 821 1427 178 535 994 834 839 669 1108 1360 1902 1562 771 987 209 1182 798 59 708 306 397 252 1647 1368 1365 1740 521 370 325 1787 460 461 918 1513 568 1479 1162 511 1094 785 1304 304 506 838 848 469 425 1886 1579 260 274 1033 816 470 367 616 74 667 1090 1194 1115 824 519 1687 1490 1801 111 1306 1666 227 991 1118 165 1972 236 599 1529 1997 1975 1119 1347 115 1006 1828 904 1552 729 1756 984 601 873 1357 1682 1034 577 410 117 1875 431 1226 292 1542 1782 297 1594 1412 129 1461 85 1979 963 1762 1084 539 1996 1407 1351 1057 1151 510 1454 1229 1908 1448 1121 358 1071 339 1831 108 934 1051 1073 807 1233 52 1333 1556 796 737 1466 68 244 1246 354 1172 353 124 130 1465 657 222 554 1437 1210 1712 800 54 917 90 1250 456 1296 757 1455 1124 1164 439 293 1917 1092 1817 1378 334 433 119 1325 638 1783 1909 527 46 383 1436 1187 620 1207 207 1634 168 696 1726 261 414 1446 844 
minDistance: 4.88911
cost: 244391
capacity: 199256
time: 59330
maxTime: 60000
LS1: 36722/37993
LS2: 426/1271
LS3: 0/0
shakeIters: 824
shakeLoops: 78
