4.04762:765 4.26183:1211 4.29304:1462 4.40487:2328 4.4349:2815 4.43745:3506 4.46091:3721 4.49794:3898 4.6131:4391 4.64145:4575 4.65603:4854 4.67021:7838 4.67676:7954 4.70475:11069 4.7255:11447 4.73622:11688 4.76763:13528 4.77021:14798 4.77133:14875 4.78675:15765 4.80282:20825 4.83435:22842 4.85297:22955 4.86017:23043 4.91043:33888 4.92729:36322 4.92848:36401 4.93269:38666 
121 1448 1023 367 986 1829 1645 592 1203 1229 1702 1453 1773 828 755 1653 292 993 1833 1454 81 1202 1791 1182 1652 1366 1521 137 1057 1412 1398 1213 1138 693 450 1506 1855 708 1358 203 802 335 1018 1571 1042 1391 207 734 1799 1115 1466 1861 1972 170 1162 555 1003 165 838 1680 994 1009 1360 1254 931 1687 1396 383 1244 554 247 1902 1787 1490 1002 353 596 1782 539 712 1427 209 236 88 672 1937 936 1979 426 1870 308 667 297 233 1376 395 1314 923 1102 1304 617 1194 1073 1172 431 222 1081 1985 1576 136 878 1596 60 469 1124 684 192 304 1485 638 234 1495 880 771 1626 546 485 1012 339 1118 1226 826 223 1830 358 1556 1740 873 917 357 527 396 1672 1790 244 727 1657 410 601 1185 204 628 1716 1080 1347 612 108 1225 1187 904 369 1190 1815 1464 1756 1051 1898 845 1164 535 504 1407 530 1762 253 1552 839 1541 74 1267 464 397 664 858 1437 1316 493 1090 782 1819 1438 663 1216 425 1622 1432 844 715 4 632 1306 502 796 1092 85 446 1368 262 991 1379 437 1971 1455 479 879 668 68 1513 1828 911 705 1781 1569 1502 690 1700 1227 1726 737 28 13 252 1386 1909 926 773 1542 18 1071 974 918 739 1219 1139 303 1744 1033 1493 1325 1479 1233 510 1917 1932 286 1623 1383 124 987 1666 626 1801 2 
minDistance: 4.93269
cost: 249635
capacity: 199424
time: 38666
maxTime: 60000
LS1: 35325/36642
LS2: 516/1317
LS3: 0/0
shakeIters: 773
shakeLoops: 72
