4.29085:1440 4.33144:1713 4.33726:1788 4.39492:2122 4.42127:2385 4.43083:2690 4.56422:3094 4.67021:3586 4.67441:4352 4.67676:4656 4.67794:4740 4.68893:5539 4.69558:5744 4.70446:6523 4.7255:7961 4.76435:9158 4.76605:9365 4.77395:9488 4.77682:9584 4.78675:19860 4.78989:25040 4.7928:25174 4.80289:29577 4.81046:30532 4.81109:35859 4.83268:37470 4.83514:37572 4.83577:50196 4.85385:50330 4.86017:50478 
1657 1596 1089 1990 613 835 410 1762 1044 590 1401 152 1738 1383 1023 519 1917 1060 993 192 1416 367 826 1594 1579 1103 845 1309 1210 1334 1267 1461 974 1510 1107 837 1006 596 395 715 184 316 292 1490 723 1130 1398 1815 511 626 358 1195 996 85 1570 1182 244 1124 1932 1437 1687 52 794 418 1455 212 1499 1801 1144 207 749 527 60 1495 470 824 1790 697 1305 339 439 425 539 521 849 1121 475 1092 506 236 628 1501 1344 1013 396 1091 1330 1834 1804 807 1842 1552 1912 1829 1623 479 1123 1029 46 1542 68 28 1493 1172 1934 1051 1162 1448 423 1311 335 881 1744 570 773 1524 1680 1652 81 1080 777 1187 949 1831 1318 1903 1438 111 412 1855 353 233 984 461 771 1786 1357 172 1817 601 1351 1012 1666 1151 1407 1119 934 1376 1379 844 1562 1009 1274 1239 1368 158 924 1350 1828 632 445 727 294 286 1580 1412 1019 994 196 1422 1413 444 18 987 842 572 1090 1485 257 1910 1118 88 1226 1825 297 800 274 535 577 165 74 1615 303 848 83 1566 1038 1393 1971 1190 1975 1194 1367 1446 1205 264 355 2 1983 1169 1304 918 1170 67 554 1230 1033 1333 1587 857 1275 252 546 1233 1429 917 879 424 357 657 530 450 964 493 1929 13 620 1909 1071 904 802 206 744 1202 1229 1756 1888 1180 1787 829 198 1629 739 1561 485 1432 895 
minDistance: 4.86017
cost: 251464
capacity: 199431
time: 50478
maxTime: 60000
LS1: 36128/37400
LS2: 460/1272
LS3: 0/0
shakeIters: 782
shakeLoops: 75
