3.90499:571 4.33144:1638 4.34995:1879 4.35614:2028 4.40007:2306 4.40487:2864 4.43083:3050 4.45398:3294 4.48724:3478 4.50807:3658 4.53959:3862 4.554:4864 4.65766:5890 4.67441:6465 4.67676:6732 4.68685:7146 4.71712:7447 4.72751:7837 4.73092:8067 4.73622:10888 4.77021:13649 4.77069:14325 4.77133:15409 4.78675:17519 4.81915:25389 4.83577:27434 4.84217:28218 4.85297:53207 
511 1190 1872 269 316 664 755 1162 418 1416 85 904 1645 1997 46 1898 808 1571 928 1194 1762 835 1344 838 1842 222 1302 963 1596 1828 1023 479 1652 1455 1834 202 1267 1985 1584 848 88 1080 412 1081 367 713 252 1179 119 572 1038 311 990 262 1496 1423 1118 234 335 1505 1801 1334 209 410 67 1437 1042 807 474 1187 322 845 297 1092 1726 1367 461 974 693 165 539 1511 1799 1541 985 1429 991 1304 1829 1556 247 1790 425 924 669 1757 1239 1288 1681 81 987 1569 450 1744 1499 1385 357 60 1627 794 1654 519 358 555 1917 92 562 1244 1098 712 86 284 303 424 1051 626 663 1506 396 1756 1727 1479 1524 192 1466 1791 1044 1226 1439 621 184 976 1495 592 244 1594 839 749 1330 199 493 499 1071 1742 1615 870 13 689 1598 961 1274 1229 292 206 657 445 1029 1861 1623 1012 336 1078 576 500 879 688 1831 1983 1383 1027 1350 1438 1427 355 1002 212 732 475 236 1090 1909 1493 1502 672 1121 800 395 617 1230 724 1666 601 1436 645 577 1468 1422 1687 1172 1738 1786 1398 802 1815 1107 897 1728 1380 960 485 771 1376 535 1634 824 1216 1120 1018 949 1620 917 1653 1817 1151 970 1655 1060 895 1170 433 983 844 1219 39 684 850 1011 334 1913 1263 1028 1202 842 58 43 353 1739 530 483 261 554 1566 790 585 
minDistance: 4.85297
cost: 250224
capacity: 199187
time: 53207
maxTime: 60000
LS1: 35891/37180
LS2: 460/1289
LS3: 0/0
shakeIters: 801
shakeLoops: 76
