4.30428:1236 4.40487:1672 4.44576:2086 4.49794:2455 4.5102:2556 4.51722:2910 4.59679:3158 4.63198:3301 4.63942:3517 4.64488:3580 4.65313:3733 4.65766:4058 4.6683:5921 4.68214:6129 4.68566:6383 4.68685:6446 4.70382:6689 4.70446:9925 4.7255:10028 4.72751:10815 4.73362:10880 4.74057:13635 4.75071:14445 4.75395:15190 4.76572:19180 4.7737:19430 4.78112:19539 4.78675:20363 4.7928:20426 4.81915:20701 4.83268:27580 4.84217:30281 4.85297:45169 4.85385:56298 
1187 163 901 210 1700 1302 1839 297 670 562 1060 744 1562 196 1909 1057 1493 1901 685 184 1861 72 1575 1467 986 1468 1937 1229 1067 357 1216 794 749 224 1087 708 306 1596 535 1160 1872 1271 1842 1513 1817 1379 1833 129 59 1360 292 204 1034 734 115 874 198 1080 1164 1762 259 397 1738 668 81 673 512 1479 1985 1194 410 657 1202 1815 1666 1727 212 125 1787 1013 67 626 1029 844 873 1490 1643 848 453 1366 449 1019 262 530 445 206 1783 672 1855 838 904 771 807 589 1033 1012 461 269 1154 124 1120 1446 1071 527 773 1182 1306 991 1485 1780 885 715 1712 917 596 961 474 1990 1972 1634 136 433 485 439 1115 621 1226 85 1932 1417 1653 425 252 996 1828 1486 54 829 1027 1829 1439 1427 1615 1124 1161 1579 1556 828 1801 172 46 308 1023 755 1602 1399 1566 1495 493 1501 1576 1506 1438 713 1657 952 1776 358 842 58 993 1511 223 1834 162 539 1791 1221 1351 383 1453 826 1846 1413 506 369 165 244 1749 1393 879 1455 1089 1552 1491 1675 1683 68 638 90 1709 1334 1098 1367 1121 1383 1463 629 667 962 222 1344 1929 1582 964 1702 816 1122 69 1203 1903 1961 1041 1472 1620 1728 1118 1343 343 1849 837 727 1274 1277 119 1092 325 519 1654 247 1781 1726 1090 1314 335 693 414 663 633 1412 1623 1649 367 796 1451 1273 334 74 987 339 
minDistance: 4.85385
cost: 250698
capacity: 199180
time: 56298
maxTime: 60000
LS1: 36810/38067
LS2: 436/1257
LS3: 0/0
shakeIters: 787
shakeLoops: 74
