4.26183:1129 4.30428:1408 4.31722:2144 4.33726:2253 4.4349:2621 4.4585:2748 4.5102:2935 4.53707:3152 4.66516:4023 4.67021:6022 4.67441:6144 4.67676:6237 4.67794:7083 4.68384:7944 4.68577:8026 4.68685:8858 4.70938:8983 4.71524:9109 4.71916:9177 4.7255:11107 4.74698:11911 4.76586:13761 4.78675:15602 4.79284:18500 4.81046:28566 4.85297:30216 4.86017:31034 4.88748:36703 4.91269:39240 4.92702:41309 4.92729:55480 
1143 450 202 67 1649 991 667 1180 1071 1491 577 303 165 358 1151 816 1057 334 155 932 1229 1182 1011 838 1453 292 1346 1623 1652 1043 1274 1461 1499 703 1666 370 192 824 1801 819 1335 794 749 1427 1971 16 535 1903 1756 412 539 1092 383 987 519 1554 1351 1347 984 1432 1051 684 1579 1080 222 1194 1495 1990 641 908 1700 228 1376 1910 1437 727 601 773 917 993 339 1781 845 1596 1682 1090 1027 1763 1179 247 634 1831 508 478 1585 1912 632 136 236 85 530 858 252 1357 1187 1485 844 990 708 1379 68 97 250 590 994 366 633 1972 309 621 1190 1366 395 1226 1562 1773 821 279 53 1740 1121 1081 1246 433 81 1267 1304 425 244 1009 1790 1041 1833 1510 1855 1787 1917 88 367 974 1181 753 207 705 1454 1128 2 1044 1289 1786 1749 936 879 1028 834 1403 554 1490 837 1124 1378 1898 1270 1202 771 878 397 1299 668 963 934 410 1743 1130 437 1162 1314 964 1385 58 1529 755 828 1727 1466 931 499 209 985 304 1448 744 626 802 234 1552 1393 559 274 355 1139 1368 262 479 596 1233 46 1817 1172 663 889 615 1230 1216 782 1973 1738 74 1007 1947 949 1436 1556 475 693 1438 111 904 1118 907 672 1979 1003 1587 1306 584 928 1367 1728 1791 474 1170 369 15 1369 1356 1033 72 176 1302 1642 653 1899 1115 645 
minDistance: 4.92729
cost: 256347
capacity: 199246
time: 55480
maxTime: 60000
LS1: 35130/36412
LS2: 472/1282
LS3: 0/0
shakeIters: 779
shakeLoops: 72
