4.00052:691 4.29415:1888 4.37137:2405 4.50807:2983 4.50898:3462 4.50996:3997 4.51095:4200 4.53959:4282 4.5446:4711 4.55161:4803 4.64488:5259 4.65766:8431 4.67441:8572 4.67676:8896 4.68566:9320 4.68577:11118 4.70938:11233 4.71359:14107 4.71412:14489 4.7255:14723 4.73622:14881 4.74446:19344 4.76572:22784 4.77395:23523 4.78675:23580 4.7928:34483 4.79284:34569 4.81915:38038 4.82307:40812 4.84217:41575 4.84372:52775 4.85385:53633 
203 771 510 773 1453 1620 418 236 1527 1499 1383 1097 1366 1437 461 507 1478 506 397 674 1090 514 1506 136 97 1051 1098 996 41 1432 1118 1034 269 626 343 1086 176 46 1796 639 684 1702 838 90 433 446 657 455 184 331 43 412 672 1226 209 924 166 1162 1160 708 1239 287 1059 1107 85 583 15 1367 1606 1105 13 67 358 469 1457 596 1123 932 247 1368 987 479 1154 1202 406 732 1124 1479 1216 530 81 1306 1979 292 685 1908 369 696 54 474 1182 1791 645 1615 74 1799 1587 262 108 1695 632 1491 304 1666 1630 1151 435 1566 1018 1143 1442 1627 931 689 202 257 1170 493 737 1092 521 1044 1529 1785 1042 1762 984 1084 475 1436 574 844 1277 1028 1552 212 1749 1915 1495 1121 1472 244 985 1178 535 1347 1828 1556 1521 1983 1647 1493 1416 1554 555 1917 59 787 1455 1172 1190 727 1797 1787 357 816 447 445 1490 1833 1002 1815 1334 355 1422 1756 1684 1289 252 1649 1203 426 928 857 233 837 1029 1120 562 165 1744 1318 1786 431 1427 554 1570 1379 1680 879 744 1461 1446 395 1364 663 904 1575 693 119 1740 842 168 1465 1596 1623 1420 1645 880 1071 485 1783 1041 1608 1801 86 991 210 963 1179 917 1855 499 49 1870 162 425 1961 1109 993 1101 923 1352 934 259 800 918 69 1485 994 519 228 1004 990 1834 222 1501 614 807 1631 1229 1304 353 
minDistance: 4.85385
cost: 251391
capacity: 199258
time: 53633
maxTime: 60000
LS1: 35317/36602
LS2: 515/1285
LS3: 0/0
shakeIters: 738
shakeLoops: 67
