4.57169:1655 4.57777:2374 4.59082:2686 4.60363:2898 4.61719:3364 4.62019:3644 4.63074:3968 4.63962:4234 4.64183:4411 4.65072:5698 4.66729:6600 4.6802:6727 4.69012:9978 4.69581:10103 4.70336:15447 4.70947:18159 4.71515:20000 4.72792:20138 4.73908:20250 4.74246:20394 4.75814:22989 4.76178:23047 4.76387:23814 4.77013:23941 4.78201:27405 4.78563:34647 4.79537:34904 4.79896:41652 4.80272:46154 4.80801:46284 4.80846:49256 4.80965:55422 4.81809:57801 4.82053:57854 4.82221:59062 
1107 341 1643 933 1051 1207 684 895 406 1143 904 429 672 509 1878 427 1084 1012 1817 68 397 251 420 1573 1915 1118 1364 179 306 78 1080 1182 1886 574 1773 1735 1410 85 984 1391 1273 433 1265 459 575 673 1687 1536 865 778 1509 176 357 1442 128 384 1928 1380 1904 626 1041 1164 1474 1835 916 1087 153 1356 1874 1652 1300 316 1127 1571 80 1951 917 1975 1409 443 961 439 1637 458 1105 1912 1092 712 1208 1097 924 1426 715 1466 222 82 1090 1700 354 63 934 119 1917 798 782 374 897 1565 425 1438 74 304 1453 991 309 412 1221 252 964 240 189 777 497 234 844 84 1506 243 1024 168 550 1454 520 1130 1456 646 253 920 1822 963 33 1247 1106 233 1450 1561 1423 1140 232 1829 47 1601 1293 1600 1238 1678 1784 254 737 371 1429 187 1243 193 1748 552 112 1799 1686 38 1277 1828 1542 1764 720 493 12 96 1680 467 1997 418 527 488 284 708 1688 1267 166 1233 292 165 325 953 726 100 1057 1841 1560 1507 709 528 1577 60 55 445 875 665 117 1501 247 1594 1642 1575 203 1935 1605 834 918 1801 1314 1342 1359 1971 1446 1535 1495 1190 1610 1401 380 1926 651 1781 569 869 727 1739 30 1002 1803 227 1645 1264 713 583 198 534 1529 1646 1476 647 1263 262 161 801 1785 1576 16 
minDistance: 4.82221
cost: 244131
capacity: 199166
time: 59062
maxTime: 60000
LS1: 35665/36984
LS2: 457/1319
LS3: 0/0
shakeIters: 827
shakeLoops: 77
