3.9414:607 4.22309:1197 4.30249:1364 4.33565:1533 4.48379:1915 4.48853:2087 4.49046:2313 4.51046:2998 4.56981:3236 4.57777:3447 4.58001:5381 4.60363:5460 4.61604:7215 4.63438:7519 4.70947:7735 4.72951:8576 4.75959:9012 4.76178:10088 4.76387:17488 4.78201:18140 4.78705:19830 4.78906:19888 4.79407:21399 4.79537:21696 4.80846:27795 4.81809:27910 4.82053:33463 4.84878:54292 
1092 1454 918 1735 1463 468 165 1073 420 13 1739 917 380 641 1529 95 357 35 74 879 632 636 1951 1874 1542 421 379 1446 567 1423 1829 1788 1875 1051 645 804 713 1106 1912 1709 185 483 1645 1576 1852 30 782 1585 941 1977 1805 1786 328 1028 1372 1444 1429 1190 1172 1975 497 628 806 901 1226 1243 1311 119 1002 672 873 367 41 1140 1521 176 1856 1799 944 556 720 1886 1643 1413 1656 1584 233 427 865 646 1710 16 172 1582 432 1100 1009 1855 315 1145 425 715 1067 1063 179 1580 1509 1703 1464 1878 325 1667 1536 63 169 1364 198 1474 66 69 1199 1526 1084 573 1846 907 1121 801 737 1684 670 933 775 397 1764 597 429 1143 709 1153 1570 1273 1056 1394 1417 1540 574 844 1439 668 49 727 1773 665 583 1828 1577 1795 916 376 1107 989 1409 1802 85 1790 846 12 350 236 1655 1810 1678 1817 227 1384 1647 155 1634 1207 1453 243 1816 1700 439 1119 726 253 976 653 1420 778 1177 1204 1801 490 1605 1266 304 60 1346 1726 1687 1247 112 1997 934 488 456 1971 2 1144 883 460 627 1264 206 1179 519 1401 1561 93 1040 234 1456 1950 1782 1426 1952 449 1598 685 264 161 1350 1784 1149 1562 1221 1342 1630 708 500 80 596 1904 829 534 406 630 96 196 1833 1442 499 1267 1695 1954 1966 1745 1314 1973 619 431 358 1899 1644 
minDistance: 4.84878
cost: 246138
capacity: 199392
time: 54292
maxTime: 60000
LS1: 35146/36470
LS2: 521/1324
LS3: 0/0
shakeIters: 775
shakeLoops: 73
