3.96304:600 4.23087:1224 4.35337:1760 4.38368:1938 4.47782:2132 4.48202:2274 4.49109:2437 4.5315:5224 4.5387:5375 4.57509:5551 4.60199:8240 4.6312:8419 4.65072:8488 4.69212:8566 4.70178:10413 4.70947:11502 4.72668:11835 4.76178:12133 4.76311:12382 4.76387:12597 4.78563:13461 4.7859:15846 4.78603:20676 4.78639:22700 4.78705:23494 4.79537:23801 4.82053:29999 
458 176 954 1493 1582 813 737 1624 1933 802 397 1080 1703 1903 420 1841 1335 1536 1014 627 1954 169 875 1654 80 508 1333 1928 1417 119 529 794 806 646 1121 1140 128 1466 1529 1164 933 41 1575 16 432 224 751 189 1643 1978 215 632 1533 416 873 1924 1828 1311 1456 137 556 1826 284 1226 60 1342 243 1495 192 409 1119 1786 685 172 30 1856 1354 1476 1799 1130 1263 1748 715 879 641 1630 1585 340 1866 474 1560 1314 371 1095 38 1810 1975 500 88 166 1063 982 984 68 1600 1358 411 1208 331 1817 226 1665 254 1577 100 252 1204 1190 630 1554 1822 1106 672 251 1917 123 1594 564 1412 713 1561 1902 421 1318 1187 1320 1863 574 161 1886 99 1623 1194 1804 425 907 289 282 1835 1059 1283 1695 622 207 129 1371 125 1028 1453 615 729 1825 1429 1801 1988 316 74 550 668 1492 947 520 1143 1118 798 1277 1372 306 165 1145 1463 1158 1922 1735 341 1764 370 928 1678 459 1528 1067 1788 1771 1912 247 1243 164 12 1540 601 1649 1478 264 1144 1002 1051 1031 1151 94 573 804 1273 227 78 1645 1773 233 1409 795 1294 429 1537 1950 464 122 1593 367 732 1708 749 1745 708 1071 33 1250 1915 1073 1444 196 326 160 726 1442 1951 292 1117 406 253 829 357 1107 583 350 756 1904 1446 1305 782 55 665 1667 1179 1264 1105 95 1012 480 1098 234 712 325 1154 
minDistance: 4.82053
cost: 246131
capacity: 199243
time: 29999
maxTime: 60000
LS1: 34460/35839
LS2: 591/1379
LS3: 0/0
shakeIters: 761
shakeLoops: 72
