4.26094:1286 4.27529:1551 4.48202:2096 4.48379:2163 4.51046:2570 4.5315:4519 4.53595:4789 4.61604:5702 4.63371:7390 4.66552:7987 4.70657:9016 4.71669:9151 4.72668:9264 4.72792:11660 4.73343:12545 4.7368:14051 4.75814:14310 4.76178:14371 4.76311:14664 4.78144:14728 4.78201:16176 4.78639:19124 4.79537:24282 4.82053:38134 4.82225:48770 
458 1886 947 192 520 1143 66 111 480 897 1954 775 1828 1365 442 341 665 425 33 47 1687 1492 503 708 49 958 304 727 1226 223 569 1561 238 1875 1255 30 367 1926 1656 668 1214 1593 1896 431 842 841 474 446 1200 1380 804 1565 155 1012 1098 720 829 133 1017 1440 1745 1154 1655 1234 1097 1121 1623 1631 778 234 1835 295 1105 1118 78 1502 1384 895 1172 64 917 1814 1936 1437 788 1768 1652 1346 74 1808 1727 165 782 1461 228 31 837 1295 450 206 100 1784 1581 670 664 1088 1211 1261 198 488 262 963 479 1335 1059 1003 941 468 1394 550 573 325 1333 801 1084 684 1841 715 1417 961 212 989 534 1106 672 1314 172 1371 1463 406 751 331 643 1453 137 509 984 712 1108 529 1087 737 1610 857 1153 284 693 1686 933 630 1303 420 853 491 233 1426 869 254 1735 500 1632 964 1446 166 429 1536 1273 1782 527 756 357 707 1601 1586 378 119 1221 1455 1187 1409 1646 1267 1479 1624 189 1051 1438 247 1179 1825 628 1456 1742 1933 1647 860 1080 1350 772 160 1058 335 1002 1801 408 1977 306 16 354 1458 1788 1379 358 1513 1773 583 627 1140 1786 128 798 1562 1238 460 1973 1439 1739 255 969 916 1819 1264 1529 1703 1263 1917 1802 1894 918 1429 80 928 1023 570 1810 1614 647 443 1817 227 63 615 596 702 1583 1985 709 123 
minDistance: 4.82225
cost: 240615
capacity: 199325
time: 48770
maxTime: 60000
LS1: 35117/36384
LS2: 390/1267
LS3: 0/0
shakeIters: 852
shakeLoops: 81
