4.29129:1222 4.3705:1719 4.49109:1997 4.57701:2137 4.60363:2530 4.61719:2605 4.70336:3934 4.73962:4853 4.75688:5076 4.75814:5219 4.75959:5330 4.76311:6170 4.78144:7518 4.78201:8420 4.7859:10687 4.78603:11433 4.78705:12162 4.79704:12951 4.80846:43662 4.82053:46315 4.82225:52269 4.84878:57348 4.8502:59359 
1311 125 1154 1442 1742 1208 963 512 420 1917 308 1238 838 445 1495 192 1507 1384 194 1187 1059 574 33 1647 1915 38 1003 304 520 1620 165 474 1822 638 1790 782 1051 160 1562 1029 708 243 858 1891 95 421 292 85 928 904 389 771 712 212 240 1273 172 1561 1199 1466 933 254 196 596 1739 1043 1213 1488 550 1788 1314 1182 865 232 630 1645 123 1643 301 1444 583 668 921 284 916 1364 917 1024 849 1242 793 1412 1130 458 380 534 1667 1267 262 1426 1440 342 1308 1653 1686 122 341 572 117 1028 74 1950 532 209 652 672 325 1350 60 460 1933 1158 1372 821 828 1401 350 573 685 739 406 331 1454 615 1678 193 1121 1698 1542 1662 47 1502 1702 1427 1710 1655 1585 425 1063 812 306 497 418 535 1243 1801 1192 66 737 684 168 756 1601 502 1817 211 1894 1966 189 552 729 119 488 553 253 1380 1084 264 1735 954 1053 359 1975 1012 1095 1456 1529 1632 1479 370 907 715 166 1144 227 82 20 563 1140 1437 480 1107 89 751 1153 80 1886 1649 1799 1996 687 720 1119 804 1904 1536 1143 1333 665 1446 1098 499 215 191 1190 1226 1305 12 1002 617 1264 450 1687 1301 1990 1409 1417 556 1926 1912 1240 1935 443 203 1100 309 1034 1826 128 709 252 1841 1291 1784 358 1896 427 775 1554 726 1835 357 626 
minDistance: 4.8502
cost: 244927
capacity: 199219
time: 59359
maxTime: 60000
LS1: 38284/39565
LS2: 367/1281
LS3: 0/0
shakeIters: 891
shakeLoops: 86
