4.46568:1953 4.53079:2284 4.5315:2718 4.54651:2907 4.56559:3052 4.57509:3379 4.57777:7186 4.63697:8906 4.63708:9019 4.66685:12167 4.69212:13310 4.70336:14194 4.70947:14628 4.7103:19092 4.73881:20013 4.75688:20453 4.77013:20517 4.78144:22633 4.78201:22730 4.78603:23709 4.78916:23768 4.79537:23829 4.80846:41119 4.81809:41184 4.82053:44918 4.82221:48303 4.82425:49534 4.83187:50261 4.8579:53416 4.8581:55217 4.88238:55270 4.8846:55377 
187 1328 1180 1645 941 1814 1870 569 357 1015 1088 238 178 1358 1394 773 234 1002 169 260 1200 1243 708 12 916 1446 1438 1145 350 215 1063 297 341 1935 1293 1121 693 214 380 1238 1084 284 1320 1706 720 865 328 1560 1632 1248 1371 253 1429 137 1828 853 1593 55 74 1943 269 488 222 726 82 340 1413 824 1041 176 1095 88 445 928 1151 961 1509 1190 1634 427 1926 306 1822 1221 550 1100 165 672 1143 877 707 66 467 193 1897 1058 1179 1117 737 653 596 583 89 854 800 1540 1678 254 1450 1466 1735 243 715 1119 1839 1051 1646 989 206 295 729 1416 1003 456 1154 460 982 727 1598 1623 1350 1106 1172 1954 292 1529 684 172 232 47 1271 1665 179 1912 1875 1314 589 749 1928 1502 1199 46 577 1788 1417 480 873 35 1544 867 304 1561 1012 1333 1886 1917 366 1802 354 227 1624 1380 875 1842 1147 863 1773 226 1565 1647 166 1994 838 1703 1576 938 804 1467 449 1140 108 1855 379 1610 860 1649 1442 509 264 722 122 1054 1562 262 1273 30 665 907 534 1118 161 1409 1087 60 1208 574 1440 1098 1542 316 429 1536 1971 751 1453 20 1342 1456 1739 1250 713 1888 1685 397 1486 1067 1444 1187 796 844 1904 192 483 1474 879 420 1997 984 1369 1454 1024 185 918 1461 647 1177 443 1817 1346 503 933 1267 1308 
minDistance: 4.8846
cost: 240849
capacity: 199176
time: 55377
maxTime: 60000
LS1: 35935/37220
LS2: 386/1285
LS3: 0/0
shakeIters: 867
shakeLoops: 82
