4.22309:1073 4.41691:1492 4.43937:1834 4.47586:2222 4.48853:2364 4.511:2689 4.5166:2960 4.51778:3094 4.53595:3225 4.57777:3718 4.61604:3900 4.63438:4351 4.63708:4536 4.65072:5563 4.69581:5735 4.70336:6797 4.70947:6902 4.75662:7122 4.77013:7250 4.78201:10392 4.78494:13253 4.79537:14774 4.82053:18260 
179 312 1561 1365 999 1773 1154 1828 357 865 796 304 597 807 292 1761 169 574 338 1646 1926 1092 1912 1700 1888 1221 493 23 773 1954 646 982 1054 1647 1657 708 425 1463 1935 897 145 53 527 1856 243 782 458 189 1107 729 1002 1822 176 1536 1976 712 420 1917 1748 1629 804 529 1127 1560 621 350 1756 252 467 1277 1311 1578 916 601 503 924 771 673 1047 60 1401 1899 38 1739 1017 454 1571 1630 749 1556 1537 1263 1226 85 2 1720 1575 238 1533 778 316 672 1509 439 1446 737 1915 1314 1634 1247 1801 573 1574 500 1506 1053 1662 1680 196 879 421 1740 705 16 499 1799 226 1988 347 1438 1364 1507 429 432 84 888 567 194 63 583 306 122 1997 1652 445 1031 788 1849 1573 214 904 90 1904 991 1975 1897 256 1735 1464 74 1372 520 727 1597 1371 446 964 1466 1529 459 550 1182 1354 1180 641 1971 1282 78 1356 726 534 1300 253 842 1409 817 640 1785 55 284 997 1802 488 1694 59 1228 881 1645 1140 921 695 80 1130 1950 1951 1030 801 907 944 483 1012 204 427 1358 227 497 614 193 1426 1100 124 530 1350 1143 1293 1153 161 1058 1155 1513 713 802 675 1846 456 665 1649 1637 961 1886 198 1562 1267 1273 1544 1858 128 112 1237 1978 30 1080 685 1826 715 1199 1118 969 1688 460 1656 1453 844 216 1490 918 1771 1786 1994 884 1147 309 1342 1177 1117 720 
minDistance: 4.82053
cost: 244202
capacity: 199209
time: 18260
maxTime: 60000
LS1: 32898/34231
LS2: 593/1333
LS3: 0/0
shakeIters: 717
shakeLoops: 68
