4.17126:1078 4.48656:1607 4.48853:1687 4.57509:1902 4.61784:2793 4.63708:3129 4.65072:4940 4.65739:5067 4.66961:5207 4.70149:5277 4.71515:5680 4.74095:6485 4.76144:6647 4.76387:7617 4.77013:14030 4.78201:18218 4.78563:18315 4.7859:19905 4.78603:23358 4.79537:24225 4.80569:38945 4.82221:41101 4.82225:45290 4.8502:46073 4.8581:53421 
680 1528 1610 897 1426 16 2 552 751 161 1344 514 1773 1802 1894 262 713 1878 499 1594 753 1536 1502 675 1264 1237 1561 577 253 1542 1126 1700 1799 1645 961 1080 89 1053 709 663 1333 304 1002 165 778 243 1200 1446 1994 1597 1571 193 445 527 488 429 96 673 172 1011 1577 1835 1127 907 483 1063 1295 1501 443 1106 1748 865 604 421 1904 838 425 520 1267 1190 1828 1699 1822 240 380 1087 726 1917 1926 1413 30 1637 796 916 74 144 1466 1589 1118 325 122 1365 1084 335 1442 486 1896 749 93 406 512 60 459 341 1735 816 639 467 640 1092 729 1739 1147 1238 500 1886 534 1417 1601 1100 168 1409 49 1479 1356 232 723 918 80 1438 519 1151 1440 1372 1652 1140 59 252 773 572 1632 1950 119 1576 1647 1009 573 1242 1226 1266 1788 668 583 1364 1263 1903 1273 556 357 1121 1585 976 203 1856 503 569 176 1975 1971 1928 47 1801 539 1311 1107 1710 1006 124 33 427 1453 1041 1243 12 672 1821 63 1420 715 756 806 963 82 1653 1003 1059 720 1731 1158 1012 1895 798 1474 1040 1130 1624 1221 112 928 982 1464 879 933 1762 1024 480 379 1179 630 85 1488 1562 647 782 1199 635 658 1454 1584 574 292 350 1250 617 1977 684 189 1888 708 198 460 532 695 1764 969 206 1912 800 301 665 493 1205 227 801 875 895 128 1300 1335 1346 1314 
minDistance: 4.8581
cost: 238493
capacity: 199217
time: 53421
maxTime: 60000
LS1: 34331/35610
LS2: 480/1279
LS3: 0/0
shakeIters: 774
shakeLoops: 73
