3.96304:708 4.26094:1371 4.31689:1570 4.46316:2030 4.48202:2190 4.48379:2352 4.50228:2720 4.53595:2921 4.59497:3259 4.59578:3374 4.62144:3582 4.64183:6967 4.70277:7224 4.70336:7456 4.70947:8571 4.71515:11214 4.75959:13014 4.76178:13085 4.76387:13423 4.78403:14198 4.78563:42885 4.78603:43882 4.78705:50439 4.78803:53138 4.79407:55536 4.81809:56519 
193 693 1067 443 227 712 895 192 446 1888 670 1227 1380 1179 675 1316 801 1098 663 1804 17 243 1694 1764 260 1118 1169 532 1271 1964 1680 1667 1117 1084 1822 1356 1994 1106 215 1177 1904 1455 1839 514 1154 100 574 1768 1478 1626 1342 707 1417 1509 1742 877 191 1273 1575 1147 1485 185 390 152 1358 1371 573 73 964 1282 1059 1243 1513 254 1275 1178 325 1306 1264 844 1028 1314 184 357 284 1855 1495 69 55 1041 409 33 128 941 1655 1105 1874 1108 66 78 630 1506 984 907 264 615 1092 306 1645 89 1119 1562 850 1168 1529 1991 1801 427 178 1087 1463 796 853 176 30 84 918 1687 503 437 35 165 196 782 429 916 944 958 1852 1261 1577 1228 1049 590 676 1333 341 1971 1182 1409 1735 5 1012 1369 1304 74 873 1479 684 527 1632 1842 577 1912 292 1187 1391 667 928 665 726 1942 921 882 729 583 1803 1773 287 81 1631 433 1456 1828 1130 1486 179 1412 1216 1895 480 713 47 865 506 1915 122 1609 708 860 1277 672 1208 237 467 16 1541 1350 550 737 1446 354 1703 933 59 397 1095 468 1145 445 203 639 234 636 1561 1453 534 1442 1935 1819 1802 1230 1954 982 720 1158 1586 1440 172 253 1051 1487 901 1308 198 166 1234 155 119 727 1408 751 316 370 1977 420 371 685 161 1140 238 1821 1634 1318 1384 1024 1875 1002 1144 867 1810 
minDistance: 4.81809
cost: 239512
capacity: 199222
time: 56519
maxTime: 60000
LS1: 31843/33173
LS2: 609/1330
LS3: 0/0
shakeIters: 695
shakeLoops: 66
