4.05884:858 4.27529:1278 4.3159:1473 4.36394:1672 4.42916:1987 4.46568:2270 4.47782:2855 4.48202:3863 4.48326:4926 4.61604:6239 4.61784:7199 4.62144:7633 4.69581:7988 4.70149:8179 4.72678:8347 4.7368:9308 4.76178:11165 4.76311:11960 4.78201:13599 4.79407:15417 4.79537:15587 4.80569:16211 4.81809:16316 4.82053:18637 4.82221:20441 4.82225:22156 4.8502:22922 4.86106:23395 4.88767:31126 4.88965:31973 4.91492:41297 
1561 1579 306 921 1369 1200 933 532 304 262 1409 1226 460 1808 1784 1154 449 234 1799 1855 1158 35 1118 1463 1530 89 251 1119 918 665 47 726 664 1417 309 1610 907 683 838 782 215 1534 534 1454 1106 130 1657 865 429 574 1359 198 529 1643 751 483 66 627 1506 984 842 1904 1243 1230 1645 928 1379 468 1311 61 1003 1314 421 1801 1788 653 1012 493 715 1634 1372 1149 203 1952 1745 357 1051 33 1621 1524 189 1575 1886 1698 1977 350 179 1408 860 1894 100 1095 737 1773 1536 1190 1455 1841 264 128 1870 575 443 1057 672 254 480 1649 1264 879 1560 1002 1267 1917 1875 739 702 255 331 160 172 630 119 94 488 777 1731 474 1346 1413 632 194 550 647 1204 541 1756 1199 573 1429 1364 223 1973 1335 397 1556 1456 1361 1466 947 16 1632 626 1333 1915 1147 1023 1565 1088 1358 709 1842 1474 1802 597 1067 1470 1453 917 165 1739 684 1803 55 596 976 316 1593 1926 1380 185 1928 583 954 749 623 941 1121 117 1703 227 1835 1006 869 616 1179 1029 720 1073 800 1084 1143 1126 1576 1247 1647 67 893 1817 137 1861 727 1782 80 30 1187 1585 170 161 1631 1814 651 1678 1130 1954 1092 1024 1444 41 708 1208 877 1273 1320 1221 78 961 176 1350 916 1601 497 1828 963 569 1735 1438 552 1623 1582 1059 60 508 1063 1896 
minDistance: 4.91492
cost: 241558
capacity: 199167
time: 41297
maxTime: 60000
LS1: 34933/36231
LS2: 474/1298
LS3: 0/0
shakeIters: 793
shakeLoops: 75
