4.16742:975 4.24238:1207 4.36394:1512 4.41298:1839 4.457:2224 4.5141:2541 4.61904:3175 4.63074:4110 4.63708:4211 4.65727:6005 4.70178:6165 4.76387:8821 4.78201:8888 4.78705:9141 4.78803:10123 4.79537:10981 4.80846:25747 4.82053:25829 4.82221:30020 4.84798:44058 4.8579:49414 4.8602:50716 4.86903:51081 
1043 224 160 1315 1951 534 1623 782 357 574 238 304 672 1478 1904 30 165 1874 1894 709 122 670 1855 446 1735 1084 1913 1501 1799 1087 615 715 378 1678 272 198 647 1364 941 412 573 331 68 13 863 1808 1182 1534 627 778 1151 693 215 577 488 1686 284 1513 1199 1897 1106 279 1095 1221 47 59 1409 751 1012 1371 1172 1380 433 838 737 1098 325 350 1468 1051 801 1455 1561 1784 1915 442 421 189 1577 1417 1456 1801 773 1486 1493 1306 1168 312 1238 1208 503 137 638 1140 775 1427 1444 641 1147 1178 497 916 1002 254 873 172 237 628 214 60 1187 907 918 508 429 1408 262 1803 928 260 483 1143 316 1177 1935 196 420 1158 1739 727 825 1346 875 946 969 212 112 984 720 240 1502 1314 865 74 1950 1620 665 1821 1030 456 630 513 1391 1782 1687 1057 1530 193 1119 480 1535 341 1828 1372 1952 1788 234 96 379 161 1536 1912 5 266 178 1903 1977 179 1492 933 1080 48 1709 1053 227 123 1467 1463 397 1466 550 1107 844 1442 1649 1731 427 1610 1997 1243 685 1786 1041 1495 468 264 708 1954 1533 1631 1878 1785 1216 904 917 583 1282 1926 963 443 1453 1634 374 1509 499 1645 596 1162 879 569 1446 168 295 1379 961 1790 1802 185 1401 191 1822 684 1369 726 1600 796 174 359 1227 1667 1413 283 953 334 1537 16 1426 
minDistance: 4.86903
cost: 242284
capacity: 199170
time: 51081
maxTime: 60000
LS1: 34151/35461
LS2: 538/1310
LS3: 0/0
shakeIters: 749
shakeLoops: 70
