4.1404:947 4.18312:1305 4.27529:1563 4.3705:1793 4.37768:2020 4.38368:2398 4.41298:2668 4.50284:3012 4.51082:3092 4.5387:3209 4.54534:3338 4.54651:3450 4.55194:3571 4.63162:4745 4.63708:5336 4.65072:5493 4.66552:6440 4.76144:8000 4.76178:10327 4.78144:10947 4.78201:13211 4.78403:16860 4.78603:17851 4.78705:18117 4.81809:19042 4.82053:23455 4.82221:49844 4.82225:54104 
490 1577 80 1904 845 216 532 1384 1801 596 1155 1056 947 683 1154 1342 1466 1446 1084 1975 1126 237 1560 1440 1314 1896 1610 705 1012 879 179 309 1107 1427 834 708 1802 1028 60 1372 996 1704 1221 238 991 844 1208 359 709 251 1002 1526 1735 124 1030 865 534 907 193 1626 1495 371 1145 1149 226 1731 1915 1059 247 161 720 1874 203 931 85 1379 433 695 357 227 1243 1478 1508 982 35 807 1063 1926 796 1304 921 1467 1643 66 630 1464 1190 74 984 1350 429 1468 1761 1620 1473 1267 508 1634 427 192 715 488 16 944 134 1106 306 804 252 1870 1739 1311 1912 1285 1358 432 621 1043 1364 1346 325 961 63 615 1226 1476 1019 1278 1562 100 726 234 264 732 1810 1035 374 928 1914 82 672 1983 1250 196 873 875 1855 1172 244 420 995 1537 1371 316 829 1822 1703 421 1408 958 1423 1271 964 1187 771 1575 483 1786 480 1828 1510 443 1140 1667 788 232 1524 573 527 589 1950 737 1067 916 266 68 1875 604 1561 693 1655 334 500 1205 1429 1454 1119 1490 1118 751 645 1261 614 727 212 1846 84 1380 1977 189 574 335 918 262 1835 59 33 198 169 1403 1453 893 304 1971 963 165 1584 30 1105 1954 381 1179 445 1333 1041 1227 185 350 1717 176 341 1533 119 1530 721 493 1645 1788 1799 1143 569 749 1720 47 722 782 474 1413 
minDistance: 4.82225
cost: 244360
capacity: 199209
time: 54104
maxTime: 60000
LS1: 34944/36276
LS2: 508/1332
LS3: 0/0
shakeIters: 796
shakeLoops: 76
