4.16742:1127 4.29129:1405 4.3142:1639 4.35863:1876 4.3705:2115 4.42853:2967 4.42916:3180 4.49956:3474 4.5315:3549 4.57303:3667 4.57509:3831 4.61604:3984 4.61784:5598 4.63708:9470 4.65072:12883 4.65789:13219 4.66685:13467 4.70149:14039 4.70178:14299 4.70277:14356 4.70868:15887 4.70947:16036 4.72951:16775 4.74718:16960 4.75814:18399 4.75833:18568 4.77013:22330 4.78603:22507 4.78705:23391 4.79407:25779 4.79537:27257 4.79704:29374 4.80846:32201 4.81809:32315 4.82053:50073 
1476 1485 1029 115 672 1870 918 1140 693 1335 921 429 1056 658 1801 189 226 1463 1501 341 1631 1306 1032 99 1856 817 119 569 713 425 1237 1107 117 1350 347 1457 1409 1264 1951 446 1703 710 284 1012 604 1253 673 1262 837 165 534 128 1833 1227 1529 1488 1145 1773 1172 924 574 879 88 1226 795 618 944 306 1634 1105 895 1561 423 1154 140 357 1087 1200 1656 573 468 865 1314 1386 439 1067 1585 756 450 12 164 1799 1342 227 240 1412 406 253 309 1739 1735 358 1605 886 665 251 712 1051 1153 647 1630 84 1737 122 483 503 1126 670 596 1346 1063 1577 1358 683 1610 1544 35 254 645 1247 1655 1263 630 615 219 169 1602 597 1506 1802 1466 1456 193 304 224 242 1829 860 1573 1822 1273 500 577 932 1817 1019 176 1359 1243 708 715 1926 1384 704 1002 941 907 334 749 1988 1119 590 445 1647 74 933 1495 100 737 1098 316 1093 1194 1179 1161 1058 30 1453 1786 49 371 16 897 234 745 214 194 969 420 1416 325 1311 1207 1014 1144 1846 775 1783 1642 467 1250 1277 1678 1143 60 1742 460 1118 491 982 1915 1586 1436 1688 1106 1626 567 243 1575 198 1645 1954 726 991 1438 432 1804 1160 1971 720 1446 1216 33 1623 583 1429 335 1177 520 782 244 63 80 1828 1356 1521 123 1542 264 1874 297 1442 38 
minDistance: 4.82053
cost: 241471
capacity: 199288
time: 50073
maxTime: 60000
LS1: 35021/36281
LS2: 415/1260
LS3: 0/0
shakeIters: 810
shakeLoops: 75
