4.03766:707 4.26986:1267 4.28801:1462 4.37611:1783 4.52972:2070 4.61719:2286 4.62186:3416 4.62284:3675 4.63438:3824 4.63708:3933 4.65411:4484 4.6802:4741 4.6916:4928 4.70868:5747 4.70947:5816 4.72951:6179 4.75814:6460 4.76178:7349 4.77209:8032 4.7859:8718 4.78916:8875 4.79407:9523 4.80846:9610 4.82053:11650 4.82221:27118 4.82225:55347 
1227 550 1143 8 1610 1833 838 1067 1401 226 1105 1863 668 663 1301 737 467 1874 1350 425 513 1113 1702 78 1087 1899 198 904 234 1788 1861 497 865 782 1426 1205 1151 991 1463 454 1997 1439 1040 1649 30 961 483 331 1056 1665 1632 1182 1482 1147 1456 350 574 1356 1187 191 1454 806 867 1409 367 227 1678 1275 941 933 1476 907 1870 1213 1106 152 60 1966 1371 702 804 708 1267 1720 1030 500 192 1080 552 812 1645 963 1601 1003 100 715 918 325 1796 165 1935 897 1486 844 1846 161 1675 727 1571 1561 1786 1667 800 63 456 1585 194 1002 1190 1717 420 684 210 240 1440 879 1446 924 122 491 243 953 1341 916 47 16 427 253 13 853 1698 185 1954 670 397 503 1577 1988 1384 445 1051 247 1264 1623 1828 1582 947 778 1226 534 683 553 233 1107 74 1314 1273 66 480 1149 58 292 1926 1012 1453 646 304 123 573 264 1130 474 1817 488 1703 713 1822 1211 12 1208 1934 1380 1158 1230 1634 468 576 1346 527 357 665 254 1915 1466 1509 1283 1950 1429 1835 251 934 354 1127 672 1474 1506 1288 931 1098 1495 984 1155 829 1221 52 520 371 429 1631 1803 443 726 51 146 1529 1243 196 1028 1773 1333 928 709 1801 193 569 189 256 1686 406 720 1057 1894 459 1119 1413 174 1479 55 1455 1478 460 982 1358 
minDistance: 4.82225
cost: 244545
capacity: 199153
time: 55347
maxTime: 60000
LS1: 36101/37359
LS2: 375/1258
LS3: 0/0
shakeIters: 857
shakeLoops: 81
