4.37611:1404 4.46568:1722 4.49444:1858 4.51046:2240 4.511:3398 4.54534:3859 4.55194:4094 4.63438:4386 4.63708:4455 4.65411:8290 4.65789:8427 4.70149:8649 4.70657:8999 4.70947:9255 4.75814:10936 4.7657:10996 4.7859:11055 4.78705:13963 4.79537:14912 4.79704:14967 4.82053:16391 4.82221:17861 4.84397:17963 4.8579:18026 4.86106:18999 4.88238:30667 4.90231:40573 4.91402:43985 4.91492:47497 4.92617:47565 4.93189:55341 
1561 1058 1207 279 1585 1912 1536 374 49 108 1140 720 782 432 1899 122 1372 68 1311 1528 582 254 1784 185 1346 672 1821 227 1034 80 1364 406 1453 60 236 841 1187 1954 192 503 240 1344 1828 449 223 1894 527 1917 848 1047 1333 708 203 1151 253 1966 1655 1773 1003 1742 1179 1081 1358 1874 459 1002 1429 1041 1154 1350 715 1006 1304 1576 756 1273 1004 1739 155 947 1063 729 334 1672 1738 1415 488 732 529 264 709 30 918 1067 418 1119 1205 1761 1461 1610 726 1645 169 1933 47 165 583 215 425 1303 702 1481 933 1799 1649 1226 684 1143 1575 297 572 443 1997 1650 1351 1190 189 1978 984 1658 1084 844 1024 1703 74 1012 350 1642 1463 161 1623 1378 331 1080 963 119 1455 31 1092 1552 1454 1301 292 934 166 243 550 1413 641 532 234 1825 552 69 1861 1401 1886 1508 976 627 1384 429 242 916 128 1291 1972 858 160 806 1275 12 191 907 1446 665 1678 358 865 500 1107 456 1118 193 13 431 1366 1194 1801 196 801 1506 1560 247 1121 284 1106 1502 252 117 917 1529 829 1250 357 397 1577 427 1267 1634 1160 723 991 771 499 1582 1667 1098 1950 1833 474 262 1915 1802 821 1501 1172 1735 897 439 569 842 534 1745 1380 421 669 647 176 749 573 16 1600 304 1314 838 1199 1442 
minDistance: 4.93189
cost: 245606
capacity: 199189
time: 55341
maxTime: 60000
LS1: 35049/36376
LS2: 433/1327
LS3: 0/0
shakeIters: 863
shakeLoops: 82
