3.84278:520 4.38368:1821 4.48853:2092 4.49202:2196 4.51046:2332 4.51082:2425 4.51778:2580 4.54363:3049 4.57509:4042 4.63708:4202 4.64041:4786 4.65727:4853 4.70178:5072 4.70947:5187 4.74741:5623 4.75959:6427 4.76387:7190 4.77013:27604 4.79407:45669 4.80846:45766 4.81748:52389 4.81809:52439 
1828 1040 449 1703 1463 411 630 901 1130 1243 421 1656 863 119 1314 480 437 41 1429 527 928 371 1649 529 283 228 958 198 284 935 1190 227 1810 1409 1966 1597 100 1822 1561 425 933 1427 1183 1764 122 1442 81 123 798 534 1509 1273 621 1359 1267 185 1479 713 897 1932 964 1708 1221 1875 749 33 1277 1878 614 1954 947 1817 1915 1379 1731 78 1502 1720 709 596 1605 991 552 196 1835 1118 1646 1002 12 66 702 1346 963 1098 1329 1562 1799 1473 497 906 500 845 179 1533 508 1735 1537 984 982 1536 1106 1951 698 1495 264 304 292 683 1384 1446 1977 1917 341 357 1030 1804 1801 1972 782 1582 1304 30 1391 751 215 1614 1401 1199 1886 1179 1814 574 1647 392 771 616 1904 1586 1560 575 1119 1414 176 128 1342 842 166 1745 742 860 800 1631 161 234 1666 192 1182 684 129 1364 1594 1453 55 325 726 1575 367 737 1839 1667 1601 1097 1456 1439 1067 1226 1803 672 1090 916 1903 934 74 354 1983 429 627 707 1515 1333 1080 94 1073 1863 1680 801 1888 583 1302 1084 1151 1230 1786 254 1829 96 331 1009 1896 1330 193 1530 426 408 577 1985 685 551 262 252 1365 483 1095 165 503 1413 1630 520 80 889 233 708 244 460 506 1912 1255 907 420 397 715 1922 1620 13 865 918 961 573 1140 1059 879 727 
minDistance: 4.81809
cost: 244232
capacity: 199171
time: 52439
maxTime: 60000
LS1: 36549/37871
LS2: 417/1322
LS3: 0/0
shakeIters: 883
shakeLoops: 85
