3.77934:377 4.11618:1004 4.16742:1148 4.25349:1578 4.45059:2270 4.48202:2378 4.5364:2885 4.5387:2965 4.62284:3225 4.63438:3704 4.65072:4895 4.65789:11174 4.66578:11254 4.70336:11747 4.70522:12207 4.70929:12351 4.75688:12658 4.75959:12977 4.76311:13164 4.77013:13573 4.78201:13763 4.7859:21076 4.78705:23964 4.79407:28092 4.81748:28763 4.81809:31610 4.82053:32473 4.82221:42809 4.83187:42871 4.84838:53276 4.8581:58006 4.88238:58704 4.88965:59474 
350 173 707 432 708 1002 732 1408 788 529 1529 1943 35 929 460 270 1463 357 947 715 1912 1200 1656 178 1808 756 421 1328 1172 573 1902 642 918 1593 1588 1187 713 1623 722 921 1585 796 963 420 879 709 1801 527 519 1576 1359 1828 739 437 1413 1063 1059 1346 1597 1417 66 1888 1649 284 824 1799 1866 192 260 1183 1118 1456 1247 907 1614 427 1058 262 1446 1427 1513 1561 397 480 172 877 331 1620 672 1416 108 1562 684 737 1205 435 1181 254 1634 1092 917 1106 776 1140 1598 1788 1180 488 767 1121 160 1050 1084 753 1495 74 1954 340 1028 165 726 604 1168 647 954 96 928 1221 1041 503 1735 508 1533 234 1317 577 941 1667 1502 1839 1320 1678 1784 1199 1536 1579 1575 161 782 520 1271 111 1951 1835 1507 47 100 1264 1067 844 514 1333 1896 1703 97 801 1178 574 1267 189 933 1577 1509 203 1647 1544 1278 842 292 1802 795 306 720 1081 838 1929 534 429 984 1073 532 550 1861 800 334 1409 1894 166 1243 1537 1311 227 589 663 1151 280 30 1926 1314 641 1453 222 1275 1273 243 1263 1043 961 1420 1179 155 1350 1051 446 651 1238 60 20 1372 583 1405 443 916 1003 80 483 1458 1842 1875 705 1364 33 1822 1739 449 1330 1098 196 920 616 1904 1250 875 1012 639 176 749 702 253 1821 1384 653 1626 459 665 
minDistance: 4.88965
cost: 240323
capacity: 199170
time: 59474
maxTime: 60000
LS1: 34614/35957
LS2: 528/1343
LS3: 0/0
shakeIters: 782
shakeLoops: 72
