4.42853:1980 4.51046:2461 4.52194:4358 4.55209:4574 4.61613:5152 4.61784:5331 4.63438:5599 4.63697:6052 4.70336:6224 4.70868:6360 4.73376:6507 4.75622:6634 4.75814:7669 4.76178:7980 4.76311:8803 4.77336:13757 4.78144:16667 4.78201:17230 4.78552:18646 4.78803:18711 4.78916:21807 4.79407:21886 4.79537:21965 4.82053:24910 4.82221:28912 4.82425:29029 4.826:53703 4.84878:53942 
1698 1513 1002 1647 279 140 737 841 161 1238 198 1478 944 1801 1162 128 568 541 739 1585 1098 1334 1187 1354 397 1708 1455 443 1024 12 782 665 574 1243 1560 134 1205 1634 933 78 1442 563 504 1735 1051 1154 596 1479 122 406 137 751 976 1561 251 1172 1902 488 283 921 1240 1444 74 506 431 1695 203 838 1799 13 622 1273 1119 304 1151 1764 1440 928 729 567 1143 865 1656 1213 1624 357 726 573 1267 380 292 1419 873 1822 123 446 1655 749 555 1977 891 647 8 709 1412 1623 1136 792 1255 1536 179 816 1456 429 359 1950 33 1073 227 1195 480 1446 1056 1933 1059 1785 297 550 672 266 991 30 777 1476 433 1386 520 687 1379 1437 350 1495 1971 316 341 1314 720 1863 1006 432 66 636 553 1552 1029 1928 1380 984 1364 1012 189 1773 1199 1429 1346 168 646 192 500 947 1894 1529 47 1784 828 969 1149 16 863 1575 212 420 1179 1474 1391 1265 1649 670 194 119 1311 693 425 1834 615 1680 1087 1870 94 254 1912 173 509 1645 354 1250 534 460 358 371 80 468 1320 185 1562 1667 1745 1626 1703 160 1409 1833 55 1177 1581 1153 916 1985 1817 931 1632 38 1277 1335 627 941 187 1828 503 773 572 146 1466 401 1874 708 658 645 234 918 1106 630 532 1084 1512 117 1306 1453 1954 1915 280 1350 917 1118 378 1463 
minDistance: 4.84878
cost: 239966
capacity: 199412
time: 53942
maxTime: 60000
LS1: 33744/35052
LS2: 498/1308
LS3: 0/0
shakeIters: 782
shakeLoops: 74
