4.26986:1165 4.41691:1724 4.46141:2357 4.519:2608 4.52975:2747 4.57777:3146 4.60363:3286 4.61584:4306 4.64733:4495 4.6798:6364 4.69581:14369 4.70149:14434 4.73143:15303 4.73376:16117 4.7368:17044 4.75391:19648 4.75814:19704 4.76311:19763 4.78201:19979 4.78705:20638 4.79537:23664 4.79704:26022 4.81809:26746 4.82053:28049 4.82221:31186 4.82225:42309 4.82889:45747 4.84289:53005 
844 1646 1303 1372 1221 480 1833 709 801 1063 60 737 325 727 219 500 1943 1178 1479 869 1598 601 1678 1429 553 173 1051 684 1966 907 1426 1954 1971 1067 1371 1558 963 1610 1933 1801 49 89 982 1127 66 341 1951 1187 1121 1647 1380 209 59 1073 1975 1264 119 1084 1356 726 838 161 262 782 712 198 488 1216 1314 996 1506 367 825 1311 431 1476 1098 16 95 630 941 80 1455 842 176 1466 1544 420 1002 1623 253 493 583 1950 1492 879 1687 1160 616 242 715 806 339 1650 702 1446 556 1799 672 534 604 569 708 552 1417 251 1783 916 1786 1350 193 1143 1238 1300 96 1003 342 491 460 165 1364 1846 204 1813 88 1158 1631 1649 574 421 206 306 1072 1030 1672 1914 750 445 458 665 357 1716 527 1529 1438 1773 233 1996 1463 474 1086 74 1739 1686 1717 1835 1656 1626 1140 756 1333 1408 1630 446 753 1179 1087 713 1442 1012 33 78 775 528 1107 793 1118 984 807 243 172 1571 1720 1474 1409 1926 459 112 961 30 84 1226 427 396 1822 397 123 1273 1450 683 1243 1342 1453 529 358 1205 304 1456 776 1771 1645 960 350 508 503 1401 1756 614 1034 1207 680 933 804 1106 1735 918 196 1416 1875 379 1194 1814 1561 550 292 411 1952 1748 847 1359 254 1151 976 223 378 189 125 924 1199 38 12 693 1250 128 
minDistance: 4.84289
cost: 240440
capacity: 199155
time: 53005
maxTime: 60000
LS1: 36397/37676
LS2: 399/1279
LS3: 0/0
shakeIters: 852
shakeLoops: 80
