4.25349:1105 4.3678:1587 4.38368:1726 4.46214:1986 4.48326:2392 4.48875:2580 4.511:5946 4.57303:7251 4.57509:7707 4.57777:8065 4.61413:8210 4.6312:8347 4.63708:8526 4.64041:9662 4.64394:10047 4.65727:10170 4.65739:10250 4.66685:10674 4.67377:11598 4.70149:13969 4.70292:14050 4.73143:14440 4.74095:14878 4.75814:15402 4.76907:15551 4.78201:15629 4.78403:17248 4.78603:19886 4.78705:20726 4.79537:24555 4.80846:32907 4.82053:33778 4.82425:40194 4.8502:47199 
782 1466 503 233 1414 117 1446 1226 1894 379 575 176 1372 33 924 1167 1058 916 306 85 148 1250 583 1003 1586 1878 1478 1335 1739 1788 325 30 1230 615 1407 1458 777 1090 1444 933 1119 1529 196 687 1698 1095 1122 712 1479 1598 1221 860 420 276 1917 1177 1200 1208 161 1645 621 1364 1926 1540 1151 550 165 1802 1021 918 198 1735 596 1346 1303 429 665 723 1891 1002 1330 255 1933 1063 1667 672 1842 251 1632 800 729 1059 1886 709 1140 1875 816 1649 342 1121 1041 869 1073 574 928 1488 1556 1190 425 636 1904 753 421 189 907 647 1646 1784 1701 374 124 1726 53 1596 160 684 16 1409 304 726 1799 1536 528 1329 1379 443 1012 947 2 1631 227 168 316 1594 341 1267 432 1295 1582 1562 1022 1053 12 480 284 1227 508 877 1624 627 1172 204 119 1113 1273 97 192 100 1702 1745 59 297 215 357 1874 1199 437 1118 1264 1394 1773 1243 212 140 491 630 969 917 668 1950 66 1954 961 1822 206 123 1359 1810 1454 715 280 292 1902 967 1492 1576 458 1087 1333 720 80 737 708 1932 834 1700 1098 1751 137 991 1463 1248 1707 1314 427 1453 1521 1928 1023 1795 775 252 1304 693 1474 179 1816 331 749 801 264 47 500 397 873 1311 520 68 1901 128 685 254 641 1084 1841 1695 203 1524 41 534 488 1968 185 1749 1896 166 1028 573 1143 
minDistance: 4.8502
cost: 240731
capacity: 199186
time: 47199
maxTime: 60000
LS1: 33927/35223
LS2: 497/1296
LS3: 0/0
shakeIters: 765
shakeLoops: 70
