4.29129:1329 4.46666:1989 4.47782:2097 4.48379:2246 4.49046:2399 4.57777:2584 4.60199:3501 4.60783:3656 4.61719:3965 4.63697:4122 4.65072:4295 4.65727:4610 4.65789:4710 4.66552:4783 4.66578:10912 4.70277:10992 4.70657:11270 4.70868:11484 4.70947:11826 4.7103:11915 4.76311:12123 4.77336:12888 4.78603:17772 4.79407:18631 4.80629:20761 4.82053:27310 4.82221:31777 4.826:35058 4.84798:40209 4.8508:44991 4.8602:48076 4.86106:54191 4.88238:54260 4.88696:54493 
185 425 432 1267 1821 1438 1063 366 1095 707 877 1453 80 212 240 1626 1634 128 1703 1954 1106 119 1250 1861 961 74 1041 1686 813 359 530 969 1207 881 1913 304 1506 573 1708 749 715 23 429 460 1788 1739 203 1199 129 917 796 244 787 630 834 172 1247 433 1140 1179 1116 1416 705 996 1799 828 13 663 737 1314 1221 1330 1100 1346 641 1119 1391 55 33 1051 12 1429 532 237 1012 16 1190 1597 1784 672 493 1645 1902 1554 1896 640 66 1971 236 1151 1384 773 645 1056 1417 215 298 1228 632 812 1655 96 1600 1118 527 234 1745 897 863 553 1526 488 427 166 137 933 1786 8 627 901 1943 1502 1243 254 995 1371 1067 634 30 1143 1700 500 916 1894 511 1130 379 148 1233 191 1466 1801 1307 1582 1442 253 1994 1126 597 161 1529 1059 1204 568 370 1817 1335 1282 42 47 1409 534 842 406 243 1561 421 727 529 1463 1977 720 651 778 1904 1710 947 1009 1311 122 1021 1002 1372 1084 1773 449 999 350 1208 1261 1647 841 1275 1562 238 729 1507 1742 1412 1446 316 782 1488 130 192 1350 503 1723 1912 1437 420 865 723 928 519 1365 1415 686 389 443 483 574 1098 2 952 976 907 1003 187 1273 1585 1835 1985 206 1333 1461 292 1092 397 264 708 1305 1093 665 179 520 614 709 1230 1644 85 702 1080 357 1915 227 1149 198 552 508 1822 1413 
minDistance: 4.88696
cost: 243309
capacity: 199161
time: 54493
maxTime: 60000
LS1: 34104/35371
LS2: 499/1267
LS3: 0/0
shakeIters: 734
shakeLoops: 69
