4.23731:1241 4.26986:1430 4.31689:2932 4.40913:3296 4.41871:3516 4.46568:3735 4.48288:3898 4.48853:4054 4.51046:4260 4.51778:4396 4.55113:4498 4.58001:4635 4.60925:4832 4.61784:4918 4.65072:5629 4.70178:5733 4.75814:5911 4.76387:6017 4.78201:6896 4.78603:6970 4.79537:11883 4.79704:14481 4.80846:25660 4.82053:27054 4.82221:30540 4.82225:33456 4.84798:34231 
1282 1230 1533 684 1438 1107 1888 161 224 933 1318 425 556 1561 1895 176 172 1448 1600 38 614 493 215 264 1346 630 78 33 1453 214 1145 1822 1273 626 42 304 359 446 445 693 828 390 1952 1456 1314 198 1804 1140 1024 1656 727 529 1886 443 397 47 1874 1375 528 165 801 60 1735 1092 30 712 1458 1160 1087 1915 1643 292 1012 1182 916 212 1814 1690 13 597 1059 1380 1226 829 244 837 1100 243 1335 982 984 421 1095 534 720 80 35 1364 1118 1476 252 325 1799 897 1205 84 708 1372 1333 1479 96 1417 1562 658 1912 1542 1158 497 1243 672 1739 1091 206 1897 1678 347 160 69 1084 112 1463 590 918 1199 1764 1342 1756 646 1155 1773 357 737 1720 1067 254 1534 1081 253 1537 1801 1506 1935 777 1891 350 1488 439 1810 1267 5 406 1088 963 573 474 247 999 1647 1783 1594 879 1147 117 1728 331 596 1051 1566 1311 958 704 551 1596 709 1649 128 1119 1903 778 122 312 520 1003 119 1645 552 100 209 1002 16 74 191 1439 1419 583 1063 155 1623 800 189 66 240 1706 665 1030 969 464 726 1574 539 1529 420 418 1143 817 392 1446 1144 1409 1560 1097 1213 924 793 1975 574 309 379 782 415 1917 1455 756 1302 715 1585 628 262 1106 983 467 55 1902 316 952 1413 1098 1688 227 907 1933 749 341 266 460 284 429 108 1264 449 1179 
minDistance: 4.84798
cost: 244293
capacity: 199379
time: 34231
maxTime: 60000
LS1: 34014/35263
LS2: 415/1249
LS3: 0/0
shakeIters: 807
shakeLoops: 79
