3.96998:690 4.03766:871 4.14228:1265 4.22309:1604 4.26986:1764 4.46568:2160 4.48379:2339 4.49696:2491 4.51082:2597 4.57303:3037 4.62144:3191 4.6238:3329 4.65072:3826 4.65739:3898 4.66552:3959 4.69012:4027 4.70336:4279 4.70947:4340 4.74246:7068 4.75688:7125 4.77013:9605 4.78201:11244 4.78603:11325 4.79537:16212 4.82053:17541 4.82221:19673 4.826:31030 4.82891:38077 4.8579:38223 4.86106:39054 4.8802:53952 4.88238:54098 
1703 1067 1817 80 647 359 1264 459 421 123 615 1107 720 1182 1904 1975 1717 1154 1828 194 1095 1478 460 1529 1889 1444 1350 1358 1098 1954 1554 16 1227 817 85 1086 1509 684 869 427 53 262 1791 28 1413 1024 641 1822 1667 1317 1917 1230 708 782 493 1675 1179 1912 1476 161 534 227 1788 292 1749 574 1369 1199 1978 253 1143 1863 325 1426 1106 1915 1537 806 33 1155 283 765 982 773 702 55 74 1009 1409 569 1401 1087 958 84 483 1810 933 1015 1427 143 367 1466 5 1084 601 1575 1577 1888 934 371 1243 1162 1517 443 665 991 953 1429 1634 1151 1977 1610 1585 503 1806 573 1073 1273 260 233 179 1802 1614 1896 193 1140 1926 1790 429 198 604 1364 1158 804 1384 1544 254 1012 715 189 1314 1456 947 963 1380 1710 13 185 1479 497 554 844 1616 941 1405 390 480 921 778 1307 1666 672 1562 178 1579 1226 1561 251 961 680 1147 1706 119 1177 1513 1051 801 1001 1306 58 1446 264 984 1233 1799 1535 1495 1895 128 1533 1342 304 1277 397 446 727 1213 1333 347 1267 1002 488 60 357 1855 775 1620 212 192 270 1875 709 166 100 1172 1004 468 1346 1028 1801 1059 256 1372 556 238 1649 1221 1463 1473 1631 1886 316 165 1453 95 1119 47 928 628 1623 916 1003 1371 583 66 350 12 1412 234 1702 751 1687 148 630 1131 
minDistance: 4.88238
cost: 238351
capacity: 199168
time: 54098
maxTime: 60000
LS1: 35630/36899
LS2: 434/1269
LS3: 0/0
shakeIters: 803
shakeLoops: 76
