4.41871:1488 4.46561:1652 4.46568:1933 4.51046:2692 4.5315:4099 4.6312:4530 4.63438:4593 4.63697:5189 4.63708:6060 4.66552:6964 4.66578:7393 4.66685:7575 4.67377:7757 4.70292:7963 4.72668:10948 4.72792:11130 4.74718:12666 4.75814:16640 4.75959:16699 4.77013:16809 4.78144:17650 4.78201:21352 4.78639:24777 4.79407:25691 4.79537:25745 4.80569:27739 4.81809:27854 4.82053:31265 
1032 782 715 817 1012 1118 10 1384 306 1006 1554 1207 253 1886 1040 567 1107 270 1835 1935 492 480 1063 1988 663 1253 1043 1412 1717 478 28 1950 1314 1997 1365 1562 446 668 1493 991 596 1573 1478 626 773 1801 488 119 1429 1311 1687 1444 1786 1227 708 1179 1742 944 304 425 1788 30 128 1849 1556 1616 347 1817 309 1513 519 553 1143 1955 685 1828 165 350 1273 189 534 1305 1630 1767 684 134 917 1878 1894 1409 665 427 1695 771 1354 429 879 185 1426 1600 568 474 869 1904 1117 179 38 574 528 1130 844 1521 60 1014 1277 1427 1251 1903 1243 1453 78 503 1899 371 74 712 222 1346 1019 1247 1865 1264 734 421 1841 865 1822 1364 66 1917 729 727 169 1594 243 1856 450 723 1051 1675 1529 112 1912 1706 1009 1784 35 1317 1144 1293 1166 137 895 1703 176 437 933 1226 63 1140 834 1637 367 1131 928 897 520 1952 254 1463 499 800 1105 1221 234 1966 1585 1067 1653 1300 456 1536 1954 1700 99 778 96 143 573 1250 686 233 80 1097 198 357 1195 1446 647 1620 875 1561 934 201 1645 653 389 1821 680 449 1926 1303 941 1678 1808 1816 907 467 1631 1652 889 16 636 1216 1092 406 924 1667 8 265 85 1975 1002 853 1401 1495 1634 460 1656 867 1814 1106 1041 297 702 675 1200 325 1933 193 354 1413 1915 227 670 1764 5 1507 
minDistance: 4.82053
cost: 241495
capacity: 199245
time: 31265
maxTime: 60000
LS1: 35093/36393
LS2: 487/1300
LS3: 0/0
shakeIters: 785
shakeLoops: 73
