4.36727:1346 4.36754:1478 4.41298:1614 4.41871:1684 4.46568:1921 4.51046:2250 4.5141:4502 4.54651:4650 4.61413:5085 4.61728:5153 4.62186:5537 4.63697:6655 4.63708:6878 4.63962:7018 4.65739:7652 4.66552:7716 4.66685:9107 4.70292:13608 4.70947:14551 4.73675:14897 4.74151:16451 4.75814:16652 4.78803:18592 4.79407:25329 4.79537:33297 4.81748:43299 4.82053:44609 
1012 529 1687 1151 1463 1348 1342 918 1492 672 1801 1743 1106 778 508 1084 1828 1277 773 78 49 699 1273 1087 16 1814 1162 615 192 1266 60 1593 1735 938 1330 1688 646 665 1552 1516 85 1438 1645 782 573 933 991 1393 2 842 953 1019 1815 129 1391 1561 1954 1179 1051 556 917 100 651 801 532 1100 74 1630 433 1002 1846 1792 253 350 940 207 1303 944 527 873 916 341 1915 374 1107 1695 1147 572 865 488 1764 1486 528 550 1234 552 401 1456 1118 161 12 1834 1207 166 155 1283 1427 357 1738 667 1585 1314 1024 1912 947 1620 254 708 712 128 636 1178 517 869 119 1143 243 1177 640 1409 1093 165 1488 28 143 695 123 720 1358 1226 1372 1833 1448 1536 198 793 1442 1331 1933 370 30 555 976 520 173 1412 702 684 1056 828 497 1703 1293 493 193 1384 641 1582 1105 500 1371 306 425 38 1453 1243 68 1329 1643 1634 1560 1626 1573 295 1700 1429 114 1507 999 1247 1678 1386 1474 1495 1901 800 227 84 429 577 284 1649 1822 1642 1190 1154 179 1119 1529 941 1034 1230 478 435 389 1708 1264 421 176 345 1802 1350 954 1059 792 371 907 1799 1221 234 364 1863 1182 1131 1842 709 1333 1597 920 534 445 1502 427 1935 583 367 1426 1943 1067 1562 146 1081 1160 858 924 1784 33 539 1601 713 1446 1335 1267 416 617 1029 
minDistance: 4.82053
cost: 243542
capacity: 199201
time: 44609
maxTime: 60000
LS1: 35594/36921
LS2: 487/1327
LS3: 0/0
shakeIters: 813
shakeLoops: 77
