4.03422:687 4.11618:829 4.29129:1359 4.35375:1528 4.38368:1691 4.48202:2140 4.5141:3063 4.55194:3224 4.57534:3409 4.57777:3476 4.58474:3591 4.59172:3656 4.61604:4121 4.61784:4319 4.65411:5240 4.66552:9334 4.67377:9448 4.73143:9659 4.75391:10393 4.78563:11422 4.7859:12923 4.78705:19796 4.79537:19886 4.82053:25575 
1271 189 1466 128 1975 1227 1904 1247 982 1333 1179 569 1888 1429 1614 1971 1130 371 1474 125 459 573 1293 1856 715 905 1314 123 284 686 1084 1954 532 1107 1542 834 1306 1822 528 1219 100 443 1810 1463 456 185 1369 583 85 683 169 122 111 350 1051 849 1208 421 934 627 1738 1700 10 1177 1106 172 684 798 12 720 1915 1799 590 1886 755 1624 1708 1875 1933 374 708 940 78 1012 1631 47 1680 354 1221 429 292 1118 916 963 726 1346 16 702 672 1529 907 751 727 1182 1067 1842 1028 1024 1739 35 227 1409 478 251 912 1277 1642 895 1978 1828 55 1694 60 192 589 1594 535 1593 1802 1412 771 879 844 1058 282 1917 165 1105 1002 474 1646 1819 497 519 782 1801 1347 1894 1456 1119 68 89 1874 121 1371 1990 1821 863 503 357 1632 1270 1029 918 873 1560 1308 212 80 367 1311 1544 1003 340 676 1304 193 234 176 27 1552 306 841 1899 1243 1997 196 1600 709 1983 1226 66 801 1253 1063 922 712 1903 1878 1687 1391 37 550 1577 806 1205 1950 74 1678 933 865 1768 1446 1745 304 759 238 1562 1977 1492 1556 1095 1153 1601 254 15 574 253 1301 1817 976 1143 1417 1805 1928 1495 262 370 252 1703 1912 427 30 1273 520 450 1413 1667 137 1561 622 297 179 408 1427 800 1442 420 119 160 1610 166 527 243 446 1748 325 1032 615 
minDistance: 4.82053
cost: 245274
capacity: 199286
time: 25575
maxTime: 60000
LS1: 35311/36725
LS2: 596/1414
LS3: 0/0
shakeIters: 794
shakeLoops: 74
