4.26094:1320 4.41298:1856 4.42916:2114 4.42926:2199 4.48379:2416 4.49956:2731 4.5315:3957 4.57777:4028 4.61613:5507 4.62284:5639 4.63371:6980 4.63708:7334 4.63962:8211 4.65411:8463 4.65618:8747 4.65739:8857 4.69581:9074 4.70336:9136 4.70657:9304 4.74741:9945 4.76311:10068 4.78603:15328 4.79889:27910 4.80846:29467 4.82053:29749 4.82221:33026 4.8502:37577 4.8508:38230 4.8579:44667 4.86106:44782 4.87532:44920 4.90231:53159 4.91492:55456 4.92498:59914 
1631 1365 1517 1687 1575 1926 66 707 1862 1376 596 1017 350 693 888 726 1509 1121 1463 1455 1178 1119 1380 108 917 865 616 527 1990 1098 35 1828 991 1954 1002 1427 1320 1529 503 1172 1221 30 961 1364 1409 435 1446 1913 1056 1799 727 493 1359 941 1273 897 161 122 520 443 1454 1703 1084 841 1571 1904 1190 1915 1822 729 665 1536 801 1620 1092 1810 1207 705 1041 1106 1585 234 751 1283 428 1127 969 1405 977 1199 684 378 1495 800 739 442 238 1350 1442 984 140 1028 667 80 804 67 389 668 641 254 16 1385 1397 488 1626 1502 583 582 1012 1466 1267 1835 1140 534 1649 1581 513 185 1808 1179 1453 1565 357 916 335 1784 282 179 995 119 1685 480 1582 1295 1117 1087 1894 1059 782 429 309 923 1878 12 316 1720 1063 1208 1801 1738 1928 529 1739 189 406 1429 420 1899 1645 573 383 976 1802 292 264 550 1226 240 1356 1264 1311 1401 1247 137 1943 1896 253 720 1667 1735 454 1372 1058 842 1623 663 530 358 1889 708 397 374 532 1474 1456 1829 574 702 74 844 552 1346 270 1817 427 166 1095 203 1314 1786 1764 1200 1003 1971 1143 933 1371 1194 227 432 1788 68 1210 963 1213 928 1043 1367 1333 1507 1561 425 918 284 1187 1709 192 1051 483 1790 715 1485 1107 630 243 334 500 1634 672 1153 47 
minDistance: 4.92498
cost: 245214
capacity: 199208
time: 59914
maxTime: 60000
LS1: 36122/37421
LS2: 439/1299
LS3: 0/0
shakeIters: 826
shakeLoops: 76
