4.18312:1173 4.36368:1651 4.38368:1855 4.42853:2068 4.46153:2257 4.48326:2413 4.48379:2566 4.5315:3525 4.54651:3708 4.57303:3842 4.61604:4154 4.61784:4280 4.63438:5395 4.63708:5529 4.64247:6079 4.65727:6425 4.66578:7635 4.66685:8511 4.69212:12533 4.70947:12805 4.72678:13033 4.74095:13237 4.75622:14221 4.75662:14510 4.75688:14764 4.75814:15356 4.76311:15415 4.76907:17488 4.77013:19058 4.78201:19121 4.78603:19919 4.78639:20012 4.79537:20770 4.80272:21555 4.82053:22273 4.82221:35975 4.82225:38032 4.82425:40327 4.826:40388 4.84798:47608 4.84878:55235 4.86903:55324 
1585 282 1043 844 1975 1535 170 1414 1874 756 1515 5 1121 1631 1309 1119 1361 429 1703 1154 1199 1056 1413 1479 1012 1385 350 1084 300 801 1509 483 1145 276 154 737 916 729 953 961 1904 69 934 1003 1216 1710 1314 1632 1856 1143 834 174 527 1346 1801 226 1369 713 1698 1822 1596 1928 374 1507 20 1394 520 325 596 1828 867 573 751 828 480 434 499 1194 445 529 331 1626 234 1211 1106 687 191 1456 1767 450 590 1896 630 185 124 875 645 534 1735 178 1463 873 423 1764 1221 1935 1238 1977 1784 1978 1408 863 1594 1577 264 1024 176 1634 196 33 1620 1442 254 1356 788 727 306 68 1835 1278 615 1158 1273 907 1598 384 1756 488 1751 976 1643 1875 160 1180 715 933 35 1067 194 535 367 1108 206 443 1502 1560 1429 720 47 390 563 1529 252 665 133 292 1164 137 1720 233 1142 1409 1342 508 1667 1561 1788 1002 193 1446 928 166 1041 284 1040 115 1821 1359 641 427 392 583 1954 726 1095 165 1358 1580 1243 1478 984 491 1028 1004 1118 1645 304 1320 357 1687 550 340 889 446 708 739 1803 1473 574 227 1059 672 685 1172 1474 963 1328 1333 1513 243 1950 1739 1187 782 1623 1966 918 192 253 853 616 1842 1417 1364 80 1889 66 30 189 771 128 709 1401 260 995 1968 490 262 172 1107 917 635 
minDistance: 4.86903
cost: 239086
capacity: 199354
time: 55324
maxTime: 60000
LS1: 36680/37985
LS2: 488/1305
LS3: 0/0
shakeIters: 775
shakeLoops: 69
