4.04852:770 4.16742:1185 4.38144:2032 4.38368:2245 4.42916:2544 4.44781:2716 4.4762:3274 4.49696:3653 4.5315:5219 4.58001:5378 4.59314:5507 4.63708:6292 4.70149:6742 4.70947:7759 4.74246:7897 4.75814:8073 4.76178:8133 4.78201:8192 4.78331:8252 4.7859:9667 4.78803:10903 4.78906:12849 4.79407:15516 4.79537:15628 4.79704:16685 4.82053:18851 4.82221:26124 4.82225:33764 4.8579:35754 4.85953:38524 4.86903:41032 4.8846:45822 
367 488 1267 1390 446 161 1350 1932 254 176 1328 1544 918 1783 1773 1565 1106 1833 1450 1369 5 1247 1476 1647 1935 1180 940 1822 397 963 982 1529 166 1002 1178 642 788 1649 750 1446 869 30 193 539 1466 1091 1143 443 420 1412 1951 1667 1977 760 1226 1118 1314 782 1814 1560 66 445 941 1417 429 720 1575 1012 284 1645 1702 47 1333 1003 253 88 1413 854 1183 1408 1429 460 497 508 1187 853 1835 251 771 828 165 1453 1978 879 350 1273 1756 1561 1409 1926 1208 938 1678 574 1200 421 238 172 1063 772 1954 1371 61 527 1821 583 727 551 1904 999 1632 84 111 138 35 1282 454 867 1182 1492 1623 726 1912 1164 933 1810 22 435 921 60 1585 821 737 1098 873 227 1742 1041 234 928 753 1335 776 749 1626 1643 100 449 844 1933 1199 427 756 1456 1293 1735 709 1291 1839 114 1330 1100 137 357 529 947 1975 74 1463 684 672 173 1264 123 480 665 306 1817 1107 693 243 1221 33 1158 244 1552 20 1024 1145 78 916 1283 751 882 1358 146 1230 233 1151 185 534 212 773 958 1801 920 1971 1084 1179 616 1655 1506 292 1154 192 1457 370 1739 260 596 1870 1478 1059 1562 708 169 577 597 1051 32 1017 1593 1097 1788 715 1056 1043 1364 984 178 1277 1597 1842 1486 1875 860 128 1703 1121 969 1536 1342 556 1672 1372 
minDistance: 4.8846
cost: 240524
capacity: 199194
time: 45822
maxTime: 60000
LS1: 33884/35185
LS2: 457/1301
LS3: 0/0
shakeIters: 812
shakeLoops: 78
