4.168:966 4.21195:1267 4.26335:1543 4.26919:1742 4.51046:2188 4.55194:2386 4.57509:2561 4.60363:2703 4.61413:3412 4.63962:3955 4.65789:4050 4.70277:4433 4.70868:6839 4.70947:10000 4.75814:18007 4.77013:23086 4.78403:23228 4.78603:23366 4.78906:24222 4.79407:24353 4.79537:26708 4.82053:26767 4.82221:35778 4.84185:36495 4.84878:39570 4.8579:39627 4.8602:39898 4.8802:40734 4.8846:44397 4.91155:45080 4.91402:54827 
1182 1463 1172 397 782 433 254 500 1710 1145 928 491 284 1194 749 244 860 32 1533 1978 1453 778 1875 425 1151 227 1886 1380 1596 488 737 354 1478 1153 1554 357 316 148 493 949 1954 1917 933 1187 16 1656 1509 726 1305 1922 844 1311 292 574 1450 1346 1446 863 1106 869 1063 1904 969 253 1631 907 331 1119 982 1409 80 1492 1814 1234 636 1162 193 1417 1429 1088 685 672 1333 931 1647 460 189 667 1739 1080 449 304 1513 1788 1356 347 1634 203 583 707 406 1735 539 287 961 497 1216 1888 984 1273 921 238 446 161 1155 160 720 128 1455 1678 1154 1828 47 812 775 1358 534 1594 172 252 1575 1799 1051 1896 185 1585 140 66 1655 1067 665 1059 1915 1502 715 1227 1002 198 882 1342 1314 1609 179 1645 1365 243 117 165 1536 556 527 576 1107 1412 1118 234 443 1479 176 897 916 427 895 1952 708 1364 1901 1177 30 1456 445 138 804 1213 1822 1951 1802 1012 69 1702 709 358 1748 170 233 503 1506 693 1228 1528 1773 1442 431 191 1623 828 1495 1043 773 947 684 74 683 1158 123 152 474 1529 429 1561 1817 1095 813 771 12 153 1050 264 480 1179 1142 1438 1143 1226 1335 1685 727 614 1988 1471 215 1801 13 1199 33 1703 817 119 1221 1466 137 432 1855 60 1786 370 1439 41 1306 
minDistance: 4.91402
cost: 246095
capacity: 199159
time: 54827
maxTime: 60000
LS1: 34519/35812
LS2: 403/1293
LS3: 0/0
shakeIters: 859
shakeLoops: 80
