4.14672:1037 4.17662:1195 4.41046:1821 4.43782:2040 4.43966:2202 4.45877:2321 4.46856:2481 4.49908:3238 4.51078:3903 4.52947:4246 4.53793:4376 4.56875:5167 4.59724:5292 4.6254:6424 4.62693:6499 4.62796:6668 4.63245:6809 4.64004:7892 4.65199:8154 4.66838:8343 4.6967:8538 4.69738:9150 4.72666:9217 4.75858:9292 4.7636:9471 4.76619:16378 4.77245:19164 4.80734:19222 4.84597:19293 4.84783:26398 4.85052:27339 4.85256:39162 4.85842:40629 4.89353:47140 
1376 1012 1894 1839 977 1846 1459 751 534 23 1972 1191 1081 873 309 556 310 715 1328 219 1124 1743 193 1229 74 1330 1118 1789 387 1858 1997 936 1507 1561 82 1237 1164 346 849 1057 1863 851 727 886 1782 877 435 519 170 630 187 1002 46 1385 1739 1659 1003 397 1053 535 1686 211 437 1516 508 236 665 953 773 320 1105 887 1585 192 1781 976 214 1975 1616 1017 881 1336 1695 1429 1388 1786 1761 1359 499 1019 58 1067 1195 1461 1922 130 814 1552 1966 339 617 1371 1342 643 109 1947 425 856 1439 841 4 1155 726 41 1171 1335 1575 864 1288 1492 1384 720 454 1116 1405 414 949 1306 1179 828 1273 412 52 1256 266 28 1399 1379 762 875 993 1190 178 81 785 753 722 1609 737 493 1560 837 782 698 248 379 1162 1992 1369 776 1344 1401 842 1667 169 1423 1675 1438 1437 894 1933 204 1509 1596 1377 175 1902 794 66 982 1915 917 985 1486 354 1756 1407 1702 539 778 1473 1662 1996 638 80 1891 1744 672 163 821 1783 1454 1315 1140 1154 732 854 254 1471 1604 686 1653 838 1092 253 1468 795 111 514 730 1203 825 1806 1213 1283 475 1694 1023 89 1802 1368 16 1478 961 585 500 1844 1544 829 755 1680 1121 857 300 1983 1259 1414 17 831 516 198 476 212 100 1040 1579 734 586 318 267 
minDistance: 4.89353
cost: 240899
capacity: 199233
time: 47140
maxTime: 60000
LS1: 36049/37343
LS2: 425/1294
LS3: 0/0
shakeIters: 835
shakeLoops: 77
