4.13861:986 4.16787:1183 4.16947:1309 4.34397:1741 4.39721:1928 4.41046:2043 4.41169:2465 4.41646:2628 4.43782:3153 4.44825:3310 4.46856:3536 4.5075:4908 4.57866:5137 4.59227:5211 4.64892:5527 4.69196:20691 4.6967:25802 4.6991:32464 4.7035:33316 4.7062:37288 4.73395:40873 4.74883:41037 4.75858:42218 4.7636:42327 4.77005:43108 4.78079:45107 4.78497:47027 4.79362:47082 4.8173:50128 4.83126:50740 4.83548:52619 4.84597:53279 4.84772:54443 4.85354:58640 
1384 1094 1683 1438 1324 1810 1575 488 1579 509 1933 1151 1406 1844 406 1351 543 1315 1909 917 1333 470 1697 1343 1659 300 1862 15 1262 1817 164 1479 1007 1225 1782 792 418 1814 1334 1634 688 672 1256 1033 437 192 343 1743 1437 1124 665 1283 1454 309 842 1473 1751 1590 295 927 1305 1137 1665 82 1092 668 1273 521 1105 130 1492 825 1107 1019 1687 1988 354 1570 1455 30 1012 80 794 828 1032 1041 1002 514 1436 1786 776 248 340 961 1815 1067 1594 875 1556 1429 1296 89 500 1604 1385 520 1694 1237 837 243 782 1980 1542 1335 1886 985 1089 1008 803 1344 211 1652 1017 512 1172 414 402 1877 176 989 293 785 572 886 357 1544 81 1050 953 1839 198 1543 66 1193 1702 318 1391 1560 4 58 498 1658 253 854 1759 645 568 864 1192 443 1852 709 795 585 1223 247 1580 1797 1210 1366 1117 1053 1902 1645 1516 530 334 730 1451 23 1023 817 539 433 1229 1620 1219 1214 1951 519 1772 1230 778 1120 1010 178 1121 1202 936 1816 1739 762 944 411 310 219 1379 224 412 737 821 736 1643 726 1409 720 1476 895 1471 100 1781 475 1486 491 1922 306 1784 900 949 1376 1359 1260 686 1667 1626 630 1680 1616 450 170 1934 548 1487 28 770 1857 212 1051 346 1523 1187 1727 1475 1288 1073 172 727 773 467 753 1609 204 
minDistance: 4.85354
cost: 239940
capacity: 199236
time: 58640
maxTime: 60000
LS1: 35110/36487
LS2: 543/1377
LS3: 0/0
shakeIters: 800
shakeLoops: 76
