4.23695:1336 4.28652:1583 4.34685:1758 4.37012:1966 4.37648:2298 4.39404:2736 4.40856:3136 4.43966:4502 4.44825:5142 4.45768:5426 4.51078:5689 4.62693:6348 4.64892:6797 4.65119:8308 4.65199:9323 4.66838:11575 4.67304:11776 4.68875:12962 4.69493:13017 4.6991:14804 4.70313:18015 4.71513:21798 4.72946:23079 4.75858:24944 4.7923:26465 4.79402:34300 4.79955:42743 4.80734:50217 
1486 187 1442 1248 986 173 899 1423 1673 459 1508 165 1191 169 1427 653 1507 401 1342 1649 180 1295 1019 1177 490 905 426 535 499 785 1797 1041 795 1910 475 1162 1914 797 1401 1736 1118 1560 1012 155 248 1626 938 1155 949 309 1959 304 1140 792 209 860 1154 1846 320 823 359 1473 322 1304 1875 1935 1902 940 1256 1609 1273 1410 585 1933 918 1996 100 117 837 565 630 1272 1227 1377 354 435 556 1409 1219 1229 1788 993 734 519 1385 1764 1181 736 1100 1823 72 727 1825 412 516 1928 1092 1040 1468 83 310 1667 135 722 672 194 498 1728 1682 1315 788 1476 1369 737 1210 1328 879 1795 1493 1330 385 1943 643 883 1288 665 936 642 782 1659 464 1095 1002 406 1407 1042 1262 1786 1221 1121 1482 794 787 669 908 1368 514 605 1546 831 1596 1334 1063 176 1801 163 1556 192 77 773 1359 1072 1552 1839 80 821 1584 1443 1735 1703 62 517 17 1429 1437 219 1027 74 1516 573 185 1620 1459 1680 1541 1975 1555 842 425 1781 266 1782 668 1202 358 1057 976 1367 488 1030 1613 961 1806 1495 66 339 828 247 1306 235 1344 1225 1717 1160 1604 796 211 60 1137 886 1579 1017 751 1778 300 1106 1271 1461 1259 159 843 1583 726 599 23 253 683 198 1164 1810 470 817 1127 829 1230 1325 1756 825 1695 1681 521 1972 849 1379 1561 
minDistance: 4.80734
cost: 245164
capacity: 199419
time: 50217
maxTime: 60000
LS1: 36807/38120
LS2: 425/1313
LS3: 0/0
shakeIters: 860
shakeLoops: 80
