4.50573:1602 4.5075:1753 4.51078:1970 4.55407:2151 4.63201:2484 4.64004:2587 4.65224:3247 4.65271:3506 4.66838:5185 4.67304:5992 4.68077:7100 4.69203:10126 4.6967:10355 4.6991:14497 4.70981:17277 4.74004:25261 4.76035:25460 4.76655:29191 4.77005:45779 4.78058:46563 4.79043:49637 
1451 1209 928 1334 1221 506 1306 1828 1542 179 1727 180 1516 1017 412 539 1823 837 572 1181 1227 1780 1544 920 1973 1493 803 596 1683 1664 1402 1110 1764 895 1050 1992 1817 1675 1250 565 1347 461 825 303 1092 320 1407 1797 1010 1301 1210 1019 1091 762 1901 755 1806 989 401 1406 1476 1524 726 262 212 164 794 66 117 877 645 90 727 333 1565 715 797 238 1735 1773 859 1577 23 1626 1781 1872 1256 1244 917 1623 1478 1202 178 316 1151 1540 54 192 1155 1680 1844 1794 498 1385 1008 785 709 198 1335 1596 570 1366 981 199 842 1572 1116 1379 293 1090 1459 1762 1980 240 1580 831 1801 862 33 1315 1576 1927 82 1283 1084 459 1162 1810 211 1012 1238 857 1342 724 318 1437 600 1176 519 1106 341 1556 301 462 556 59 778 758 1191 1051 133 1682 300 756 976 843 1694 856 899 1824 1328 617 1495 389 828 1527 698 169 1736 1262 354 1461 1372 358 464 1027 1473 1821 1137 672 1479 773 437 1080 1862 949 1277 492 1140 1915 1229 1756 81 1839 74 833 100 414 248 353 1243 664 822 509 817 1482 723 1219 261 1446 668 1802 1632 516 854 491 838 1795 579 1979 737 1002 1274 641 1692 346 247 912 392 1645 1894 1067 1124 475 529 1255 1273 897 1888 1032 1561 359 310 11 1344 339 453 792 60 807 411 1653 1582 1359 1909 1788 176 1089 514 1318 1057 1192 720 1547 531 
minDistance: 4.79043
cost: 237894
capacity: 199217
time: 49637
maxTime: 60000
LS1: 33164/34463
LS2: 528/1299
LS3: 0/0
shakeIters: 750
shakeLoops: 72
