3.9777:801 4.08414:1363 4.13861:1641 4.19794:1977 4.28652:3282 4.37012:3738 4.44282:4333 4.49908:5698 4.50245:5787 4.50573:6202 4.53793:6290 4.62693:6556 4.67304:7037 4.68483:7927 4.69493:14535 4.6967:14592 4.7062:17551 4.71513:31925 4.72665:37596 4.75858:37713 4.7636:41783 4.77005:41881 
293 1057 612 490 1089 164 1795 1121 964 341 639 401 572 1717 54 795 1344 755 1952 1680 1294 431 1534 443 817 1244 1423 265 1202 985 1492 726 1296 1335 851 1283 277 520 875 17 194 60 289 1260 68 565 248 877 1541 901 471 1379 1821 854 1828 715 773 1227 762 1277 1579 1328 1786 1190 1623 573 192 1997 500 1229 555 23 1225 990 135 1157 1844 1495 1556 1759 1301 1116 387 1748 1181 1561 642 1044 1094 1192 1451 1317 1823 1033 176 1615 1140 429 727 1508 488 152 491 411 1611 1215 163 1347 1030 665 224 1014 1359 1810 630 664 78 1019 1429 797 518 1516 675 782 1351 834 843 1666 1927 1381 1862 837 1438 1187 1461 1846 641 519 412 410 1634 1915 1687 658 159 211 983 1502 220 1300 1570 503 1151 862 1383 1479 1951 74 264 310 1751 102 863 112 247 842 1839 949 1689 822 296 100 653 1933 993 864 936 1334 716 961 89 1124 303 1914 1736 1542 1172 825 1476 1137 1002 117 1251 1552 1155 1857 529 672 339 1250 396 1092 1599 1073 1041 1801 1402 358 1454 1315 99 108 1040 778 879 1154 1761 1473 198 1442 1482 1038 1682 1727 792 354 359 600 1632 1304 1656 1468 1590 1262 1543 1032 187 453 1459 1219 828 1080 346 509 313 1021 219 498 212 1596 1210 514 499 917 908 1091 1580 459 1861 667 1368 1797 300 318 1221 88 1012 1756 342 737 1083 1273 28 58 821 
minDistance: 4.77005
cost: 241070
capacity: 199154
time: 41881
maxTime: 60000
LS1: 33973/35274
LS2: 523/1301
LS3: 0/0
shakeIters: 756
shakeLoops: 71
