4.02392:732 4.43966:1837 4.46126:3269 4.46249:3620 4.46856:3741 4.47097:3857 4.49006:4003 4.50245:5623 4.52709:5720 4.56255:8138 4.56875:8227 4.58394:9969 4.59227:11094 4.60482:11950 4.62693:12217 4.64812:15567 4.64892:15769 4.653:16813 4.68677:17842 4.70127:17897 4.72018:19247 4.75597:19481 4.75858:25164 4.7636:27151 4.77005:33907 4.79128:34262 4.80734:39808 4.8173:49400 4.82778:52848 4.82917:54440 4.83126:55273 4.85256:59283 
1030 895 1806 318 1355 1202 886 1717 1219 1410 1273 572 1116 1653 198 961 1783 1229 1594 1092 1746 238 1478 881 1210 1181 1667 467 1324 990 1604 1376 1659 630 641 600 1702 1050 842 1590 304 1089 1598 875 1003 459 1609 794 1283 592 23 1334 1727 1471 705 1673 1994 1647 1438 1155 1157 1006 755 425 1959 514 1857 521 1786 917 1726 1107 192 1875 81 795 1383 737 617 1626 672 1682 499 475 854 246 778 709 300 1756 310 1012 1781 1540 1414 435 1570 843 320 254 519 1472 949 1306 1542 1797 618 1810 1227 1996 247 1579 1002 936 1121 1120 1616 488 1277 1335 509 782 1340 1067 1454 359 1980 248 1439 615 18 1556 934 596 548 1119 354 89 100 900 1908 1687 1516 668 856 1360 1230 1988 1697 1620 726 1683 1795 792 785 982 1409 485 1863 953 1351 612 1385 1951 25 1710 37 1523 172 1844 1262 1274 470 717 1248 1256 1455 80 170 1722 1476 1255 77 1179 1861 1023 1561 303 653 411 130 1486 1124 476 1541 1342 1657 180 1839 70 1749 1140 334 1802 877 1479 500 1033 1645 1366 817 1997 1154 1225 17 996 211 1648 178 1582 159 1468 1569 1138 1823 450 58 1899 688 1094 1344 573 1059 1816 825 770 1040 1634 1423 261 402 233 985 1780 845 66 412 1933 1482 1922 1246 1315 1909 1437 4 28 1701 1429 266 1017 1917 1172 839 762 
minDistance: 4.85256
cost: 240727
capacity: 199287
time: 59283
maxTime: 60000
LS1: 36111/37443
LS2: 498/1332
LS3: 0/0
shakeIters: 802
shakeLoops: 74
