3.53676:162 3.69852:377 3.92191:881 3.98805:1062 4.18786:1591 4.28166:1832 4.29324:1919 4.34397:2170 4.34922:2531 4.39404:2666 4.39448:2796 4.41169:2933 4.42027:3008 4.43782:3227 4.43966:3325 4.44825:4101 4.54432:4876 4.56255:5160 4.59724:5243 4.62693:8195 4.64587:8397 4.65119:8945 4.72887:9111 4.73244:9229 4.73395:10026 4.78058:10913 4.78425:11020 4.79955:25603 4.83306:26418 4.84766:54343 4.85064:54456 
180 985 81 1992 1645 1379 1659 720 961 864 1626 1682 738 1756 359 1561 379 1304 699 596 1227 371 1423 14 1367 1616 60 168 1988 822 255 1781 1544 435 654 1172 1728 164 1782 982 1454 23 1717 1240 1516 1649 429 669 825 668 1273 499 142 1455 1829 1839 1701 1067 498 1335 953 367 243 268 449 732 1994 828 117 248 895 1359 1306 817 1442 572 1727 1560 949 1819 493 1915 492 1106 548 1256 1210 1570 520 638 1219 1229 527 1947 626 875 212 1243 706 1933 2000 1852 414 1120 89 100 841 1002 785 412 1333 1785 1476 443 641 1736 776 1979 66 837 450 936 1008 750 322 1695 1680 1199 488 1683 1092 737 1996 614 1121 1768 353 406 1810 794 715 1502 722 176 645 586 357 159 173 1091 28 1443 500 1017 293 1473 1486 996 904 1397 1155 397 1527 756 1324 1003 683 1542 1050 902 318 803 1429 1806 1437 1119 519 509 1590 80 762 1283 886 470 169 1786 1344 333 797 187 334 672 1909 1794 439 224 617 873 1124 778 1315 782 1789 1927 977 1764 1579 310 1084 211 198 1032 643 346 123 204 709 1012 1735 507 1191 585 1658 1495 1910 1033 1117 666 214 192 1305 843 842 1461 1580 983 514 354 1019 726 179 1928 1555 795 1277 467 1100 555 1835 917 665 253 506 4 1360 630 300 1541 1507 73 860 821 
minDistance: 4.85064
cost: 240161
capacity: 199315
time: 54456
maxTime: 60000
LS1: 37001/38267
LS2: 366/1266
LS3: 0/0
shakeIters: 869
shakeLoops: 83
