3.98492:852 4.04046:1092 4.15864:1455 4.17351:1728 4.23129:1880 4.29283:2646 4.31303:2850 4.36717:3105 4.40947:3469 4.41646:3552 4.42715:3687 4.45257:3905 4.46126:4243 4.50488:8097 4.56182:8838 4.59724:9293 4.59906:9461 4.60164:11215 4.61887:11290 4.62693:11398 4.63245:11535 4.65199:11664 4.67304:11724 4.67834:13953 4.6967:14279 4.69788:26545 4.6991:26648 4.70619:29562 4.70951:29624 4.71513:34010 4.75442:34215 4.77005:35960 4.78058:39457 4.78079:40442 4.79955:41639 4.84766:41757 4.84772:44918 4.85052:52587 4.85064:53308 
1325 1474 1736 596 1915 887 212 641 715 16 1214 426 797 600 638 1334 782 17 737 1367 236 1229 683 1801 1202 387 1256 30 1448 1908 1041 60 1080 1486 1443 1852 1727 100 1839 1927 1786 1909 1717 961 1377 828 615 179 1783 1117 1683 1313 668 303 1806 1124 751 949 209 734 1728 1191 159 300 1495 255 1768 875 211 1100 601 720 1710 837 555 1658 1359 854 310 248 1426 1423 500 1461 539 318 339 81 506 1542 519 488 672 1437 918 1662 253 899 953 1091 380 412 952 1682 1502 1516 1468 1019 1997 1092 1351 117 1560 794 1181 1780 1227 1335 1764 443 958 1613 1797 1073 1695 296 219 180 1251 860 1829 1454 1961 1645 1476 89 834 1172 1781 346 1442 1507 279 23 353 1002 789 1084 1455 164 266 1743 176 989 111 198 66 1344 237 1306 886 1910 267 503 688 1802 1994 736 243 25 1277 1057 28 762 1017 750 491 1933 1643 983 1192 418 429 917 354 842 1739 467 4 977 514 1006 1675 1782 1387 1078 1315 322 630 773 492 1886 1983 1379 1814 1928 499 247 1689 1681 1659 1120 730 1552 1555 1194 936 1947 1106 893 1429 1199 175 776 1894 1151 475 470 1121 726 1579 414 825 709 1296 778 572 568 1063 214 1544 1427 1089 1623 169 1012 261 1032 1923 1789 665 1305 1368 1992 122 357 1210 1273 1407 693 916 795 1541 130 449 
minDistance: 4.85064
cost: 245892
capacity: 199273
time: 53308
maxTime: 60000
LS1: 33026/34320
LS2: 494/1294
LS3: 0/0
shakeIters: 761
shakeLoops: 70
