4.19524:1238 4.35214:1748 4.41646:2157 4.42543:2476 4.43638:2630 4.44097:3461 4.45768:3686 4.45877:4000 4.49908:4513 4.50245:4586 4.50488:4884 4.51897:5576 4.52315:5681 4.54432:5854 4.61941:6562 4.6254:6742 4.62693:6801 4.64892:6929 4.67163:9873 4.69493:18790 4.71513:19257 4.71759:28931 4.75858:31790 4.7636:34362 4.78058:37109 4.78497:45049 4.82549:45118 4.83126:45214 4.8342:49255 4.84022:51924 4.84056:54181 4.84597:58642 4.84766:59540 
1680 1244 1822 1844 16 180 842 388 902 1041 1802 1057 169 1642 164 1140 1652 1451 1761 514 688 1569 285 1374 2000 4 667 973 1200 1305 1080 185 1579 1227 170 585 1806 982 795 1455 1160 1852 492 568 318 539 1401 1027 949 843 1675 1020 796 1442 1797 1011 1405 726 357 785 689 1630 1171 901 1590 900 266 755 1623 1682 1841 776 1688 255 1997 935 1544 359 1681 1702 1199 1105 1996 1190 198 1219 1069 535 1164 1229 1560 1736 1616 211 1192 509 762 253 176 1017 1195 1486 1772 641 887 879 243 1839 334 1315 548 212 1067 1759 1983 778 1385 1626 1053 1012 100 28 904 1120 1240 753 1980 983 336 1756 1274 1653 792 773 172 977 1002 498 1795 1211 1695 1975 429 23 1162 1658 1121 917 303 1030 1328 1556 1256 863 1583 387 896 1359 1438 734 1891 95 1727 1050 1947 751 1786 136 709 1951 1995 1862 1094 684 1181 1886 1739 780 339 1023 1979 630 989 158 1667 1210 1306 1273 412 1972 470 247 1985 732 635 875 669 803 626 1781 15 1117 187 1817 1604 1423 727 1351 1042 310 379 1473 414 1902 1137 1575 1334 710 856 1304 1471 1609 961 152 812 1542 1476 1933 1427 1717 511 837 936 1580 82 646 1988 1735 500 1051 1124 1794 527 300 821 1915 1516 1384 1191 488 715 295 1429 953 1092 1782 1461 1468 322 1855 380 418 825 1697 
minDistance: 4.84766
cost: 234869
capacity: 199238
time: 59540
maxTime: 60000
LS1: 36112/37441
LS2: 512/1329
LS3: 0/0
shakeIters: 784
shakeLoops: 71
