3.83818:421 4.07306:953 4.13861:1177 4.40947:1958 4.44825:2469 4.55407:3206 4.57258:3489 4.61941:3622 4.62693:4203 4.63201:4273 4.64892:5383 4.65119:10463 4.66653:10737 4.6967:11939 
770 1008 775 234 1517 1149 1237 1432 401 1508 954 1192 1461 255 845 1333 1384 1781 1762 14 359 1839 28 1468 1623 392 264 1786 1243 1471 990 238 425 1199 1273 1314 1630 1092 198 1552 1190 1568 499 1756 1599 207 1200 427 1380 1590 454 842 1542 1689 1240 1106 1185 509 1738 1963 981 1350 902 630 1475 1844 1806 707 828 712 1954 964 1795 793 766 900 1187 739 529 535 346 677 1556 300 443 1429 1855 864 16 411 1975 918 1846 59 1529 1473 1442 1334 354 797 1581 953 1632 1315 334 414 497 1094 875 1176 1955 825 215 1446 1561 516 1574 187 1565 412 1060 1536 1662 1366 303 1959 1095 1825 851 1996 1155 1083 895 572 1455 773 1371 1972 500 1454 1071 1335 1802 80 2000 901 1142 339 1459 211 1327 1376 1893 1782 163 1344 822 658 715 1649 420 873 684 983 1041 1437 1019 1056 1439 986 1023 1351 753 1213 1057 1596 514 795 341 1291 1562 879 1385 1543 1306 1682 755 925 158 724 1822 993 1359 1093 1143 1305 776 1051 995 985 488 310 734 367 1609 1569 548 727 762 1202 23 726 1541 1256 100 521 1283 1482 667 938 1012 1680 1653 898 1040 492 1181 1819 318 1739 1033 1116 1495 1479 212 397 1604 915 1817 570 689 1735 1168 785 353 429 1027 576 1951 1736 433 748 253 378 1909 1377 1030 1368 1328 1438 1154 1476 949 1301 665 1148 1140 229 1980 519 585 1797 235 863 1783 1902 1427 
minDistance: 4.6967
cost: 244695
capacity: 199188
time: 11939
maxTime: 60000
LS1: 34314/35689
LS2: 627/1375
LS3: 0/0
shakeIters: 734
shakeLoops: 71
