4.17351:1323 4.19314:1689 4.37371:2086 4.43913:2248 4.44825:2381 4.45768:2512 4.48333:2580 4.51112:2757 4.52181:2932 4.53793:3280 4.59255:3759 4.61428:5744 4.6188:5876 4.61941:6068 4.62693:6133 4.65119:7231 4.68471:7912 4.68483:8008 4.69196:13058 4.6991:17320 4.7062:19466 4.71513:19522 4.73395:20285 4.75858:22303 4.83126:22568 4.83548:22705 4.84597:22817 4.84772:23442 4.84783:32637 4.85256:41953 4.85842:45509 4.89353:57559 
686 1924 1736 1213 1933 1079 1579 1210 548 174 1121 266 380 1344 1455 755 875 1479 1384 1486 1057 41 1109 1643 37 917 1556 99 519 323 817 1844 178 1041 253 1875 1351 254 1012 1544 1781 705 906 1377 618 1255 726 292 406 1410 1414 1019 1140 17 450 795 333 1030 1680 1180 672 516 1780 421 730 961 750 30 918 100 1682 412 1342 1437 1155 322 70 1376 1042 642 1561 1092 1839 806 732 233 1459 774 1229 1053 318 1634 1002 23 1017 1438 936 1194 886 402 488 1473 89 1248 1541 265 1899 1089 1620 66 43 354 1256 1786 425 842 1816 1546 1681 165 1795 28 1050 1273 794 1262 723 111 1645 645 310 1237 1240 756 949 1359 1334 192 1852 854 985 334 1124 1277 58 1450 117 1909 1542 675 1471 821 247 600 1569 1596 219 204 81 1560 792 1369 1996 843 248 340 782 665 339 1454 641 370 1315 737 414 778 1288 499 470 209 585 1951 1917 261 535 467 1857 773 1529 198 1138 1980 514 1219 1409 390 1003 175 1379 1994 1094 1667 1267 1385 1702 1328 630 224 459 1461 1423 1756 379 296 1230 1105 397 521 506 572 1406 1481 837 491 33 300 709 212 1675 1333 1604 238 301 1698 211 357 4 1662 825 1191 130 762 751 1810 989 1814 1476 1080 1751 1116 1863 1368 170 1590 1902 1078 
minDistance: 4.89353
cost: 238772
capacity: 199218
time: 57559
maxTime: 60000
LS1: 36574/37866
LS2: 361/1292
LS3: 0/0
shakeIters: 899
shakeLoops: 85
