4.19794:1136 4.38087:1942 4.43521:3285 4.43638:3354 4.45877:3480 4.46126:3717 4.49908:4076 4.50552:4190 4.5075:4583 4.56254:5658 4.59255:5962 4.6188:7641 4.62004:9723 4.62636:13316 4.64587:13904 4.65075:14061 4.65119:14152 4.66004:14521 4.69493:19260 4.6967:21901 4.69738:22257 4.6991:24385 4.70788:26491 4.73244:38731 4.74004:40944 4.74847:41052 4.7636:41763 4.76595:53955 4.78956:54655 
412 1296 1682 1080 1917 862 1089 476 322 1359 1121 1255 973 1124 1658 961 1748 1333 794 1123 1814 212 1107 1560 1315 1084 238 1379 605 1544 881 100 1351 310 825 1806 1381 1781 886 1659 917 1681 488 720 529 1786 123 37 211 923 1113 846 331 1313 450 715 1033 22 300 280 133 993 1154 357 1643 1190 579 359 1459 1368 1695 1227 378 703 1429 600 58 498 1274 265 817 504 1839 1384 1002 535 864 1476 585 1306 1377 117 773 1566 843 548 1689 402 1100 1243 506 630 1561 953 201 1947 1199 899 1672 1746 1852 1091 1347 514 831 1117 272 269 397 491 111 792 1756 28 736 339 775 1680 1495 1829 712 204 1810 1492 897 198 1751 1050 229 1335 778 180 821 1817 1361 875 860 1569 572 500 219 1024 1454 1709 1461 246 1414 1219 1432 797 66 354 985 293 776 1209 1277 1541 253 72 406 750 517 519 883 136 842 1140 949 60 1041 1385 371 1373 439 1994 1155 954 179 1106 333 1437 1688 903 1822 732 1782 23 1801 1509 770 793 1092 516 1983 1649 1073 1071 1739 318 507 1665 1038 989 755 982 964 1692 1305 334 89 945 1579 841 684 626 1662 268 1230 1590 30 446 1546 1273 1697 1516 822 771 1013 1675 1542 152 254 1177 762 1301 854 1556 1213 1634 401 641 1596 1442 1979 784 654 1529 939 782 726 414 1019 801 1250 1240 1521 1802 1933 1187 220 
minDistance: 4.78956
cost: 242565
capacity: 199272
time: 54655
maxTime: 60000
LS1: 35613/36907
LS2: 454/1294
LS3: 0/0
shakeIters: 811
shakeLoops: 77
