4.19524:1413 4.30699:1867 4.37012:2464 4.40856:3113 4.40947:3180 4.41046:3249 4.41646:3431 4.44825:3632 4.47668:4630 4.50001:4761 4.5615:5105 4.59724:5273 4.61941:5959 4.6254:6541 4.63201:7523 4.66838:10304 4.67593:10373 4.68875:12403 4.70127:13209 4.70848:17634 4.72665:18369 4.72946:22167 
1607 1407 357 1130 320 1631 936 1632 1649 1459 293 788 842 1556 1823 1781 397 1033 410 370 1626 1437 176 1427 334 1256 1782 1060 829 1810 1042 964 1764 1396 1579 615 1863 130 1368 1333 280 453 300 1192 645 1172 464 581 841 917 1210 794 1342 1181 949 727 379 349 1262 14 1002 60 689 47 179 1067 194 411 773 715 732 62 264 722 617 1821 253 446 856 860 99 1240 1381 1078 1658 1109 639 1180 1283 333 940 1090 378 1959 117 1371 238 1476 939 15 1301 1050 1423 706 1314 726 1012 1996 123 899 1596 439 897 100 1193 1207 993 1273 550 1121 74 246 1073 198 1560 385 72 73 470 1291 506 116 1645 1566 1250 1817 1402 1695 1582 1019 433 425 1353 1124 310 683 1914 862 864 976 1756 1244 1305 1429 1899 982 532 82 1315 180 1344 454 724 795 1682 963 668 875 1611 401 66 514 572 187 77 1351 1943 1008 1385 821 630 354 359 81 1030 189 1917 1561 953 1692 712 576 933 1966 778 755 1092 1359 1666 1857 108 491 356 1786 1915 1659 1683 985 1072 1486 797 1839 519 412 961 756 1828 669 9 1759 211 1801 1580 573 693 488 1269 122 737 1979 1454 340 23 817 1909 1539 1461 353 285 1852 459 869 1542 944 1119 1928 675 295 193 1700 1703 1736 1858 402 1653 406 1478 1091 1229 322 1795 1107 1274 1334 192 548 825 
minDistance: 4.72946
cost: 245074
capacity: 199313
time: 22167
maxTime: 60000
LS1: 38505/39776
LS2: 368/1271
LS3: 0/0
shakeIters: 881
shakeLoops: 84
