4.13861:1066 4.25978:1344 4.34922:1845 4.38087:2406 4.38175:2627 4.38418:2961 4.41046:3198 4.42027:3578 4.43966:3721 4.44825:4521 4.46126:4585 4.50573:4968 4.51112:5099 4.61941:5295 4.63201:5984 4.65199:6278 4.66653:9803 4.68483:11930 4.69493:14447 4.6991:14891 4.70619:14981 4.72018:15056 4.78079:19731 4.78425:20602 4.78497:22253 4.78657:23699 4.79043:23757 4.7923:26923 4.80639:34729 4.81605:36646 4.82917:38059 4.85052:38757 4.85064:38812 4.85078:49638 4.85256:51102 4.85455:52918 4.86426:56441 4.89092:56577 
1579 1172 1011 1759 1658 1802 936 198 390 339 675 1782 734 1024 379 4 641 17 796 426 1569 1359 292 67 81 1203 1473 1739 488 1427 230 776 1561 516 723 794 1788 572 961 1002 212 1735 1486 1680 600 1844 1862 1997 1992 23 1702 1407 178 1193 1315 825 548 340 421 1915 1190 782 584 248 1675 1968 1121 1164 1745 1495 1078 1852 1334 1368 1342 1451 1012 1229 310 1516 778 720 1609 1786 1761 841 727 58 751 435 795 1814 300 214 15 117 1596 357 963 397 1296 506 1041 730 1756 187 775 1448 1581 736 873 834 1816 219 1667 266 990 1379 1471 74 1476 470 1160 1785 1604 1089 1335 1017 1032 1772 653 842 179 197 60 1717 414 468 412 28 169 755 1019 1243 192 1601 938 1179 1248 1479 1839 1823 952 672 1344 1057 1576 1727 1117 1542 953 1187 1459 1181 592 1227 837 1781 1014 1372 1659 896 467 1107 726 509 854 1821 785 1643 1623 596 1541 1437 737 1947 1736 899 1273 1544 1461 1155 411 30 1743 894 1385 66 987 446 193 1195 949 1572 112 1336 1795 756 1686 732 709 773 334 1620 1138 354 1509 1966 1255 1783 1552 1171 322 1033 665 500 1137 439 1308 16 1598 498 821 213 1429 1256 123 1492 1051 1277 519 1468 1084 211 514 1682 904 1410 1455 492 80 643 849 475 318 1546 1616 267 917 567 1630 
minDistance: 4.89092
cost: 242840
capacity: 199395
time: 56577
maxTime: 60000
LS1: 36784/38089
LS2: 395/1305
LS3: 0/0
shakeIters: 872
shakeLoops: 79
