4.06824:1038 4.07306:1286 4.14021:1376 4.17662:1591 4.40856:2158 4.41046:2715 4.42027:2787 4.43782:3031 4.52243:3468 4.52467:3632 4.54432:4045 4.54794:5956 4.56255:6120 4.58671:6397 4.6254:6535 4.63201:6593 4.63245:7868 4.653:8163 4.66838:9109 4.67593:9303 4.67974:9726 4.69575:10476 4.70313:11372 4.7035:11634 4.72887:11761 4.7636:12843 4.76595:20298 4.78497:58235 4.78956:58290 
705 1380 58 1653 1304 1590 1961 1267 459 850 751 928 397 1786 519 1459 1379 1580 854 1634 1645 1495 1019 1473 60 986 1560 214 83 1210 1806 320 1541 1385 599 224 843 1003 385 88 169 1369 726 255 1137 585 677 982 715 991 475 1059 1368 993 938 875 62 1302 443 548 817 1324 476 1933 1616 4 204 354 470 849 797 506 310 1017 1482 296 1539 1192 1417 824 1172 1351 795 1685 1996 1542 1409 1756 834 1451 187 1746 1662 1579 272 1478 1050 1862 406 936 1243 1225 1783 1768 1092 1492 1305 1781 1328 684 857 48 737 732 1681 842 359 429 1273 565 211 358 1423 1609 383 247 1844 1406 1277 1476 191 248 1342 253 1080 1486 41 586 301 734 1427 450 514 1227 879 334 322 110 1915 862 1692 1682 1085 1857 1683 1057 130 499 203 412 1951 295 488 1736 1443 198 1191 1209 1596 1629 387 785 117 115 426 1983 1334 1256 66 572 1722 1652 1504 1344 175 918 831 300 1687 1479 1229 1384 668 100 28 1213 1040 266 357 736 1121 837 1306 17 212 1438 887 949 1315 983 23 794 1819 1089 498 1836 722 1594 672 1902 1091 825 1839 1516 973 1927 219 828 1100 1540 77 1372 346 500 461 931 1680 1649 516 964 1012 976 1087 1335 1761 1301 1051 1795 303 1717 893 1910 961 1376 491 285 773 1455 1437 1371 1454 166 1030 1980 425 641 952 
minDistance: 4.78956
cost: 245436
capacity: 199198
time: 58290
maxTime: 60000
LS1: 34113/35422
LS2: 542/1309
LS3: 0/0
shakeIters: 738
shakeLoops: 69
