4.17645:1186 4.31784:1572 4.41646:2114 4.45768:2656 4.46249:2716 4.49908:2995 4.50491:3059 4.57118:3548 4.62693:3909 4.63188:6260 4.67304:6618 4.67974:7687 4.69493:11449 4.6967:12234 4.69738:12984 4.72665:13917 4.77005:14054 4.78058:14826 4.7923:15536 4.79402:19599 4.82917:21095 4.83616:23077 4.85256:23757 4.85354:25178 4.85455:28666 4.89353:35794 
838 214 164 727 17 737 100 74 1692 325 1667 1910 762 296 1653 519 1604 777 1585 1486 516 556 1181 673 1620 248 1193 1682 322 1746 1580 895 1846 414 169 1230 1283 668 1109 1501 1814 1038 534 1017 509 1933 698 198 736 881 730 1094 1227 1328 207 479 1756 1351 1902 1891 412 1359 1225 1894 293 112 1414 645 1296 1665 1243 1886 732 1443 1795 1968 89 506 936 1084 459 1810 1191 1823 1516 817 1687 1121 1179 1376 875 672 825 828 857 179 1761 1764 1315 1210 1596 1162 346 1248 851 1786 81 406 949 1662 1304 1560 1623 630 303 180 333 1154 117 1192 1947 1273 1688 1735 1680 340 499 1385 985 1728 300 773 726 1073 500 1461 1839 1019 1381 155 255 1590 775 349 1080 491 4 1478 1473 1529 782 993 1783 1089 136 1164 1229 192 1366 1479 1050 1817 1334 310 1172 720 1852 1209 1147 246 1803 1041 794 961 1012 1659 953 1727 1844 1782 493 1966 1420 1702 254 1194 1002 1355 1456 849 28 1092 503 1371 822 247 402 1342 642 514 1437 703 1396 1429 1951 1240 1063 1305 318 1335 1369 1259 1542 1495 1459 109 1983 829 60 1683 1401 1476 219 1797 540 1523 795 1256 374 1781 1138 778 253 66 1262 476 1643 1544 23 989 1561 917 309 854 821 1155 1915 665 397 443 1124 1117 313 1454 1579 380 1816 187 82 175 
minDistance: 4.89353
cost: 239590
capacity: 199164
time: 35794
maxTime: 60000
LS1: 37713/39001
LS2: 390/1288
LS3: 0/0
shakeIters: 872
shakeLoops: 82
