3.92191:567 4.05993:853 4.07306:1079 4.14672:1597 4.17662:2004 4.24627:2356 4.25978:2434 4.30466:2603 4.33653:2703 4.36222:2821 4.36578:3067 4.37012:3807 4.40376:3989 4.43966:4215 4.45877:4573 4.46126:4845 4.46626:5840 4.46856:5964 4.50245:6231 4.51112:6339 4.54036:6612 4.54794:6794 4.56255:6901 4.56875:7416 4.57866:9405 4.59724:9581 4.62004:9731 4.65075:9935 4.65119:10140 4.7035:11522 4.74845:11962 4.74847:15146 4.74883:16544 4.75578:18331 4.76397:21418 4.76655:23668 
1632 159 1080 641 1985 1256 1933 1795 775 1124 1305 1012 1344 1209 285 734 1384 750 1448 675 726 514 176 28 266 1194 450 842 1959 785 322 982 1737 1455 1121 380 1801 684 1759 949 483 30 776 617 1359 100 1996 378 825 1106 1861 1717 1250 295 1328 1532 1829 572 1110 1596 1410 1439 239 749 1997 318 359 1516 316 253 751 1753 1810 1109 999 628 1120 1647 1803 839 1609 296 1902 1579 1899 1802 1373 705 1495 500 209 58 864 879 111 1230 1994 1844 1739 1561 1057 1894 1274 1181 1878 653 77 1583 854 1569 412 1002 1541 1947 976 1325 60 339 755 1768 1529 539 1092 1334 1692 187 615 1407 789 1017 643 292 346 279 414 843 1552 1014 130 886 440 645 600 1210 1682 1952 1421 1006 1934 1269 667 917 114 1429 778 506 1681 1190 1202 1634 1414 15 1748 773 1743 1277 4 212 519 320 1214 262 1975 709 1727 1852 1266 516 1659 169 37 1667 719 178 211 1227 1709 1547 1909 1546 1572 975 1315 23 1233 1877 1542 1377 1875 715 1040 1786 630 817 233 1379 961 1486 470 1333 1225 756 1172 123 475 1645 863 821 180 1576 1437 1604 488 1476 1689 310 1019 801 762 254 1479 540 1459 1246 1915 897 1376 964 1030 896 1438 797 1781 1687 197 1972 872 1042 247 17 1616 953 1824 1566 837 1073 627 117 1402 899 300 989 881 1244 1260 112 1749 895 425 1056 1782 
minDistance: 4.76655
cost: 244095
capacity: 199207
time: 23668
maxTime: 60000
LS1: 31551/32815
LS2: 497/1264
LS3: 0/0
shakeIters: 731
shakeLoops: 67
