4.08414:864 4.13861:1062 4.25978:1529 4.28652:1667 4.30699:1990 4.38984:2355 4.40856:2425 4.40875:6660 4.41646:6868 4.42027:6934 4.50573:8023 4.5075:8293 4.51112:9069 4.58671:9157 4.62004:10151 4.63188:10339 4.69196:11486 4.6967:15038 4.7035:15092 4.7062:17369 4.71759:18215 4.72887:18368 4.74598:18658 4.75858:18795 4.7636:18885 4.76595:21596 4.7923:44275 4.80639:53087 
667 1107 1575 164 453 1580 414 1256 1019 917 1072 641 1040 172 198 23 445 178 1210 1002 300 1975 4 776 1444 247 354 219 626 1012 683 1342 1119 638 253 1927 1702 1516 1495 803 499 1839 601 822 751 668 762 1795 961 879 80 1003 359 990 617 272 1359 1385 322 1645 1569 1782 1456 187 672 1933 1187 406 666 1951 1221 1295 357 1649 665 1105 709 1665 243 1590 390 977 952 720 293 29 1283 1410 1223 1717 1014 837 1436 100 1759 792 1227 1583 1786 1379 1243 435 1121 949 1315 843 1773 1709 985 1401 1947 1613 1259 1972 402 1844 1330 863 68 782 1454 646 831 925 1017 1579 1225 1335 1092 749 1966 360 753 248 664 982 1810 1155 521 770 1437 1053 773 755 199 828 778 1829 1609 1781 534 1667 1219 1855 1739 412 1214 737 17 1094 520 310 1376 1928 1682 698 732 95 1459 82 176 1783 514 449 565 1680 1455 1334 1797 1050 1556 1659 1683 47 224 727 1324 1273 491 715 358 1438 1181 1479 1486 334 797 1817 1675 141 185 1429 785 488 1538 475 1476 1828 1935 1192 1980 74 30 1230 46 1616 1523 1692 1727 981 1852 303 1137 1656 1743 470 1154 1736 211 464 1837 1546 346 1561 964 500 1305 1785 1794 509 1604 1033 1229 1631 1461 976 1996 1473 1157 726 1120 519 920 1634 498 938 1140 1344 834 825 1596 1023 548 1501 630 
minDistance: 4.80639
cost: 242112
capacity: 199357
time: 53087
maxTime: 60000
LS1: 34682/36016
LS2: 481/1334
LS3: 0/0
shakeIters: 825
shakeLoops: 77
