4.25103:1380 4.34374:1797 4.34685:2004 4.37587:2185 4.40856:2353 4.41046:3293 4.41646:3485 4.45768:3773 4.45877:3887 4.46249:4002 4.50245:8835 4.50491:9101 4.50655:12668 4.56875:12862 4.59255:12957 4.62796:13955 4.63926:16553 4.64004:18686 4.65492:20312 4.65906:20444 4.66838:20504 4.6991:20687 4.70313:40152 4.71759:41617 
285 1179 310 689 1033 1083 66 982 1997 512 1256 1482 530 1761 88 1121 767 459 470 822 439 936 304 387 80 1273 887 1396 917 23 1473 1368 60 1407 340 62 198 854 1334 300 1226 1665 755 192 81 1786 1718 1824 1620 1429 1385 83 314 1896 1137 1063 573 1428 632 17 1954 354 843 893 500 1828 1933 194 784 1486 16 401 773 1035 744 339 1772 1019 488 675 1996 1487 180 173 1381 269 688 1446 1817 1541 1467 825 1710 1988 1225 875 1277 737 1369 1544 1590 1092 1012 683 303 1283 1116 1529 1659 1542 1304 1764 1442 1675 1495 1692 179 1667 59 1479 1342 211 1376 1736 961 25 1383 850 1372 1569 568 1662 1073 1221 1645 1358 1609 100 1539 1844 670 461 1316 1789 664 357 643 1032 1898 1190 1377 1731 572 296 1291 685 795 1029 1915 1002 15 1728 503 1202 868 1040 1109 1579 641 1516 1623 949 1839 993 1315 715 128 1680 1652 1139 1636 1478 1633 985 720 1461 792 1199 1802 1673 1192 864 1727 207 320 193 295 74 165 253 1653 1042 1454 1269 1219 1240 1455 1359 1773 164 280 519 896 1072 1229 1181 248 1983 1328 1768 176 130 1532 1468 178 727 1634 1756 1409 837 264 35 1801 1697 334 358 1604 412 1889 672 1010 1649 1546 1089 923 122 410 464 1060 1783 1437 1630 1344 1210 418 778 899 794 1613 665 548 877 1560 730 514 751 1191 385 1476 108 1781 
minDistance: 4.71759
cost: 237925
capacity: 199158
time: 41617
maxTime: 60000
LS1: 35007/36267
LS2: 455/1260
LS3: 0/0
shakeIters: 781
shakeLoops: 74
