3.87467:702 3.98492:1080 4.11715:1320 4.41046:2069 4.41163:2320 4.42715:2458 4.44559:2706 4.44825:2769 4.45768:3133 4.46249:3235 4.49908:3503 4.50655:3564 4.51078:4050 4.52709:4420 4.53793:5286 4.54036:6204 4.54188:6270 4.55407:6374 4.5599:6444 4.56255:8171 4.57258:8904 4.60482:9053 4.62796:9180 4.63188:13100 4.65119:13234 4.69196:13651 4.69203:14636 4.6991:16037 4.70313:16258 4.70788:16336 4.73395:16517 4.7636:17369 4.79043:18017 4.80639:21091 4.83126:22552 4.83659:24021 4.84783:24754 4.85256:26730 4.85455:49011 
762 1623 224 1794 82 261 1681 498 961 1273 1230 672 1820 47 176 949 1296 74 1073 726 1427 1917 1092 1471 1645 1240 1983 834 253 412 426 751 1214 1455 1140 310 1604 198 877 785 159 936 993 698 99 1781 165 1951 192 1839 1979 920 570 334 1027 1694 1705 354 1106 1454 1743 989 1385 100 58 1509 641 1947 1002 500 1130 1516 219 556 596 717 1468 1083 1368 794 1933 1476 23 755 1342 1315 1271 1376 1371 1828 111 1630 211 1915 491 585 1033 1409 470 1783 1084 825 1177 266 727 1155 1237 1191 318 1107 982 1277 397 66 379 75 870 1093 1227 953 468 142 1431 1988 563 1187 1334 1172 1417 1649 1544 778 586 938 1980 1643 1796 1306 1089 917 1248 406 212 737 1057 89 1697 1451 30 1844 1432 1680 1659 516 1899 1590 443 1542 1333 1239 1181 530 665 16 1032 402 300 1922 1050 782 1739 1702 1782 878 1486 1019 520 1262 1806 1094 1473 248 1579 15 267 795 1772 108 1479 1116 572 1736 60 1461 1324 1229 264 806 163 1121 821 630 1688 1244 514 1683 1137 1569 1495 1437 842 506 1482 1609 668 1213 1673 488 1424 837 739 1438 1846 925 1582 1439 123 4 1634 292 1560 732 1665 467 1667 1335 1012 164 1862 1256 776 1309 1359 265 117 1556 519 411 1379 80 247 1795 1154 1561 973 172 883 
minDistance: 4.85455
cost: 242581
capacity: 199190
time: 49011
maxTime: 60000
LS1: 37032/38361
LS2: 433/1329
LS3: 0/0
shakeIters: 857
shakeLoops: 78
