4.19794:1232 4.49908:1962 4.52467:2638 4.5599:2816 4.56255:2988 4.57866:3633 4.59255:4573 4.59724:5511 4.61941:5663 4.64892:6128 4.68483:6231 4.68677:7814 4.6967:8853 4.70127:9044 4.70848:14841 4.71513:15363 4.75235:19044 4.78058:19179 4.79128:19899 4.7923:20686 4.79955:22173 4.80244:23689 4.83126:23851 4.84597:24607 4.85256:27398 4.86426:29023 4.89353:29668 4.90463:35648 4.90645:40281 4.91013:41498 
675 949 638 333 1923 1580 1397 688 133 488 1613 572 702 1527 1839 1702 1370 1089 825 1324 219 1529 1140 641 470 917 1476 1786 382 709 1335 782 1027 1406 1429 1980 100 829 1728 1727 1013 170 1277 897 340 1468 854 1274 1092 936 828 817 1351 715 982 875 1829 1667 755 1994 842 1657 1423 1783 1191 1033 1369 519 751 500 1540 977 354 1305 123 1190 446 265 334 672 1050 478 1385 295 1764 1781 1736 1579 1041 346 726 192 1486 514 310 251 1576 1461 550 1643 169 734 821 1507 778 1121 1172 753 1616 214 1334 795 23 1053 1541 730 1002 443 1802 857 180 794 785 1681 111 1482 1756 152 30 1448 1743 1795 773 1181 1194 1992 1475 406 31 1017 1710 1542 1124 762 66 585 653 292 1080 1570 243 1623 74 1427 209 212 1169 476 491 1933 1100 1985 28 89 412 1379 1273 887 1109 414 1996 1437 1662 630 961 1454 1315 1505 989 280 548 253 1471 1177 1057 1344 1814 1060 1059 1256 1536 983 1947 1179 1649 1229 15 357 429 233 1749 895 1988 1005 1257 837 1012 370 1729 198 1210 1407 248 705 1120 1516 136 600 1604 254 877 1155 1117 750 1703 1823 732 1225 4 1682 899 1384 1915 207 1780 1922 437 261 756 179 883 397 325 300 1157 1240 1473 426 25 860 467 900 1003 1695 1680 1023 389 1659 720 737 1561 172 492 664 
minDistance: 4.91013
cost: 242183
capacity: 199170
time: 41498
maxTime: 60000
LS1: 36728/38057
LS2: 476/1329
LS3: 0/0
shakeIters: 823
shakeLoops: 78
