3.81447:404 4.07306:1033 4.17662:1344 4.44825:1965 4.46126:2379 4.46249:2511 4.50245:2735 4.59255:2920 4.59724:3235 4.60211:3389 4.63245:3585 4.64004:3715 4.64892:3848 4.65119:4294 4.65271:4352 4.66838:5645 4.68677:14402 4.70848:14577 4.73395:15346 4.75858:15433 4.76595:16201 4.78058:16284 4.78425:17796 4.79955:18165 4.80639:33732 4.8173:36232 4.83126:45841 4.84597:45895 4.85256:46002 
1412 1229 488 1609 439 1695 100 677 1649 1996 1033 447 828 1427 1473 318 1274 961 1540 1191 1409 989 1536 295 1053 267 977 320 354 211 1414 16 176 785 219 1493 1194 1604 1190 470 1821 246 1367 1662 1947 1495 207 266 74 1858 1686 17 180 1041 77 1377 1673 1003 1140 358 672 842 212 1042 1385 1598 254 1017 204 1023 1560 1368 292 1899 13 1590 705 1219 41 1486 726 1959 792 1657 1092 794 1117 1529 1454 1027 1334 192 277 73 339 387 1351 1556 1100 1154 901 1717 831 509 900 30 879 1756 1080 1202 1005 353 751 843 1839 908 1019 875 821 1120 1659 310 1002 1542 1459 1095 703 1795 425 1681 535 58 775 736 1997 198 1314 555 973 614 265 1342 491 782 722 357 322 1031 949 300 519 1802 1761 873 1273 1852 669 1780 1952 248 412 426 459 1541 1137 289 379 1210 1875 1910 1727 1710 899 1468 1107 773 475 1814 1594 1124 1786 1823 1155 1344 209 1243 778 737 1369 499 1407 238 1697 795 1933 936 226 1555 261 917 825 664 1552 675 543 28 479 123 1645 1634 1305 1777 433 446 1781 1675 869 89 467 461 1975 1702 281 715 1030 414 1438 380 762 1121 982 514 1579 1561 1656 4 1983 1980 1516 1315 565 753 1507 1230 653 1596 572 881 709 829 99 66 1476 686 397 1379 243 727 409 1429 1682 1359 1680 
minDistance: 4.85256
cost: 242918
capacity: 199156
time: 46002
maxTime: 60000
LS1: 37500/38827
LS2: 408/1327
LS3: 0/0
shakeIters: 890
shakeLoops: 85
