4.25978:1097 4.28652:1338 4.29766:1438 4.43296:1967 4.43521:2086 4.43632:2182 4.43966:3118 4.45877:3840 4.49908:3999 4.51112:4766 4.53793:5013 4.56255:5212 4.64004:6515 4.64892:6623 4.65492:8690 4.66653:9496 4.67165:10326 4.67304:10450 4.68677:11211 4.69249:11464 4.69738:11534 4.70313:11873 4.71513:15479 4.71759:16052 4.72665:16257 4.75858:17206 4.7636:17305 4.78058:18061 4.78425:20028 4.84597:21656 4.85052:21728 4.85064:21839 4.85256:24015 4.85455:33270 4.85842:39203 4.87456:53684 
1438 1647 1579 1089 1561 479 797 1273 1459 1359 62 318 1191 668 1902 100 60 1094 1735 539 1629 23 794 726 585 1675 952 414 333 1695 734 1427 80 1041 1560 1229 672 751 1401 1030 1140 841 111 1169 1604 1556 130 699 1601 834 1786 1985 1443 778 1406 354 488 397 963 1315 117 669 198 519 1756 1933 1384 917 1012 81 630 1192 211 646 475 1379 187 837 775 499 1580 1782 1244 1844 1385 1147 468 1541 737 864 709 645 1243 169 1305 822 481 303 1739 277 1583 1057 1486 68 1746 1473 1409 412 825 1596 1227 989 1465 1481 28 339 514 439 1420 1369 1682 470 1925 1659 908 253 936 843 1120 1507 506 1172 842 1643 1915 1727 1546 1555 1121 1990 1262 248 300 295 516 1680 310 727 193 1910 1078 1164 665 309 854 1368 1296 1304 1155 4 1662 1698 180 426 1051 176 204 66 1909 1437 1446 507 1017 1225 1451 1802 1137 773 500 1590 1862 17 1814 1107 1002 1092 877 289 1737 1823 782 1344 178 192 776 654 406 903 1857 1968 1839 961 1899 1983 1210 792 732 1781 1084 977 1476 1817 175 1429 340 1117 268 1667 1797 1335 1495 828 1980 1683 357 555 467 1736 1542 1697 1040 715 296 1819 953 346 209 1124 359 1442 949 74 454 1160 1019 1793 675 447 1219 1855 1461 1681 973 1552 1645 1516 845 795 1927 212 1021 796 991 1351 
minDistance: 4.87456
cost: 246662
capacity: 199414
time: 53684
maxTime: 60000
LS1: 34854/36164
LS2: 471/1310
LS3: 0/0
shakeIters: 803
shakeLoops: 74
