3.95136:692 4.44949:1944 4.46126:2076 4.49006:2167 4.50491:2312 4.50573:2516 4.5075:2897 4.52947:3365 4.57624:3668 4.59724:3775 4.59803:3992 4.6254:5049 4.62693:6038 4.63245:6441 4.64587:6710 4.65119:6790 4.65199:6897 4.66956:7073 4.69738:7204 4.70404:7324 4.71759:9252 4.72018:12373 4.72887:12439 4.75858:13351 4.7636:15700 4.79128:17979 4.7923:20012 4.83126:21141 4.84772:24529 4.85256:25140 4.85455:49851 
412 864 514 310 178 100 1902 1680 1041 1479 500 1662 58 1335 353 775 1315 1910 751 1616 198 773 1915 828 13 296 264 1379 1542 1781 322 675 863 406 841 418 1515 1788 1632 1486 1071 1732 359 399 1727 667 1556 1665 776 1032 265 1579 1649 1839 1726 467 795 1529 693 1012 285 1495 1668 726 108 879 1202 936 1580 1359 136 1658 1857 1862 1432 1124 653 1756 1417 1368 192 1476 953 1438 488 439 1675 1089 491 1328 379 1084 1451 600 1702 1251 643 821 1886 734 825 1994 212 1063 1192 1802 793 1786 1277 1541 534 1229 380 989 211 1682 164 492 236 301 1073 1083 1334 1516 1304 548 1230 16 535 383 1686 4 334 1391 1384 1385 30 543 1544 689 1738 1333 641 74 89 1264 1966 901 23 1410 1019 1783 1273 266 1324 1140 1468 1137 300 857 189 1288 268 1080 1106 963 1050 982 630 686 1237 829 925 1057 1168 1023 842 1700 204 1127 1450 1461 397 1344 785 556 390 1821 1094 1789 1970 233 555 1283 1546 1459 1038 175 318 402 665 43 1427 961 509 737 1121 475 762 426 1473 209 1371 1604 928 354 499 993 1561 414 1699 843 1643 720 572 340 1996 1454 710 17 1797 1002 1852 1933 1305 1243 1117 1927 1954 128 1560 750 207 1078 28 544 1194 1676 918 837 1369 1761 516 253 1092 949 449 470 715 1436 1736 1190 
minDistance: 4.85455
cost: 243370
capacity: 199235
time: 49851
maxTime: 60000
LS1: 36658/37971
LS2: 426/1313
LS3: 0/0
shakeIters: 856
shakeLoops: 81
