4.23695:1142 4.33313:1466 4.34792:1551 4.34922:1696 4.42027:1888 4.43782:2140 4.46856:2447 4.53793:2990 4.6254:3226 4.62693:4654 4.63201:6571 4.64587:7858 4.67082:8150 4.67712:8601 4.69196:10137 4.6991:11210 4.70127:11264 4.7035:19462 4.7062:21165 4.70788:21393 4.72665:22123 4.74004:22889 4.74883:23784 4.75858:24594 4.7923:25332 4.79402:26120 4.8173:31049 4.82778:33687 4.82917:35249 4.83126:44445 4.85455:46515 4.86426:47005 4.89092:48397 
1642 1117 178 51 172 1667 1179 1783 1680 1764 1909 1682 1968 864 1288 1659 266 1614 1379 877 1933 80 1602 778 668 1147 508 265 130 1560 797 1002 1121 251 961 1579 309 1910 829 1385 159 247 100 1225 1589 1012 60 89 756 1486 187 521 74 895 215 617 540 1296 1030 782 117 897 944 4 1683 973 977 1744 785 506 1207 339 1120 1596 585 1543 1828 1019 1561 1092 198 1067 796 1391 821 1810 1328 514 1482 1437 1219 1032 1273 310 229 412 488 1814 1493 519 1500 925 1172 1073 509 295 1899 15 516 709 1010 1256 856 989 1237 1109 23 1697 28 1305 726 192 1044 1084 795 931 204 81 1643 734 1556 817 1401 773 1544 1782 1857 1436 1274 414 596 1050 643 881 1816 736 1839 770 1429 239 845 1604 825 853 253 1193 1894 82 212 1071 642 1354 1057 675 887 340 664 732 842 1658 1702 555 468 193 963 9 630 318 1788 1315 1829 1017 1922 1135 1138 868 1609 1203 1590 727 1822 467 837 219 1468 426 1695 254 1478 406 1461 1815 1407 17 1359 66 1653 917 920 1781 300 470 1369 1626 1137 354 730 1786 1681 158 1344 1675 170 940 175 1334 953 686 949 1542 1459 831 762 179 1443 475 793 1759 1414 73 1155 534 1844 896 211 792 1728 1377 176 1507 857 1756 1509 1124 794 1473 185 776 1863 1739 1710 1616 936 899 1335 653 1427 
minDistance: 4.89092
cost: 241453
capacity: 199163
time: 48397
maxTime: 60000
LS1: 35677/36993
LS2: 501/1316
LS3: 0/0
shakeIters: 782
shakeLoops: 72
