4.17662:1142 4.25103:1357 4.33653:1741 4.38418:1964 4.48333:3050 4.49908:3471 4.53793:3692 4.59724:3772 4.61941:5485 4.63245:7989 4.64004:8251 4.64892:8793 4.65199:10375 4.67165:10609 4.67409:11657 4.68483:11715 4.69738:12264 4.7062:12381 4.73395:12455 4.7636:13188 4.77553:15789 4.78058:16520 4.7891:27324 4.79719:29833 4.80734:30633 4.83548:52729 4.8356:57925 
198 491 1996 1369 1492 917 753 1437 266 834 401 755 68 1473 936 390 736 1221 1539 1219 720 1486 1971 1083 1401 1172 187 630 1829 1764 1923 414 111 1915 1344 1140 1756 1080 418 1427 953 726 334 793 1157 310 1002 1975 499 1137 1536 1947 1033 993 1682 585 843 490 62 794 1782 1073 1335 1227 295 1604 548 123 1675 224 253 1021 441 285 1057 1839 1683 17 179 1243 1728 954 792 989 320 751 825 1556 354 1273 842 1990 983 1902 795 1379 519 1481 1710 1933 1983 246 520 1100 1570 1852 776 1381 862 1702 737 1659 734 1416 742 1340 1579 1429 479 1823 920 16 1359 406 292 973 488 1063 421 665 1315 1050 514 503 1257 1727 412 1583 854 1384 982 165 254 277 664 23 1181 426 268 668 1667 199 1017 841 267 976 25 447 359 1208 715 429 1124 1053 304 500 857 1121 1324 1697 464 296 238 1634 1461 1071 322 1972 159 1717 1662 180 300 1225 1992 498 1652 169 192 977 1680 211 1454 1649 821 1795 1474 773 1495 1935 1501 1844 689 1590 868 544 1761 1988 1040 109 797 248 1875 1479 318 1542 896 555 333 1376 425 1541 130 918 645 112 895 1019 378 1041 705 1203 1409 961 1516 1476 74 778 203 1202 1994 1092 1414 100 443 949 1781 826 1739 1210 1191 1681 1783 881 829 952 357 1420 66 269 1012 851 1657 1786 309 1334 
minDistance: 4.8356
cost: 245855
capacity: 199158
time: 57925
maxTime: 60000
LS1: 36791/38090
LS2: 423/1299
LS3: 0/0
shakeIters: 849
shakeLoops: 79
