4.1702:1222 4.29324:1515 4.30466:1594 4.31857:1679 4.55916:2642 4.6254:4056 4.62693:4305 4.64892:4388 4.65058:5358 4.65075:7765 4.653:11592 4.65808:14002 4.67304:14153 4.67974:19223 4.70127:24386 4.7062:53809 4.71513:54594 
1262 499 370 1516 585 622 748 737 1406 1059 726 461 295 1427 1169 1844 1857 211 1824 1697 1379 1863 46 1050 1736 378 1038 516 1164 817 795 877 917 1468 1352 1443 1019 1176 1446 1305 843 1328 899 1933 515 1698 1273 616 318 863 1839 439 170 934 1381 1368 1240 396 1454 715 1620 1517 1385 1366 418 60 425 1996 1202 1541 198 1508 572 1756 276 1409 1749 1726 1124 738 1702 531 402 1653 1510 1681 401 1910 1544 1292 426 875 488 1542 535 280 1909 1351 1384 1478 778 1577 248 1795 573 1219 555 1194 1594 879 1092 923 1324 1383 1304 1780 500 310 1762 1623 953 491 1596 1738 212 1223 1209 762 354 1810 1459 592 792 1277 1634 1823 1980 192 509 1473 720 1090 1079 1238 1862 1476 1372 1509 1229 1002 1891 100 243 1335 709 1581 828 1369 1682 1983 1010 459 1802 521 1080 586 1181 1797 1423 1546 1003 519 514 841 653 771 1781 1830 28 88 73 17 1764 989 1582 1258 583 842 1540 180 1360 1117 301 568 665 1658 320 1985 712 1246 727 1041 839 1210 261 1109 770 346 667 1894 268 1414 949 1108 1327 74 705 207 1140 23 1437 1227 1927 675 340 1344 1609 172 1665 1256 1680 936 689 309 1078 1934 1479 1230 1300 901 1783 822 1727 1667 1914 122 825 479 821 1034 1376 1455 470 285 1486 265 1675 797 1162 1555 703 1315 1556 1604 751 1033 1130 303 507 1997 412 331 1932 1190 1225 
minDistance: 4.71513
cost: 241933
capacity: 199217
time: 54594
maxTime: 60000
LS1: 36477/37785
LS2: 503/1308
LS3: 0/0
shakeIters: 788
shakeLoops: 75
