4.02392:834 4.30699:1796 4.39475:2531 4.40856:3003 4.46249:3230 4.50573:4193 4.5075:4629 4.51078:4705 4.52533:5424 4.63201:5713 4.65058:7571 4.67304:8722 4.67593:13442 4.68875:15264 4.6967:17458 4.71513:19457 4.72018:20257 4.72887:20355 4.7636:21241 4.78058:21543 4.78079:22313 4.78425:22379 4.8173:22987 4.82549:24386 4.84783:32481 
397 498 1277 985 825 1455 973 1264 1596 82 1072 1756 1106 1342 1656 1634 1315 936 1626 1631 1749 1479 1032 1223 176 1613 1682 1140 831 572 1304 773 1409 630 778 792 300 1773 219 817 1459 331 1544 990 192 963 1324 1671 1085 353 1221 592 1437 715 1675 1759 1583 1255 1432 875 1038 669 1124 1397 17 1468 1927 488 1972 320 895 1516 1710 379 795 516 664 1508 1694 1604 467 333 1576 468 1019 1910 794 261 1410 732 801 1947 180 1296 586 1476 1736 1385 1116 1616 1012 785 856 1229 727 164 615 100 514 266 1288 1509 1802 1137 1782 961 117 717 1443 1478 1454 1182 1359 4 1855 1155 1306 857 762 247 977 873 782 1219 1171 1806 1552 435 175 1328 1190 828 1542 642 1351 1177 539 1429 843 28 1915 1781 1997 617 837 730 1817 1598 1482 354 1121 470 1379 776 23 1181 1030 506 1717 784 737 883 1094 1727 1702 1839 1438 1423 165 1556 705 1951 1344 1335 917 1495 1823 491 1227 1417 877 1524 1084 1794 854 1486 1894 1002 1561 1406 60 13 1653 756 500 726 390 953 80 931 709 1240 499 452 1243 949 1968 414 665 1810 248 396 1092 1461 1789 1003 771 1067 412 211 1579 1922 672 1334 983 803 1697 1681 1057 842 519 1273 1933 66 198 318 74 641 504 1786 310 1383 1040 178 585 1546 111 357 1659 1369 243 1828 
minDistance: 4.84783
cost: 243348
capacity: 199182
time: 32481
maxTime: 60000
LS1: 36149/37489
LS2: 468/1340
LS3: 0/0
shakeIters: 847
shakeLoops: 79
