3.95136:689 4.1702:1328 4.17264:1478 4.17662:1705 4.30699:2026 4.31303:2147 4.33653:2592 4.34685:2686 4.35969:3358 4.43966:3960 4.45877:4184 4.46126:4375 4.49908:5560 4.51078:5686 4.56255:5897 4.57118:8576 4.58671:8986 4.59906:9118 4.6254:9227 4.64587:10820 4.64892:13329 4.66956:15006 4.69203:15276 4.6991:16081 4.7035:19262 4.72018:22299 4.74847:23599 4.77005:24954 4.78058:26242 4.80734:26383 4.81094:26516 4.83126:26639 4.84597:26819 4.85256:26973 4.85842:27723 4.89092:30337 4.89353:32642 
1797 1019 1351 753 1109 1630 303 1486 81 1340 1736 641 1219 1237 179 792 899 1616 470 1857 1063 1273 1546 1369 414 1050 492 1243 1073 856 1335 568 15 519 266 596 1120 1569 1756 1414 509 1980 1012 1227 1255 464 243 1772 1344 493 1556 720 875 1590 1877 793 340 1194 1191 665 1277 306 516 300 187 1609 270 198 1604 1682 1190 949 689 773 834 192 709 310 1117 1229 1523 1325 1423 1516 500 1542 212 925 1652 1162 253 380 17 1271 795 1988 1782 354 1544 842 785 1225 1579 1209 1143 1376 1649 1432 1954 1144 1437 233 1680 705 254 169 1461 726 412 1909 828 755 66 1297 159 645 837 825 74 985 1092 176 989 617 1662 1886 488 100 982 1172 255 585 908 406 1334 359 953 211 1089 1385 402 491 1795 860 1304 1828 1681 1324 89 1908 544 1839 1687 425 1017 1659 1536 16 675 1653 1560 1764 322 1996 776 247 1476 737 23 1264 1478 1148 296 1267 777 732 1124 751 220 1658 635 1665 4 727 1648 1240 1256 346 1127 1023 1315 175 638 389 1541 895 1676 514 1657 1495 664 1781 572 1643 204 923 1140 1645 1213 1305 1002 1602 1933 46 418 1473 1455 285 722 928 703 1728 1454 1875 1328 936 1739 697 1359 1100 586 1248 1915 130 1471 556 672 762 1407 261 1482 1223 1080 142 318 1983 1746 630 794 1695 248 1801 1786 
minDistance: 4.89353
cost: 241047
capacity: 199313
time: 32642
maxTime: 60000
LS1: 35173/36447
LS2: 393/1274
LS3: 0/0
shakeIters: 844
shakeLoops: 78
