4.39721:1333 4.40856:1396 4.42027:1602 4.43638:1923 4.43782:2018 4.43966:2083 4.49006:2650 4.49908:3313 4.50552:3394 4.51078:4087 4.56255:4437 4.56875:4560 4.57118:4696 4.57258:5755 4.59721:6064 4.59724:6171 4.6254:6432 4.63086:7271 4.63245:7412 4.65492:7894 4.66004:8000 4.66644:10428 4.67304:10573 4.6967:10741 4.70619:18055 4.7062:18186 4.74845:19228 4.75858:19289 4.76595:19604 4.76655:19819 4.79402:19914 4.81605:42467 4.82917:52689 
192 410 762 1021 1138 1898 1464 1596 1335 797 54 920 1910 864 1344 854 1561 1057 1191 1364 831 1759 1632 579 706 548 974 1717 1017 737 340 1124 1237 1305 479 100 1659 917 1459 506 734 1749 1579 1181 426 292 267 801 726 1852 795 406 1682 675 1783 272 1155 727 380 346 1500 1476 1219 170 1933 1075 782 805 43 1736 1427 1014 1996 1789 730 370 1154 1277 1761 1516 459 1092 1255 253 123 1990 491 1080 1050 1030 1486 77 88 1192 949 219 519 198 1210 803 1781 1461 1687 322 1609 879 1325 1686 476 1756 84 1450 653 1585 1414 1225 1471 936 1437 1735 842 1327 111 82 1369 397 837 447 1283 641 1627 130 1117 187 1966 590 194 529 1073 1293 773 277 475 683 1778 989 1529 310 794 953 1334 796 1653 425 1109 841 503 617 1478 1863 4 60 175 354 1773 514 1230 964 1194 1979 1959 630 534 1168 357 863 488 1324 1091 1333 300 1972 1315 353 672 1590 585 1764 464 211 792 1405 899 1244 778 1947 334 1367 897 296 1645 1844 1556 732 828 500 169 668 1802 266 1123 1048 825 1555 16 248 961 95 1229 57 212 1695 306 1012 982 1542 233 1328 1656 74 1546 439 243 412 1915 318 117 1005 1683 1157 1248 1359 793 1379 643 23 402 1927 600 572 1273 265 1274 1429 1121 1002 1006 1786 573 709 1407 1120 1385 1983 1019 1090 207 178 1816 1839 
minDistance: 4.82917
cost: 243970
capacity: 199326
time: 52689
maxTime: 60000
LS1: 33875/35252
LS2: 625/1377
LS3: 0/0
shakeIters: 719
shakeLoops: 67
