1.98895:538 2.01045:850 2.16166:1330 2.3683:2147 2.38619:3020 2.40177:4702 2.43976:7102 2.44639:7368 2.47309:15587 2.48429:18740 2.51918:19045 2.53321:27454 2.55702:28599 2.57671:30951 2.57894:38272 
1050 637 932 1618 1183 1745 1959 1668 385 1438 1731 1966 60 1828 673 1357 175 906 276 1225 1151 123 515 82 933 1203 787 1251 489 1470 846 192 13 434 623 1667 1495 400 748 137 865 1192 1627 41 1006 272 499 763 590 90 1596 248 316 190 1888 252 1868 143 1219 721 537 380 1771 1623 570 1753 1275 715 505 641 1142 687 185 737 1228 1696 940 1033 1163 961 1975 1976 1964 1087 89 1320 1036 600 681 211 187 853 1825 1478 1487 1409 572 1165 362 1822 1053 44 304 895 649 206 1707 764 365 1533 1273 592 410 364 1125 619 198 1794 1139 1525 1554 1706 27 193 483 1255 1107 238 1670 1306 349 1569 1793 1235 784 1971 1092 669 340 984 1271 247 158 1100 513 234 1709 834 815 201 1502 1244 946 1392 745 1526 1059 1366 761 1847 520 1585 1106 93 821 1245 924 1736 1465 1300 257 856 705 1073 742 709 1721 1034 1624 1632 1384 169 1743 64 1200 112 488 1935 1386 1955 1783 1865 51 510 767 1361 1917 1411 59 172 1340 551 732 1453 446 168 1408 1009 431 255 1829 78 663 1238 565 46 164 559 1463 836 251 1083 1356 1789 1913 1984 126 1797 227 1388 965 1530 1485 1680 1082 1278 1250 667 66 1894 1656 23 647 1202 1593 15 778 1413 1105 535 1031 1222 620 1625 1692 459 1160 1586 839 1970 1258 1950 379 38 989 861 1527 1996 1472 1662 759 1556 1954 1635 415 1910 1126 1808 774 1017 1043 985 374 401 830 1578 17 686 1784 1468 1256 880 68 1464 1292 674 1653 643 1826 245 1779 1401 664 1768 1350 214 1671 219 1024 1606 657 31 107 173 1663 1419 950 264 1544 1346 1020 183 1764 658 1665 1253 1851 1067 165 1734 223 1077 1211 1295 1181 1333 1297 108 808 39 241 170 161 904 1375 1637 1040 1853 801 1813 972 1303 506 1121 546 1191 480 1885 49 553 178 487 823 835 1220 1562 493 539 73 244 1379 306 371 1412 155 1726 1140 285 467 118 1842 953 350 94 1552 754 1730 704 1831 1360 688 1003 174 1136 1339 1347 888 1644 844 179 261 1766 1479 824 1510 1214 6 100 114 1 749 1849 886 1926 1961 606 437 723 1991 1500 1193 327 901 1178 1598 1032 971 1584 134 814 460 1904 516 530 1658 954 290 1932 62 498 56 699 614 1600 1938 254 1980 176 1695 222 292 1951 1684 916 710 1079 1127 212 1091 1154 1400 896 233 1506 1540 939 503 773 191 249 412 119 622 556 1594 976 642 609 1770 1118 1659 997 393 1114 195 755 1798 1448 1316 1240 1801 422 661 1231 1988 1190 194 1045 1814 1790 1619 831 769 613 384 1076 1095 793 
minDistance: 2.57894
cost: 246779
capacity: 298765
time: 38272
maxTime: 60000
LS1: 7588/8888
LS2: 758/1300
LS3: 0/0
shakeIters: 527
shakeLoops: 49
