3.18426:1724 3.40151:3179 3.41051:3767 3.42593:4108 3.43964:5303 3.48672:6161 3.48838:6258 3.50398:6623 3.52113:13749 3.52672:14067 3.5397:15512 3.54527:16608 3.55563:17977 3.55968:19075 3.56652:21517 3.57167:28757 3.57682:29094 3.58224:30429 3.58708:30543 3.59596:33439 3.60015:48291 
720 467 1354 205 1529 497 532 431 1705 235 234 340 900 903 119 1190 89 1193 875 647 351 1485 1956 625 179 1330 1816 1336 1080 1438 152 1014 1273 1057 31 1053 138 1952 1675 199 258 1648 1032 1420 341 236 673 907 168 1702 596 109 1541 847 519 651 1453 1455 133 860 300 74 1094 576 1912 353 432 248 845 1768 1456 527 211 665 1552 97 406 619 1631 1658 567 1258 1124 13 165 78 384 544 50 371 1473 59 1544 130 1947 1073 333 1031 1432 638 645 1520 1088 1200 705 305 1498 1659 1743 1630 834 1177 1201 1274 1600 238 266 964 1747 568 1401 1721 1309 1875 1823 1783 806 1130 1737 414 1105 81 1023 1210 772 1516 1681 1335 1667 459 775 1687 445 100 95 1811 1466 1904 28 192 807 953 1773 58 1513 323 663 1138 1917 1454 1106 155 1706 1846 382 1256 1479 1767 600 1754 1250 550 1183 677 1703 628 1594 1001 1963 825 1377 1835 1066 874 1217 184 1011 429 1726 1914 542 1801 1155 1059 615 801 425 1381 1946 773 1267 1307 325 1028 726 623 641 254 485 626 441 1240 1342 1709 757 672 704 316 815 337 1565 1839 1976 233 1290 517 1734 1863 1934 689 1239 1716 1672 482 1842 342 214 1041 985 111 1402 1439 604 870 321 1118 1171 1172 1184 1986 251 585 1507 128 653 1042 837 1194 261 250 66 635 778 410 1008 1017 1367 1313 829 222 1081 1738 1784 57 1060 1744 1383 464 1913 1634 768 974 574 662 1475 618 894 1922 370 136 110 658 358 1545 1409 1826 723 1306 1780 838 1540 1304 191 917 424 203 1229 1837 488 1120 1376 1029 1394 1357 1797 1223 357 1476 209 1997 1442 1379 1676 1074 1951 982 398 5 141 1320 1645 14 1570 1623 734 1573 1333 1364 593 842 23 1186 1471 480 1446 959 746 347 1872 1750 1794 1090 636 1665 500 1230 1374 354 1314 212 1495 1815 1145 2 800 1959 1907 529 637 468 1143 1034 1255 68 1850 756 1157 976 535 1892 317 881 213 1242 1493 1429 1164 1019 1542 729 1221 124 1086 1063 1385 1430 1803 243 1654 446 1404 1416 1322 614 1151 828 961 755 47 75 643 1189 304 718 986 176 4 108 924 1957 1994 146 782 1664 
minDistance: 3.60015
cost: 361246
capacity: 298755
time: 48291
maxTime: 60000
LS1: 21350/22253
LS2: 380/903
LS3: 0/0
shakeIters: 502
shakeLoops: 46
