3.16519:2026 3.37354:3283 3.39584:3695 3.39665:3849 3.4005:3972 3.4009:5280 3.4056:5493 3.42569:7716 3.4744:8456 3.47702:8655 3.48672:10712 3.48838:11353 3.52513:13134 3.53275:21245 3.53938:26322 3.5397:26433 3.54939:28172 3.55508:32258 3.55563:32390 
1091 247 475 1217 714 664 667 1335 227 1664 778 687 961 1773 1801 1151 266 269 1059 1963 860 759 903 966 825 358 353 1746 141 730 600 1498 309 532 842 251 435 184 1846 1409 539 683 1754 18 1641 941 1924 414 373 785 140 1676 990 474 844 473 108 1350 549 1193 1089 775 834 370 1795 80 510 1997 233 1424 500 160 789 645 1689 1124 1120 726 1183 628 639 1446 653 1255 1258 904 1180 69 801 299 1922 1996 468 1380 1875 402 323 718 13 119 772 1815 1880 1321 1835 1643 651 1189 1726 1647 35 754 807 1546 1177 593 1048 773 1342 982 28 204 1600 1745 1273 355 1369 535 202 1325 1343 908 1163 1495 191 1423 1840 638 1404 429 192 900 138 152 1029 1456 1894 1836 804 1493 1876 1583 614 1728 238 1330 678 218 1328 1066 576 1233 715 381 1150 845 1067 133 811 1190 464 514 1544 1523 1439 212 686 771 585 336 991 1710 1053 199 1466 1797 705 488 597 290 865 929 321 110 1612 427 1374 1008 889 615 357 83 806 1952 1385 1681 1917 198 1058 1823 1706 1491 1645 1140 1073 1063 1852 359 62 1475 351 1468 1407 1648 1248 1040 1542 1500 1074 482 1088 1429 974 1803 1242 1333 1720 1062 1304 155 1609 1379 1872 74 692 1200 1994 100 298 1842 1566 1521 734 984 193 572 641 1240 89 1195 24 1721 1837 643 1391 209 756 1246 1759 314 672 1080 304 1453 1130 480 1594 1113 466 564 1850 95 1230 1306 1381 1316 1126 1076 1291 1097 1401 1041 445 513 1739 1700 1784 128 1229 1598 1946 1031 432 206 1023 574 58 1614 1540 258 1092 779 130 1256 342 1221 1536 412 441 1873 953 767 917 1032 31 556 831 2 1211 124 264 1786 1658 213 573 57 1959 770 1830 234 1593 1157 1839 82 704 1033 1552 1665 375 1545 97 1290 1479 1387 316 776 1947 1052 907 1239 1957 423 68 973 1637 1655 485 410 1968 788 1131 1473 1087 5 431 630 1153 1455 1288 236 116 1454 565 81 50 1121 1750 819 470 668 1377 782 416 86 1357 1913 1782 317 1573 331 406 1274 1086 1910 1863 1951 384 985 829 669 511 250 1427 1019 1659 655 1919 895 1386 1570 1345 248 1956 341 425 870 478 1169 163 1794 1630 677 755 421 
minDistance: 3.55563
cost: 365070
capacity: 298740
time: 32390
maxTime: 60000
LS1: 20332/21258
LS2: 474/926
LS3: 0/0
shakeIters: 433
shakeLoops: 40
