2.85812:579 3.30653:2323 3.33576:2526 3.35507:2816 3.36076:3081 3.36192:3296 3.4005:3764 3.4014:4330 3.40151:4638 3.44137:4902 3.44369:5183 3.46947:5536 3.48838:6074 3.52513:6699 3.53275:6937 3.53938:7822 3.54939:9115 3.55508:9428 3.55839:19829 3.56652:38819 
1725 1371 1293 353 467 801 517 1736 637 375 1087 427 667 739 309 937 748 628 1806 918 296 1145 74 272 1416 775 1023 1120 1521 1612 114 1150 772 253 1427 1187 160 262 900 850 119 771 1544 1664 1621 1223 314 1062 1076 1186 2 1228 1354 787 254 466 527 1540 620 1637 482 1754 445 865 1089 642 138 1060 1856 513 1976 1917 1359 1342 108 1545 1907 100 1741 907 1454 478 214 488 1839 726 179 1815 213 615 1947 328 1510 1230 233 307 124 122 1357 991 327 1681 744 860 1476 239 152 128 917 1189 1536 657 773 1796 511 987 1610 778 1379 410 1842 81 1345 1475 869 933 1959 1179 932 1019 825 1335 1828 236 1329 1684 1696 1565 1743 1059 875 626 698 686 1689 1248 1090 416 468 1385 1801 505 849 69 549 782 1786 234 1032 1573 770 1097 847 1121 1803 829 1789 1053 1702 613 1394 619 845 1041 491 963 653 62 1709 1157 1665 903 823 393 1671 1401 31 1273 1446 97 199 1142 891 1367 894 392 279 645 570 1432 707 1880 406 779 1233 247 1169 817 864 432 283 476 1835 1322 1956 1374 316 1304 1240 1409 643 1465 238 1391 1163 435 600 437 385 729 919 355 606 359 953 384 1033 585 576 5 1667 1658 780 412 333 1930 1277 1948 248 1826 534 479 450 1443 485 1645 673 110 1739 1257 1600 514 789 1063 1105 1028 1655 1131 1763 370 1997 1485 1527 139 638 209 1313 1744 1875 641 842 1659 1690 834 651 1081 1491 1422 1094 1171 1238 807 1914 257 68 1330 1473 1151 1594 168 1466 1321 677 624 1369 1434 1583 856 401 1726 1641 1625 1316 755 1623 1983 169 304 1201 1455 529 72 672 1542 89 509 363 1031 1866 820 680 345 1517 323 616 519 1143 155 525 922 1221 718 969 1398 1080 941 1328 4 1487 1694 1336 1008 1620 1996 1074 623 340 565 1098 1177 1377 754 982 1250 13 455 193 95 734 720 1431 1533 336 1863 1924 1630 690 1164 884 1493 1376 474 1946 1598 1647 705 1333 1894 1952 47 532 704 1363 269 342 1314 695 1479 383 1066 331 1582 973 730 1604 1552 1963 535 710 1766 974 1404 1119 1211 854 1710 1130 54 212 1182 1846 1429 1654 306 1086 929 421 1913 1291 870 1865 1873 1306 202 1073 1456 1091 806 50 940 568 
minDistance: 3.56652
cost: 366673
capacity: 298778
time: 38819
maxTime: 60000
LS1: 21726/22577
LS2: 346/851
LS3: 0/0
shakeIters: 485
shakeLoops: 46
