3.25399:2068 3.27106:2240 3.3114:2630 3.33576:3576 3.36289:5488 3.40151:6262 3.4056:7806 3.42569:11483 3.42593:11565 3.4262:11686 3.43964:11964 3.44369:13087 3.46369:15550 3.48008:16051 3.48838:16178 3.50398:23073 3.52513:26033 3.5397:30034 3.55176:32078 3.55314:33693 3.55375:35657 3.55563:35931 
1413 299 170 128 1542 1922 133 1273 108 642 635 1801 729 1143 819 1544 1806 1081 1250 737 628 1357 647 1737 28 800 776 1667 1697 1383 1151 1482 1804 653 82 1908 461 1450 973 316 1256 1291 1647 1926 248 1850 1487 491 1073 1951 919 1201 1186 1223 873 1189 384 651 519 596 1507 1648 1053 807 1239 58 290 233 730 1003 770 17 1799 514 64 370 1634 940 214 1870 306 1121 1709 677 1794 488 1086 1138 771 1559 152 1399 1676 445 959 825 1246 637 1164 875 304 472 1992 1726 963 1142 715 191 1200 1057 1548 1290 535 1761 466 1377 1429 656 317 383 1658 1333 1439 865 1485 929 1063 1238 1918 247 734 168 755 1997 778 1067 184 1342 1465 1105 1031 1114 585 1432 1409 358 636 966 234 1996 449 670 218 1126 1645 969 1466 89 881 672 480 69 212 1705 851 192 1606 884 1946 401 860 894 1728 1963 36 1924 357 1907 1839 1998 991 619 1173 1228 206 829 261 1842 580 140 931 1385 826 1066 406 1307 468 1570 1475 917 47 314 1074 1473 1407 1110 801 238 1943 138 1828 1091 631 1379 703 1594 1094 1614 1369 1623 342 883 1684 550 1240 1659 1314 1080 1023 202 576 567 1137 254 1696 1815 721 1193 1579 146 423 542 854 199 1211 1494 1702 757 1743 1540 425 1745 5 500 879 355 1602 1182 412 1087 1335 1316 1274 155 821 974 1312 878 74 13 424 985 1150 1454 1835 579 408 494 1479 1267 739 1955 1600 1948 1952 1495 1892 1625 1002 573 673 1130 982 179 1330 88 686 668 1875 1172 1873 1754 1796 270 1959 638 416 1576 1640 1056 467 772 83 119 1446 470 908 1019 1221 1526 1983 775 435 1885 1325 283 1041 705 707 1563 1681 600 439 1872 1894 524 1306 527 643 410 1309 1203 165 1212 1783 1217 381 1014 111 456 509 1029 351 992 1115 657 756 831 353 1738 1665 1687 31 485 641 1089 1090 630 54 1780 720 1401 593 1797 1427 1248 1255 239 941 1190 437 1527 378 1700 1171 953 832 789 1381 340 259 160 834 1229 1914 976 309 297 773 874 539 193 414 499 733 222 1590 478 626 984 1178 796 1204 1354 4 667 1720 110 1741 341 820 411 615 1304 961 285 97 722 845 1782 1933 1076 663 91 574 382 1837 1498 549 
minDistance: 3.55563
cost: 355678
capacity: 298914
time: 35931
maxTime: 60000
LS1: 19302/20150
LS2: 407/848
LS3: 0/0
shakeIters: 419
shakeLoops: 38
