3.26391:2074 3.27106:2290 3.27193:2404 3.30653:2681 3.4009:3798 3.40151:4078 3.4056:4715 3.42569:5448 3.43964:6973 3.44369:7148 3.46369:8708 3.48838:9168 3.49213:27043 3.4981:28714 3.52513:31035 3.53618:32527 3.5397:33110 3.54939:33587 3.55176:33877 3.55402:34189 3.55508:34337 3.55563:34418 3.55839:36834 3.56754:57940 
1138 108 1683 248 1852 535 1894 1508 801 1380 1600 626 969 1398 1659 526 883 109 1917 1401 342 1057 567 1367 1449 1924 48 1404 935 97 1182 1880 100 1201 568 1357 1696 1996 641 1189 657 628 845 1632 1700 539 340 1604 1815 357 1705 421 1431 1468 1277 961 47 488 499 219 383 878 476 1230 491 529 1736 89 623 1454 707 359 1473 1710 281 1797 1076 110 1290 593 796 704 1094 1008 1690 68 519 755 1946 772 406 508 1550 847 304 1314 243 643 1102 1240 875 402 425 1630 884 1739 1963 209 1002 834 576 1544 1157 1121 739 1019 233 1598 309 1073 1520 191 870 1948 346 1909 1354 918 125 987 1074 1024 737 213 119 5 1657 756 789 1783 851 140 723 1309 585 1922 1782 1665 907 316 272 1494 479 205 1190 1225 1037 840 1060 355 1561 856 1409 152 13 1377 1642 1986 1647 786 1966 1570 1438 227 473 1239 1363 1479 879 937 614 389 1048 500 900 773 1806 1787 264 1754 873 234 1023 645 482 600 1177 982 184 705 341 891 1274 596 1255 1411 1131 1706 497 701 2 1702 1181 1187 74 1394 466 1689 1058 1256 1012 1322 179 726 573 1172 353 331 869 165 314 1875 677 370 1576 461 1681 99 776 1933 339 647 984 1091 973 881 757 1379 54 820 532 712 778 214 1422 680 351 1560 445 1304 1709 1066 116 1640 1029 1870 242 494 1947 1432 467 1041 1080 1142 670 1329 1475 1997 1052 559 1248 635 744 1837 1164 416 1316 1796 893 1464 1726 28 842 1429 1664 1265 69 1195 1130 435 472 1151 1667 636 831 1716 770 1556 1614 1446 1453 441 1625 1022 239 347 527 734 638 1839 1904 1428 1063 860 1593 1498 325 933 1250 1067 1620 433 1273 1003 1990 1169 254 1610 992 251 238 1120 138 953 667 192 509 128 1804 1801 1541 266 1634 1335 410 1513 412 1959 49 1203 1943 1645 1694 123 170 1461 1313 1420 306 236 897 1907 1062 1956 193 991 1374 169 338 1676 1930 392 1579 829 1834 293 1789 1089 1951 672 438 1842 1466 168 1481 1150 18 1721 202 825 1565 886 1053 1032 1369 619 1952 1221 250 1345 1892 1090 212 279 216 709 1306 1542 1193 963 1743 1684 941 715 1312 579 1333 1865 1567 1605 1495 1552 903 50 1385 
minDistance: 3.56754
cost: 360241
capacity: 298757
time: 57940
maxTime: 60000
LS1: 20352/21236
LS2: 418/884
LS3: 0/0
shakeIters: 442
shakeLoops: 39
