3.16113:1674 3.18426:1984 3.23497:2308 3.30653:3300 3.339:4290 3.35995:5305 3.36076:5968 3.40151:6860 3.4082:7556 3.42569:7708 3.44369:8100 3.46947:8398 3.48838:9166 3.50398:12073 3.53938:12259 3.5397:12603 3.55563:12848 3.60015:28426 3.60523:34534 3.60527:36672 3.6134:45871 3.61578:58189 
619 1102 253 900 165 119 467 304 1203 1794 893 1131 1126 1733 312 653 796 50 919 798 1329 4 342 1915 375 624 323 1545 412 1836 1150 133 1067 1946 801 192 982 580 1728 28 1475 677 807 1912 1922 1976 773 614 726 109 347 108 800 755 214 770 1073 878 1754 170 860 1240 535 1357 1686 1717 480 353 1637 337 1650 233 1454 1267 238 1230 474 234 570 894 1990 1273 1487 1880 834 699 1080 1291 879 209 441 1672 1837 1801 941 1414 1278 835 1797 341 593 1840 1540 1022 1917 1700 74 218 189 778 1814 754 539 199 1588 479 576 1924 2 1963 1552 1189 851 482 600 371 359 1228 639 1191 418 500 1091 1172 1354 1789 1090 1839 1089 128 1335 1705 1194 1306 966 604 641 1142 1162 49 68 130 1239 1427 1501 1664 705 316 40 1676 168 266 793 258 236 1739 445 410 456 1464 638 222 488 1124 1076 670 542 424 239 286 989 1381 1856 1304 698 1996 443 1783 293 1523 1250 1643 207 514 382 1255 437 1598 1529 1053 1171 1029 155 730 1904 1930 1336 490 636 645 789 550 1429 1914 1453 1957 1741 643 160 519 1393 969 1325 829 529 990 1314 1363 1744 303 1051 1702 31 179 308 1681 1500 526 1401 58 1646 1994 1256 963 1886 1374 1594 1391 1654 1151 1667 1951 568 1016 468 759 647 100 1465 1747 1060 825 1461 579 331 1322 1513 1023 1106 185 425 908 984 251 880 1658 1466 875 124 1473 1835 1479 314 1872 1786 78 261 358 494 1040 248 959 1576 987 734 325 1544 532 59 1971 628 775 985 1630 1826 881 433 299 431 788 1527 129 1997 1875 1177 657 806 1138 1682 212 1952 1063 1179 140 901 1606 1515 1862 1947 1394 826 1842 1600 1309 665 110 1347 1881 870 1804 1645 672 1313 1965 97 1143 1516 1048 152 1130 471 414 1333 1145 283 585 895 1716 1659 873 1614 355 804 1316 1746 689 727 1933 1058 1014 213 401 459 817 370 1892 1623 1398 1385 1823 509 1657 1032 1011 242 1468 954 1221 917 1689 5 1031 1290 211 466 1803 704 820 1442 136 54 279 553 1721 635 477 1432 828 1542 1455 1328 13 307 1570 89 1795 1012 80 351 1888 1008 1909 510 1120 1446 772 1200 1157 24 1526 935 1780 625 1632 517 
minDistance: 3.61578
cost: 364563
capacity: 298806
time: 58189
maxTime: 60000
LS1: 20366/21246
LS2: 389/880
LS3: 0/0
shakeIters: 469
shakeLoops: 41
