3.22368:2266 3.25399:2664 3.37354:3967 3.37591:4175 3.4014:4898 3.42569:5106 3.42593:5195 3.43964:6483 3.46369:7006 3.48416:8822 3.48672:10512 3.48838:13256 3.49792:23113 3.51298:37653 3.51784:43765 3.5397:43989 3.55176:48218 3.56196:56563 
494 721 1543 1938 528 1076 1813 628 125 1766 1750 1950 187 1411 704 886 1033 1164 1754 13 1239 268 606 1947 1073 973 964 859 1008 1513 1726 1560 116 169 97 1306 1186 1922 709 54 576 123 439 1536 579 251 18 974 429 553 677 584 1576 1362 1570 347 1277 1620 1684 1656 829 834 1017 1250 1275 1256 1060 1946 1640 1377 686 1335 128 1151 1284 775 242 532 600 1924 1667 359 74 683 314 1032 1481 1330 351 1157 1944 1297 535 1028 204 918 1316 729 801 1837 491 259 203 1190 321 844 1379 1495 1172 1029 307 1385 1240 544 431 394 959 1630 234 1727 986 1357 1131 1019 726 1600 643 1892 258 1707 1706 1821 1336 331 987 672 903 412 654 1011 1454 1169 772 266 618 1374 238 435 285 248 1652 1211 1182 1710 716 89 1834 639 577 1952 891 1201 327 658 243 982 883 669 1907 1314 1806 1913 509 276 1934 1681 1689 1424 825 645 1369 421 1909 869 1579 1529 705 1542 1003 370 1310 1195 1695 907 1143 1840 1875 1404 1383 1020 1025 389 1274 1278 593 1304 340 1059 425 1894 1823 1830 1050 212 756 1422 165 48 860 1918 539 1405 437 320 1105 1223 309 410 1676 383 279 508 1544 1702 1200 819 1479 820 109 1431 1120 1801 468 1291 1498 517 1966 168 1822 1333 1386 1461 1797 1429 1376 1437 85 264 1041 1665 1567 408 30 641 50 1367 257 2 341 449 901 849 1927 504 1390 1453 984 1879 1121 906 1659 1914 1501 1708 815 559 1527 214 1997 770 68 1561 1654 398 1745 1432 303 406 1246 694 1645 1658 1248 596 1066 108 1550 1150 272 1705 615 680 638 1342 1716 1080 500 485 1986 205 795 466 1846 1746 1012 8 111 1904 100 1521 1870 15 178 734 723 1401 1943 1768 510 254 1446 1351 1788 1177 623 990 124 336 1713 1842 475 568 853 920 353 397 152 1996 1290 895 1468 1972 778 293 1142 1067 1919 1184 961 233 665 525 262 322 1573 953 1193 1023 361 416 414 456 585 1791 1409 110 1694 1090 631 773 213 1719 1265 1609 140 755 1035 823 1430 1189 1439 219 5 779 461 992 933 441 1795 1229 464 1664 1354 306 445 1057 488 1345 1031 1796 875 1683 31 1721 192 667 514 119 1744 1614 1427 432 506 1233 1226 1293 338 1948 1696 787 845 249 1130 57 1647 478 720 
minDistance: 3.56196
cost: 358992
capacity: 298845
time: 56563
maxTime: 60000
LS1: 20199/21096
LS2: 447/897
LS3: 0/0
shakeIters: 432
shakeLoops: 40
