3.26391:2405 3.27106:3296 3.27193:3510 3.31015:4291 3.31797:4424 3.32587:4838 3.33256:4944 3.33676:5434 3.339:5860 3.35507:7716 3.38273:8048 3.38752:8317 3.4082:8744 3.41922:9594 3.42569:9706 3.42593:9987 3.46947:19680 3.4744:23487 3.48672:23652 3.48838:25660 3.51053:29595 3.52513:29980 3.54939:31472 3.55563:31827 3.59072:47973 3.59288:49153 3.60015:49427 3.61109:54005 3.6134:56695 
1008 317 1190 1683 47 1267 29 488 331 754 497 1137 875 1143 1428 1957 250 1473 485 1350 1645 773 425 643 961 757 918 59 1200 1796 298 1181 1632 539 900 619 129 550 309 1498 86 1990 1684 116 111 829 466 1062 1182 1754 1360 155 692 1548 1702 239 1270 1154 796 1052 100 1842 1526 1803 1654 931 982 1739 1189 1594 905 815 297 97 1090 99 33 1786 519 1761 248 1671 1277 1080 236 937 1453 364 1438 1385 152 677 1088 656 1306 1494 259 1593 406 1401 23 820 786 322 491 841 1342 1304 1345 854 1023 1716 600 1193 1246 5 1106 1042 1872 1481 1914 1815 798 1740 2 213 1922 1239 739 565 192 339 895 1 689 303 1288 353 50 1145 879 749 279 801 1439 209 251 1422 459 860 637 897 1248 218 399 1540 974 1614 593 1667 517 1256 647 165 1240 1329 80 1653 383 476 1852 1672 1596 964 323 1912 654 1690 1976 1997 1492 1102 1495 1928 346 371 1089 16 1541 398 122 1475 1791 526 1930 834 704 456 722 316 1364 1951 108 74 1131 1066 532 384 806 416 907 1952 542 1835 1103 1561 1157 392 133 382 304 1086 340 881 1056 306 933 370 1063 635 1067 1432 1759 894 1709 1804 556 1948 1073 1273 81 1081 1839 1637 119 580 626 1623 214 1875 1233 991 865 1542 1316 1335 1229 1552 1264 1029 170 756 1076 759 873 1003 1909 1250 576 1706 705 614 734 1322 441 1379 1466 91 109 168 242 1801 1144 1333 1155 341 1696 1959 1840 1610 553 1641 1606 653 1108 146 1995 1724 219 1700 778 82 445 191 521 672 1293 1996 1810 1681 1255 568 199 1658 1195 513 1479 924 628 1919 618 1019 1367 68 1570 529 1917 1150 1965 807 544 1398 1454 62 314 1600 1429 1409 935 1130 695 770 1797 13 461 1566 262 870 1946 1744 293 212 207 670 1986 1830 247 1736 1407 138 1274 726 1414 755 1059 776 845 804 984 1783 638 408 266 667 375 1652 472 185 1846 630 1386 359 1183 1402 1521 1128 110 1880 357 351 1372 1105 1544 89 917 1446 1309 1620 847 1726 922 779 395 54 584 198 1017 1194 506 1545 1787 420 1031 1357 499 772 283 1576 1225 1966 1374 825 1659 1115 1500 1766 1513 1387 1426 953 535 1665 641 793 
minDistance: 3.6134
cost: 360594
capacity: 298778
time: 56695
maxTime: 60000
LS1: 16965/17840
LS2: 469/875
LS3: 0/0
shakeIters: 377
shakeLoops: 34
