3.11227:1671 3.2363:2758 3.27106:2934 3.339:3408 3.34216:3656 3.36076:4111 3.39639:6808 3.42569:7605 3.43964:7955 3.44137:8034 3.44369:20081 3.47702:26578 3.48838:27366 3.5164:32651 3.5397:33044 3.55375:34830 3.55563:39491 3.55839:48532 
1393 1240 573 966 236 480 1796 95 1509 1075 531 1630 1684 1443 1479 1570 513 314 1356 481 1801 1193 1907 1904 779 1799 1181 756 1223 1676 1961 97 1177 673 1221 286 1542 431 893 1828 1968 1359 641 440 1274 635 726 1448 1377 773 1335 801 505 889 474 1493 1199 1826 1952 466 1184 68 170 66 383 468 1273 50 772 402 1189 309 370 806 401 1612 1212 623 1875 1552 589 511 479 1814 881 1306 1355 146 1394 74 542 1407 1073 527 435 1275 1360 1645 1990 847 645 985 657 778 1797 678 1270 28 1924 1381 1423 243 619 1264 884 214 539 239 89 1761 1996 1954 222 490 160 879 1739 683 1656 1118 1492 1672 1705 1997 1625 213 1946 1095 37 138 81 1106 85 251 1892 340 1150 1583 1512 1495 110 1386 212 1401 1130 13 2 506 1870 218 1784 412 665 438 653 1473 1124 129 1090 331 1783 982 248 227 500 406 567 585 704 119 670 389 1744 347 1880 1066 122 1533 327 69 698 1042 1494 777 775 860 642 693 1173 1466 341 600 1468 873 1379 715 392 1834 1540 31 1060 488 1700 1062 1409 4 900 1446 647 529 1404 1726 1579 1304 1014 969 787 834 252 963 456 104 414 1131 820 1913 384 1105 1815 1498 1948 204 1391 1963 1029 534 1531 854 1562 1008 1455 100 1182 1430 1565 1846 625 254 155 1863 907 643 1594 1811 1229 1609 1012 1881 869 638 1230 1041 1600 1882 375 1957 568 1063 139 191 851 1342 357 695 108 1217 782 1367 1681 1930 1432 973 689 1757 1402 168 447 47 1521 628 1747 1164 1706 707 59 207 1534 1354 1658 1926 1349 1357 1333 894 1094 722 1385 974 1140 1364 776 1322 1873 358 1667 1028 1142 1438 441 1839 1239 1201 478 905 425 238 1336 757 626 1640 514 54 718 418 1250 550 593 886 991 128 953 210 1659 1171 1267 1994 1602 667 342 317 353 1076 283 1098 1865 705 526 1936 433 5 477 1856 1023 755 789 1074 720 1314 1754 416 499 1475 1226 1151 918 1476 208 482 1917 1067 508 1200 651 734 467 509 1842 1429 1513 835 1242 1087 1947 1017 58 1649 250 321 1369 829 535 754 519 1172 272 304 152 1665 209 1682 807 1544 1021 1127 1437 605 1709 1933 351 1316 1057 1436 1546 1959 1129 1723 1689 613 
minDistance: 3.55839
cost: 366177
capacity: 298814
time: 48532
maxTime: 60000
LS1: 19969/20846
LS2: 417/877
LS3: 0/0
shakeIters: 442
shakeLoops: 42
