3.26391:2489 3.27106:3045 3.339:3579 3.4014:4629 3.40151:4787 3.4082:7991 3.42569:8461 3.4262:10562 3.44137:10864 3.47702:16070 3.48008:17609 3.48672:18831 3.48838:19083 3.49622:21448 3.50228:23626 3.53618:24134 3.5447:24580 3.54939:24850 3.55176:36881 3.55314:39142 3.55375:44203 3.55839:44358 3.55968:44911 3.57167:47315 3.60015:49989 
1826 567 468 138 1783 1500 488 286 689 1909 35 721 1106 1034 933 772 209 820 645 75 1865 1866 424 1913 1892 1745 1274 459 1223 1874 74 1290 1333 1952 1672 421 490 755 832 1875 1801 1405 2 128 1681 500 919 1634 1409 553 1195 680 570 1614 870 1032 576 382 412 1336 1754 776 851 800 1177 176 756 1834 1203 918 1454 829 1880 89 1183 1994 1894 1527 1700 642 1466 770 1041 253 1489 1180 110 1200 1495 1576 1810 1017 168 1031 1229 80 990 1540 1354 432 146 347 854 1963 1432 1217 974 342 1190 1473 600 982 475 1304 1930 924 340 124 759 214 1689 572 1157 1529 1695 304 826 497 1498 323 858 605 254 667 1885 1115 58 762 1048 556 184 1377 1986 1598 1314 1609 1309 1924 1334 320 1255 1957 715 1517 734 1667 213 873 1746 875 69 1803 806 796 1306 628 205 532 375 300 1726 986 1919 807 353 1025 1983 1270 1325 1063 842 1019 544 1189 1642 1076 480 1659 160 482 1429 907 987 1545 28 860 701 1823 1383 351 1637 709 306 1254 1630 1709 499 1658 355 1972 1291 1728 251 1907 754 236 479 1256 535 1416 1211 643 1374 629 1570 953 1542 1947 1946 750 847 279 1330 41 963 1342 303 641 513 961 1796 473 1526 834 1996 895 1507 1842 111 1329 1828 1992 749 630 97 466 192 155 904 1736 1741 67 357 886 66 615 1066 140 1105 1708 1385 1240 54 1493 1734 1090 1839 494 1081 467 1396 1475 1552 637 874 1053 1151 227 828 1126 954 1702 1169 1494 673 50 705 1343 677 1316 672 248 314 1951 1997 1641 1062 1012 1730 275 1655 1350 161 1780 437 739 698 185 119 234 865 1230 384 1137 585 1479 539 1345 1737 1003 212 815 1130 1391 100 1060 336 845 238 370 775 568 1560 1357 1744 20 900 402 704 1840 389 1664 247 1313 57 1629 989 1594 1904 1600 170 1221 773 280 1716 1250 625 445 1244 30 929 624 1335 1920 1548 165 1443 593 1959 726 1422 1194 1033 129 1014 1665 1705 202 1544 13 1239 844 653 218 416 14 1523 152 1747 341 414 636 485 638 1487 959 549 1029 1174 1815 614 1023 1956 1645 1476 1797 881 1464 1593 1453 1438 1795 1297 1273 973 1006 580 801 1837 1401 880 903 63 325 1917 5 261 108 1446 1393 
minDistance: 3.60015
cost: 355142
capacity: 298763
time: 49989
maxTime: 60000
LS1: 19471/20353
LS2: 437/882
LS3: 0/0
shakeIters: 420
shakeLoops: 38
