3.33576:2439 3.39584:3679 3.4014:3948 3.40151:4395 3.42569:4512 3.42593:11069 3.44369:13308 3.46369:20646 3.46554:20991 3.48416:21657 3.4856:22316 3.48838:22587 3.49172:22742 3.49729:24005 3.4981:24263 3.5164:25640 3.52513:26481 3.52672:26637 3.53275:26733 3.5397:27038 3.55508:27479 3.56794:30638 3.57064:34322 3.57682:39520 3.59072:39714 3.60015:48321 3.61191:57105 3.61778:57560 
1288 1747 1019 124 1654 771 1745 1494 239 1664 984 1432 185 47 1322 808 212 1536 615 1403 1894 443 82 1239 1700 1461 825 879 304 238 875 13 1221 619 242 911 1333 488 985 1048 1917 1542 925 873 342 974 351 793 126 801 1023 1189 772 1230 1409 1393 636 1550 1385 1143 1150 654 1074 1946 1544 1277 1576 445 191 941 874 1963 1744 672 673 1487 1726 695 141 1091 169 353 1861 1529 982 1201 1262 991 1086 192 1029 842 1665 1803 1032 1121 1590 1274 251 262 1498 1552 1374 1907 1431 1485 1938 1053 1335 1430 482 692 193 757 243 117 527 466 429 1073 1671 476 100 50 1033 1739 355 1003 1796 1684 1743 1063 806 1330 1200 119 357 641 1258 1428 341 509 130 726 58 1250 433 1681 1151 1659 468 754 1379 72 851 720 2 146 129 303 1933 1924 1797 1780 535 232 550 1031 1642 168 1199 410 461 412 1306 653 1181 568 218 1888 1434 773 1992 573 1157 1702 1856 1233 1997 250 211 1336 1273 403 1881 976 41 845 907 1171 1066 69 370 1560 1468 1947 1754 517 499 1446 1600 624 336 1632 894 1826 1172 677 1513 179 705 678 500 634 1594 686 74 314 1593 1658 1142 97 1510 165 1307 1351 1454 300 1439 402 570 1401 1667 1759 266 1647 213 81 32 1570 1479 283 1512 600 236 1526 1473 973 776 1453 1695 418 88 755 614 1772 248 1387 539 829 1089 375 1689 1880 582 1902 2000 474 1801 1256 698 272 514 1606 643 1466 774 579 1443 1630 254 340 881 519 1623 68 1548 1080 170 1865 990 1161 1416 1313 269 5 854 1255 199 1293 401 1229 807 628 1983 1598 1190 309 1210 128 796 937 1115 878 234 626 576 1367 420 1929 1676 906 325 860 360 1823 1076 1996 1959 1773 1008 202 1766 1404 176 1709 593 209 1631 1124 1090 1398 1475 214 701 1057 1839 1309 1052 1240 198 702 1620 203 1248 1846 657 532 585 1648 1500 1177 253 1909 1357 155 1690 421 663 604 1051 1634 1489 1145 511 1060 1254 704 834 467 567 1105 917 1842 1304 1794 1223 35 317 739 1195 1094 1976 1316 322 1038 1952 847 652 778 1913 1935 924 1756 478 1815 869 862 435 247 1994 645 933 1725 1835 
minDistance: 3.61778
cost: 364124
capacity: 298921
time: 57560
maxTime: 60000
LS1: 20558/21460
LS2: 402/902
LS3: 0/0
shakeIters: 472
shakeLoops: 42
