3.11227:1524 3.26452:2487 3.27106:2775 3.33576:3694 3.34216:4410 3.35995:4730 3.37354:4988 3.39584:5433 3.4014:5737 3.4056:6383 3.42569:6571 3.42593:6781 3.4262:10653 3.44137:11089 3.46369:13376 3.48672:14456 3.48838:14586 3.52602:15884 3.55563:17001 3.55839:24868 3.55968:25189 3.56196:28170 3.57167:32777 3.58371:33289 3.59838:33664 3.60015:34577 3.60523:38586 3.60527:39946 
1513 535 1137 1438 445 1797 917 168 206 628 953 641 974 384 1229 770 283 584 1609 357 1656 845 1888 848 675 1676 1008 1561 1069 1575 921 189 1570 306 721 1842 316 1240 1719 1684 1907 165 69 726 97 89 1274 521 844 1875 119 1195 894 1256 506 480 1498 1262 1314 414 185 600 1063 1579 1637 1744 325 654 729 960 1783 155 314 1032 1091 1892 1951 209 1913 203 1258 1145 807 1221 478 1058 1473 341 337 748 1933 214 1372 1342 1630 976 290 653 1572 1914 704 776 1244 254 108 511 1374 1367 1140 1997 232 850 1959 1737 1186 505 604 276 851 1230 1142 1364 987 954 1695 825 1739 328 834 1003 1664 1035 117 1642 466 714 606 1542 523 756 1434 772 1130 933 904 140 963 499 1489 534 1041 1108 1066 1080 74 724 437 358 1902 1560 238 1173 247 1527 992 193 1468 1201 1544 219 670 213 1023 880 1873 1172 461 1029 1076 689 1273 1977 683 1651 940 490 1823 5 1614 1014 553 169 961 1131 1205 1120 33 865 1746 1681 1316 991 152 815 1501 279 1233 544 1754 1012 223 1291 1409 1255 1645 1376 1994 1689 431 412 529 1523 1405 705 1090 1697 179 1475 982 2 467 1839 1404 1157 1665 585 192 485 699 1430 1529 1150 941 1870 1747 959 212 1709 234 1963 475 1387 1190 1143 1716 1223 340 630 347 253 1290 199 1658 754 1128 1087 1924 1189 860 1894 68 1654 304 615 1246 862 242 1479 539 1576 1151 1304 1432 1335 1634 1667 370 1494 1466 1594 170 1720 1659 1471 847 375 1922 1022 176 509 1439 1333 773 1891 1454 211 1705 990 218 693 1169 28 964 532 1089 1706 191 468 1846 1330 1702 1946 873 1448 1485 657 1533 875 270 840 1199 1322 1540 1193 1957 410 647 778 1217 826 531 1796 1487 1983 1239 1947 1952 1655 576 1881 1067 757 99 973 1726 892 1541 626 1602 737 1672 456 1370 984 1349 849 841 870 236 1073 895 464 1225 734 806 1248 1876 1106 207 636 1721 1306 672 1834 1297 421 907 1211 1357 1961 248 86 1794 1277 406 424 432 54 1031 881 801 1996 184 1815 13 1600 829 1413 878 1154 1164 1526 527 342 1801 1019 789 50 1704 1759 488 579 1909 1593 1401 1446 1917 1850 129 
minDistance: 3.60527
cost: 354968
capacity: 298752
time: 39946
maxTime: 60000
LS1: 21080/21990
LS2: 420/910
LS3: 0/0
shakeIters: 462
shakeLoops: 40
