3.37116:3341 3.37591:3566 3.37624:3942 3.38095:6982 3.38273:7233 3.38752:7385 3.39639:8377 3.39665:8476 3.4014:8828 3.40151:9387 3.4056:11282 3.4082:11534 3.42569:11625 3.42593:11707 3.48838:14897 3.50398:15163 3.51053:25002 3.5164:26759 3.51739:29406 3.5397:31176 3.55402:41055 3.55563:45890 
168 171 1913 1291 1333 695 668 1089 466 1256 953 338 1961 1076 1429 756 922 307 37 1922 218 1548 851 1033 1687 1838 573 1439 1164 1747 1171 304 1385 279 1189 1029 1330 707 835 62 1162 328 838 1298 1739 468 1625 612 1681 1479 1924 565 1534 993 1803 1959 314 1063 389 1060 152 1876 973 1466 1273 1428 771 5 720 85 1947 1187 1211 486 778 969 584 1229 1604 1646 893 669 414 776 395 1667 425 1632 455 403 917 248 254 80 1540 1233 97 1304 1569 47 884 1138 1839 497 845 1423 991 653 627 519 1705 761 924 50 173 1093 1797 895 1665 165 967 1359 1401 1508 1377 585 1312 1784 155 839 193 1225 829 1526 116 1230 1264 941 255 191 1342 1850 654 779 963 834 704 1521 1379 1468 1493 1453 151 427 1773 1782 1794 1258 1810 1801 412 359 894 1221 801 1124 1041 1195 604 770 1783 316 1126 1032 435 467 234 1255 1529 1799 755 347 1274 1544 1736 1314 1427 1244 1090 1996 1781 854 1011 1552 383 529 1293 1542 511 1058 1937 1407 474 179 1576 406 1727 341 639 1620 227 1251 1658 1277 1408 982 283 1875 1278 705 623 1885 1023 1726 535 1933 947 1267 1357 509 162 1744 104 1381 1796 521 238 1356 1837 532 987 13 1035 1088 878 642 1952 865 692 1329 247 1325 2 1306 1938 984 689 239 250 1704 1914 285 938 281 1446 1621 568 100 141 1767 726 1087 1846 1201 1404 1610 1600 631 1130 1561 737 410 355 189 1108 342 1017 1517 1193 672 74 1988 1594 1386 539 1917 1904 1182 683 873 1593 1239 1994 673 1700 1067 146 1659 1656 1842 1645 1075 1151 980 1224 1880 615 1513 1369 502 812 1909 657 210 1754 1630 826 1074 842 1345 1082 81 853 1680 1080 1641 1828 1840 1872 510 870 772 214 31 138 441 1572 1173 15 1835 807 714 1052 1322 932 110 619 461 211 819 614 354 734 506 1240 628 75 372 1684 1073 1992 638 213 875 974 907 630 550 815 709 889 1907 1930 1598 806 1702 1881 331 903 370 985 1131 1742 1223 849 1157 488 840 1748 353 1795 485 178 470 1248 1012 1237 796 1565 1614 1689 825 1637 1683 1324 641 1177 68 358 133 119 160 1946 523 643 1873 128 1042 1865 1014 1957 1354 601 1246 111 1741 1008 1498 384 1815 1892 1399 
minDistance: 3.55563
cost: 368034
capacity: 298972
time: 45890
maxTime: 60000
LS1: 20010/20914
LS2: 454/904
LS3: 0/0
shakeIters: 428
shakeLoops: 40
