3.16147:2428 3.23497:2869 3.26452:3093 3.33576:4035 3.339:7131 3.36289:9064 3.38089:9351 3.39639:9934 3.39936:10676 3.4082:10961 3.41802:11186 3.43964:11512 3.45224:11774 3.48838:12336 3.49622:13556 3.4981:15517 3.53107:15842 3.53577:15995 3.53616:21970 3.53938:22805 3.5397:24973 3.54939:25685 3.55508:25873 3.55563:26147 3.56794:32088 3.57167:33521 3.57682:34744 3.57818:38563 3.58708:43368 3.59263:45498 3.59288:46759 
1128 987 1105 1963 1356 542 1355 845 1946 306 1032 304 585 13 1570 1223 1432 907 973 1475 678 353 1122 80 1716 1090 733 1062 424 1846 953 216 789 1596 445 754 1914 31 672 1052 169 893 974 1183 1199 1182 1951 1422 1498 1804 40 1060 1465 1842 155 739 209 550 1648 342 1428 976 1391 1540 286 1994 1304 392 940 128 482 982 860 400 1394 705 1710 1996 1442 1265 762 1193 1003 757 1681 168 370 1022 989 1976 1572 1600 421 849 243 1917 1933 1634 68 834 347 1935 683 737 908 1645 1516 5 519 778 1067 234 1744 1479 1076 1173 1541 1370 638 954 504 1053 539 1473 1835 1614 179 1649 480 1439 89 1019 1401 1031 1875 773 829 579 1739 636 623 880 1246 881 1853 95 922 1143 273 1610 1904 937 1666 466 1654 100 129 1684 1372 699 170 513 918 1357 1924 109 375 626 1033 1709 114 1290 693 108 1544 1008 187 963 478 1226 283 1598 1513 553 485 1573 1872 1464 191 842 1316 879 875 1446 1706 1172 1876 1983 1021 825 247 1746 535 635 1364 677 726 422 990 667 207 828 425 1754 1450 776 900 1087 1190 1873 1041 821 325 1376 1047 1270 81 1922 126 74 1466 1783 869 1066 665 1089 755 117 1796 526 160 1137 1023 891 961 254 1784 1583 1328 1881 641 1409 600 1606 714 568 1637 645 239 414 1038 1274 383 500 1145 1797 531 1823 1015 340 185 1073 1803 1429 670 1542 605 146 253 1131 1233 28 1682 1454 1665 1997 1387 534 1080 401 69 1273 1333 314 468 1737 139 1692 1229 1984 1309 1759 1952 1801 1486 290 931 1381 704 917 775 529 884 1664 1726 212 341 1671 124 490 99 1367 50 1907 878 1990 248 984 1306 1115 1689 336 1947 1314 777 1594 199 806 1211 193 406 412 580 1702 1150 1239 357 1098 119 556 91 1667 1655 214 1377 97 718 1359 408 328 1091 643 1533 851 744 807 756 416 1194 236 1264 83 1548 1552 1786 1217 1659 941 1238 1335 54 1626 793 1468 1956 1029 4 1151 653 1014 1865 1707 800 1647 619 820 1894 1512 133 1063 266 222 1495 894 1157 1012 418 1438 1763 213 257 772 1006 1240 576 1839 1909 467 854 1736 1310 437 801 488 202 327 1130 1248 1121 770 1312 768 1840 461 
minDistance: 3.59288
cost: 368848
capacity: 298831
time: 46759
maxTime: 60000
LS1: 19230/20126
LS2: 422/896
LS3: 0/0
shakeIters: 443
shakeLoops: 39
