3.39936:3488 3.42569:4751 3.42593:6078 3.44614:6317 3.45523:7008 3.4744:8402 3.48838:8831 3.49729:10329 3.4981:10734 3.50398:13502 3.51053:13598 3.53275:14744 3.55176:14885 3.55375:17196 3.55402:17574 3.55563:19199 3.55839:19368 3.56754:32504 3.57197:35971 3.57965:38302 3.59072:42105 3.59288:53895 3.60015:54917 
1071 1426 1990 935 867 864 1023 519 1473 1118 236 1955 991 57 124 416 1634 606 347 415 74 874 1223 100 617 410 353 678 789 1017 1963 1404 1475 1780 476 384 89 1720 375 984 628 1029 1187 1143 1561 1797 342 146 467 1229 85 1815 450 901 1946 1290 406 468 1726 523 619 437 1048 1672 513 1335 1394 1226 838 1265 626 937 919 1623 1410 1033 346 1824 317 672 95 1439 509 1954 1172 251 643 689 1996 1157 445 223 1872 1806 425 907 1454 1907 918 1667 1464 1542 1747 974 387 1182 68 1654 756 934 842 1645 526 1702 807 638 247 447 667 1217 351 357 531 800 1914 254 820 139 336 213 1687 1610 1002 168 704 1471 1728 160 233 506 1461 1658 1681 50 677 573 1062 304 1098 111 192 1008 1321 1709 23 28 1409 625 1517 1342 1485 779 985 86 875 1142 1690 1573 1184 1350 1376 869 1840 1059 54 529 138 1383 808 485 1177 58 1022 1196 1734 400 477 687 212 635 1572 199 1594 370 141 624 482 982 81 860 1329 1291 1552 733 14 961 1736 1783 1983 1405 165 1598 16 568 1066 184 1930 1304 1495 128 845 865 209 1880 1003 1203 1544 917 435 600 478 941 1801 1124 272 1498 593 1106 1738 249 1917 1656 155 1913 1837 1948 1741 379 1952 1058 1513 772 1432 314 642 1292 137 1995 1273 645 1322 1744 488 238 1487 1737 341 126 1533 309 234 297 1255 1325 140 2 1416 383 432 535 1377 5 1313 1438 66 1274 321 1540 826 1031 13 550 323 1612 801 1665 829 1086 108 1527 973 726 656 1401 169 963 1803 1620 82 1221 933 1466 1835 358 718 1379 1842 1684 1200 966 1130 1446 218 1694 1195 311 539 1349 1759 207 1129 1874 1073 1630 97 1275 340 1386 1126 152 1314 397 1420 1063 408 1994 1032 806 1721 203 641 1310 474 337 637 847 459 248 900 1357 1705 1094 279 1250 1640 2000 1879 1664 834 1429 778 1489 775 193 1951 1756 1306 1449 1277 1171 421 1904 657 500 1560 1450 532 1844 401 1707 755 1354 605 771 1796 668 1922 1340 953 355 1240 47 119 895 894 45 303 776 293 110 69 1180 1057 750 1894 1164 1150 1144 579 1019 705 1115 466 1892 653 651 1600 1570 1997 1041 1081 773 576 1754 1189 1211 464 
minDistance: 3.60015
cost: 367911
capacity: 298737
time: 54917
maxTime: 60000
LS1: 20262/21119
LS2: 370/857
LS3: 0/0
shakeIters: 464
shakeLoops: 43
