3.16519:1950 3.18426:2190 3.24514:3085 3.34706:3772 3.39639:4505 3.39665:5107 3.4009:5231 3.42569:5652 3.48838:9405 3.51784:12310 3.52513:12769 3.53938:13141 3.55037:13582 3.55176:19029 3.55314:19336 3.55375:19467 3.55508:19646 3.55563:22254 3.55787:22601 3.55839:22687 3.56803:26935 3.57167:28677 3.57197:36131 3.57818:39298 3.58708:39434 3.5886:39667 3.59838:40767 3.60015:42633 
1003 116 1983 1783 124 1290 1529 1743 1124 170 829 1041 1056 1179 593 59 1994 1838 304 1803 13 122 1330 529 243 1335 160 1106 359 1127 1887 1190 1066 1274 140 734 517 146 1702 653 854 675 1067 539 1500 31 773 1728 568 223 1438 780 1726 559 614 961 1398 1741 1675 97 1354 222 625 815 1904 1773 316 75 953 704 1552 1874 838 414 1394 1946 478 213 119 1357 1913 1714 500 1695 1098 482 585 918 1430 1955 383 234 1951 412 917 1542 1240 1565 1008 1600 744 527 974 1432 535 408 1823 903 114 117 680 169 351 1842 1645 902 779 445 1959 875 1681 1126 1195 109 1087 1211 331 982 788 532 161 1012 1544 1182 1468 754 1582 257 272 68 398 1986 1924 1756 1063 1130 1031 192 1910 1909 248 1725 1057 1521 354 1443 1221 907 1401 1376 506 480 1902 1560 683 1716 297 1429 81 1513 1171 509 1409 309 832 1223 1402 729 1676 796 1105 984 879 247 834 1839 1797 628 573 1527 307 1720 1952 1614 1386 1446 739 179 600 1343 422 657 1473 1074 138 511 1157 1687 1548 1094 1186 1610 806 775 1997 1142 1060 375 1837 1956 1169 991 341 1002 1336 1846 1325 47 1307 1404 340 905 1431 692 1475 1314 726 1006 5 1021 759 28 873 1414 1665 1593 1737 826 619 1576 1032 777 67 1784 1963 1754 776 314 756 1466 1654 327 108 720 152 214 789 1796 1655 1239 1801 303 798 1138 615 1463 178 1612 1659 1658 667 411 757 128 723 185 1023 1454 1037 1019 342 1439 1246 778 1200 576 1712 641 705 1630 677 251 1917 1583 1017 1570 87 239 1014 647 567 1265 468 672 1493 416 919 141 1709 1071 371 1744 1120 1051 900 870 1250 1873 807 1131 1090 266 1672 1453 1815 1205 1089 437 238 772 860 191 233 1306 1814 1996 1495 2 69 623 370 1304 425 129 402 1291 1835 1137 279 317 1598 212 801 1739 488 966 1501 467 485 89 421 227 111 337 358 808 1284 1073 1381 606 1540 184 466 1485 236 258 353 1059 100 624 1278 1277 406 1882 209 456 973 1177 577 355 963 1640 755 881 1656 638 85 203 264 1172 976 473 74 687 519 1270 1229 1322 770 339 347 199 1189 1379 66 205 30 
minDistance: 3.60015
cost: 364556
capacity: 298899
time: 42633
maxTime: 60000
LS1: 20584/21453
LS2: 349/869
LS3: 0/0
shakeIters: 492
shakeLoops: 45
