3.26391:1767 3.26452:1961 3.33576:2561 3.39665:2984 3.4009:3104 3.4056:3288 3.42593:3975 3.44369:4415 3.47335:6300 3.4744:6531 3.48838:8091 3.52513:13606 3.5397:13995 3.55402:14664 3.55508:15130 3.55557:16716 3.55563:16944 3.55839:17080 3.56196:22385 3.57197:32965 3.57556:39478 
475 1846 1325 1840 468 1672 467 1340 1267 54 886 1513 251 317 1342 1917 1466 351 1713 1726 1786 775 133 1979 820 529 1436 1401 233 1468 859 673 1409 353 1716 1023 445 1725 1357 248 500 1033 1381 1120 1956 1221 1385 638 1881 539 894 203 316 336 1706 1124 480 491 1040 48 1866 288 726 304 1456 1073 1383 97 570 869 218 1029 961 1438 1986 918 340 1345 482 1479 1274 1290 553 1364 730 1475 511 1791 429 459 995 683 1416 185 115 1667 1379 778 189 1593 1277 1826 1291 1719 1561 1825 325 593 13 1759 1431 18 1746 88 1062 1947 509 1975 628 1189 1705 1658 1519 1909 1194 755 66 222 1008 1544 1087 1446 314 199 124 474 212 1517 1630 94 1694 1306 1012 1671 384 1461 1336 1377 1127 1990 1118 889 734 1527 1600 410 1258 1954 1743 1689 309 1019 1437 238 1314 834 1143 776 613 643 1273 705 798 209 128 1985 770 1631 485 860 748 1952 773 1837 262 1521 367 1434 1946 550 568 28 919 1992 1815 411 598 532 1179 984 1163 1495 1540 1797 276 1335 1494 737 1542 140 236 264 667 831 1230 69 422 641 1126 416 1014 1968 1763 1948 614 1696 1852 1594 1892 1157 844 1312 406 1428 991 1835 625 1130 14 974 247 298 420 1783 1781 953 1429 1164 497 640 74 1404 1687 1180 370 281 517 116 1229 1659 119 1754 1454 1240 1142 1032 1422 1058 321 1211 624 982 1545 642 520 922 845 488 514 1565 1654 75 5 414 1426 1839 214 1728 1394 254 677 1059 1098 1919 341 1304 100 720 1025 540 1041 373 1682 202 23 122 1645 193 213 155 1351 672 600 1801 1374 1066 273 596 1316 1250 873 526 1710 398 973 623 1398 204 1576 924 110 1350 111 37 757 1453 1053 1803 576 1914 572 801 1640 937 499 270 645 1246 1684 1060 1570 170 653 1150 1616 1201 165 1665 1913 1423 2 1721 1697 1432 80 1048 83 1796 627 1922 689 1439 687 1387 1003 437 242 1296 1177 62 108 1700 756 806 427 327 68 1333 1875 464 847 89 1239 879 441 1823 1828 535 874 192 152 1736 819 1641 494 1664 2000 842 466 881 1106 1090 1637 58 1598 1681 829 1842 579 680 704 903 565 168 1648 30 1310 1784 678 634 964 1190 1195 
minDistance: 3.57556
cost: 360423
capacity: 298862
time: 39478
maxTime: 60000
LS1: 21423/22277
LS2: 361/854
LS3: 0/0
shakeIters: 472
shakeLoops: 44
