3.07839:1458 3.23497:2228 3.26391:2632 3.31797:3267 3.35526:4080 3.36192:4959 3.37591:5114 3.38282:5503 3.38752:7618 3.4005:7819 3.4014:8287 3.40151:8499 3.40378:8775 3.41491:9110 3.42569:9683 3.42593:13531 3.47702:13899 3.48672:15438 3.48838:16587 3.49729:16853 3.49792:19817 3.50398:26866 3.52113:40747 3.53938:40912 3.54939:41522 3.55176:41773 3.55839:42528 3.56794:44366 3.57167:49747 3.57556:57053 
953 1725 75 128 252 1634 178 97 1256 1997 91 1789 1378 160 1647 1383 535 778 279 74 1593 842 1076 402 13 314 111 1450 363 1544 1883 1277 1594 904 1540 420 757 1744 69 1664 918 1653 889 124 699 1169 1641 1565 1968 421 414 1946 1379 1801 1579 1228 192 336 1019 375 1422 1291 1029 636 931 1926 1131 1766 1091 1498 630 606 707 985 468 89 1427 1349 1783 1008 528 355 1173 1401 1994 829 1130 1687 85 1041 1454 1090 1273 1909 576 161 100 333 309 1561 976 1304 613 1659 623 1060 1409 911 974 605 643 1740 1032 1922 820 1322 1542 1414 62 1754 1432 1876 1306 1839 556 466 1599 325 677 1526 1187 179 169 672 849 474 351 1316 1274 1917 4 907 285 1302 437 966 1796 1377 1527 1556 1612 353 776 1434 1513 775 1598 1023 709 389 1517 1726 441 941 1121 298 293 1689 519 1211 1560 1461 1493 1290 854 527 638 1870 1468 1083 116 796 129 1086 1533 392 1637 1293 834 253 213 146 1479 1576 485 493 734 917 54 1815 845 66 191 962 461 47 1680 1784 1759 755 1464 1545 1654 1709 730 1240 1333 878 1157 1952 807 401 1398 1145 705 359 1171 488 1640 665 494 357 1842 1059 641 1888 340 216 1394 1710 984 1074 482 798 770 511 1706 370 297 973 497 1681 1354 1466 1797 168 1875 832 80 1610 1846 473 619 771 212 869 505 1894 155 768 749 152 1066 1015 185 631 383 1200 341 247 714 104 1684 214 1143 513 1360 108 119 1570 1786 1737 110 1221 1835 615 1426 1828 853 1288 1837 642 1625 529 1330 1548 1596 1743 1058 1014 540 406 1381 1665 624 1985 1700 500 412 509 1255 1089 1151 67 1420 1600 1489 283 193 165 879 865 1067 1404 5 938 683 1190 1182 1062 1494 303 801 1995 1955 908 20 654 1410 729 1473 1695 1275 570 773 499 1614 1736 1819 1115 870 523 645 1446 653 1367 1186 893 1344 490 1357 189 233 1683 1996 290 1194 903 1852 1552 589 900 982 1063 873 846 593 1667 459 411 1830 514 881 1110 961 1124 1270 1335 704 1731 1924 667 1189 1385 68 789 408 756 1150 565 1645 568 331 1881 1142 506 517 1429 987 2 445 883 629 1959 1475 772 248 416 1314 1948 1340 1022 1336 239 1623 573 257 935 1436 697 1439 721 
minDistance: 3.57556
cost: 366505
capacity: 298763
time: 57053
maxTime: 60000
LS1: 17012/17891
LS2: 477/879
LS3: 0/0
shakeIters: 372
shakeLoops: 32
