3.25399:2008 3.33576:2929 3.39639:3653 3.40336:3945 3.42593:4574 3.44137:6566 3.44395:14678 3.47702:15354 3.48838:15675 3.49792:16323 3.52672:21286 3.5397:44238 3.54939:44537 3.55563:45666 3.55839:56736 
1710 23 786 1865 1783 1696 1290 1782 1041 1637 1842 654 875 787 854 1996 820 1546 1948 1066 1647 1846 807 353 1404 635 1369 1314 248 1681 1498 924 59 550 236 1058 1684 1316 247 1720 815 929 499 637 579 618 89 1997 1223 755 1745 1570 1126 1700 249 1912 1544 647 1664 1870 513 474 1766 54 1031 1918 392 1909 1008 431 1583 642 1922 1130 1579 304 270 1796 146 91 108 74 527 851 1955 619 982 13 1573 1947 1959 1545 1230 209 1739 653 1353 567 614 290 1073 1621 151 976 517 473 626 1291 1267 1265 1797 85 176 625 1019 233 605 218 1885 1391 1145 1256 406 1229 138 1606 1014 437 1186 395 726 1277 772 1067 961 1737 1372 1022 1702 155 1665 1115 1719 97 1131 986 4 1951 50 1239 1687 922 140 122 984 1788 1023 1107 283 414 638 704 665 254 1654 72 189 1593 506 114 1658 1594 585 500 1322 1334 1828 606 1979 31 1189 1741 468 1464 1371 1172 238 1548 1784 168 1875 494 672 1150 1128 900 1795 1933 869 1429 509 192 1835 80 1293 340 1273 384 170 535 441 1081 68 845 1377 239 778 556 309 279 881 357 1086 847 878 1461 1952 705 510 828 1381 323 667 1097 1686 931 317 58 1839 1325 1540 491 1640 829 212 1966 1728 519 645 1957 958 883 100 1432 1422 1744 1089 5 342 677 99 860 1725 1479 1716 974 1453 641 119 234 749 834 1600 1270 1226 169 466 47 1142 918 129 479 111 643 1087 1804 576 355 1385 262 1360 1736 584 316 1894 1717 1888 1074 539 773 219 917 1805 990 1917 1743 1830 905 1507 1815 1200 734 1946 532 423 1333 1610 213 1240 770 1454 721 1076 314 1063 630 1521 941 199 1157 1446 2 1304 729 394 456 480 445 1246 1527 1542 940 779 1342 1083 1963 1350 1529 683 432 1726 1880 1162 488 66 152 133 1667 425 1221 1466 1345 1124 788 615 628 963 1072 865 542 1754 1080 1823 825 801 1357 959 1386 1656 754 568 1697 1335 623 1866 374 782 401 503 1485 214 1211 526 1011 1193 1370 370 819 1250 1620 953 730 1689 1306 327 402 1526 1379 116 1401 328 381 1121 375 35 1017 478 775 817 416 110 128 733 1659 356 1494 1680 1029 1144 1438 1409 1387 82 1576 1143 485 798 1645 1060 
minDistance: 3.55839
cost: 361182
capacity: 298917
time: 56736
maxTime: 60000
LS1: 20199/21058
LS2: 401/859
LS3: 0/0
shakeIters: 443
shakeLoops: 41
