3.0393:1393 3.23497:2733 3.23827:2948 3.38156:4031 3.42569:4314 3.42593:5205 3.4262:6661 3.46369:7110 3.48672:7438 3.48838:8231 3.49622:9368 3.49792:9982 3.50398:13217 3.54939:14961 3.55314:15287 3.55563:15648 3.55839:15881 3.56196:26621 3.56652:34333 3.58224:34618 3.58563:34814 3.59838:36377 3.60015:38058 3.60523:45755 3.61778:46841 3.6189:58354 3.61986:59291 
1630 323 259 1526 247 89 123 1461 1107 1380 482 1398 894 456 720 1336 1918 437 500 1665 1946 1446 704 579 100 341 69 565 734 1952 1837 1544 576 873 1071 1058 1342 485 1080 944 1681 1579 1466 973 314 154 577 1200 1835 2 1839 359 1381 1552 515 146 1376 1142 1335 806 801 1796 1570 414 128 80 129 1290 1682 1695 1648 1598 1211 776 1350 1773 726 1270 309 1728 1640 1645 777 160 623 1106 1842 1654 739 1450 1705 525 600 316 425 900 831 1023 1255 1453 1708 254 336 331 1933 38 917 122 825 28 1550 1393 141 1914 389 834 1066 929 4 1930 628 683 841 506 1495 401 1959 1590 1736 351 527 432 1401 519 1658 964 110 1438 529 982 756 1801 1002 1193 532 851 509 1498 526 779 1990 204 5 233 1783 408 826 641 782 1278 1676 1067 1641 1922 953 1625 517 1743 854 1386 1439 264 333 82 450 1454 140 467 642 1527 1675 796 474 1387 310 384 421 1956 1947 614 1429 1379 468 119 1029 1725 1190 317 239 1794 187 203 1485 1907 881 1309 300 307 941 817 1852 1910 699 1892 497 169 1467 1886 905 1242 772 66 1019 1072 1394 435 1020 488 1143 1120 1056 653 1304 480 1855 673 535 1291 304 1277 234 1131 1972 770 1369 370 57 1316 1659 13 379 251 1593 513 1306 1997 1702 1069 1542 1084 1560 773 1475 68 375 1409 1768 295 95 860 572 1909 550 698 1759 262 212 1364 705 1150 15 238 1672 845 1357 1706 342 155 1033 1180 1716 722 974 1189 1739 45 42 81 1983 1157 859 1994 619 907 109 74 687 789 1738 43 1642 1221 1594 523 829 466 1951 248 778 1229 568 1177 1017 1473 1118 461 1961 1432 347 1314 1081 1256 1754 585 47 865 192 1521 1240 1228 1360 580 1031 1894 1720 1561 670 667 800 1151 1239 788 1600 1003 549 984 645 553 353 775 222 937 236 985 50 991 97 1463 1328 340 1565 214 963 1874 1086 1250 1684 675 339 966 1740 446 445 1008 1786 1546 320 901 1090 416 88 1784 1089 218 1422 689 1955 108 1130 1726 1126 116 23 961 959 1637 807 669 1797 729 638 290 637 1014 1804 1063 1904 875 1580 306 672 272 1846 1027 1325 1145 152 
minDistance: 3.61986
cost: 361030
capacity: 298827
time: 59291
maxTime: 60000
LS1: 19339/20280
LS2: 500/941
LS3: 0/0
shakeIters: 414
shakeLoops: 36
