3.16213:2060 3.18426:2239 3.23497:2541 3.31015:3130 3.38089:3716 3.38752:5207 3.4005:5412 3.4009:5864 3.4014:6026 3.40378:6439 3.4056:8100 3.42593:8311 3.46369:8916 3.47702:9605 3.48838:10589 3.49213:14496 3.52672:14729 3.53577:20100 3.5397:21829 3.54939:22525 3.55176:23337 3.55563:24961 3.56196:29238 3.57064:36717 3.57074:36797 
104 1794 973 28 1600 119 1008 755 236 1333 875 1394 893 100 1238 468 672 359 1256 1360 801 1240 1815 807 879 907 193 953 279 69 873 209 412 1124 532 1726 1706 1933 941 969 239 770 628 473 1602 1773 1647 1438 1120 146 574 880 1644 123 1783 673 1432 1479 1676 375 506 358 984 550 1873 1128 1570 667 1665 966 1786 1612 1467 1930 1357 1894 615 1429 1199 397 1782 1493 152 466 520 110 643 288 1710 1032 881 1255 1291 1145 1342 798 342 1695 842 207 5 213 13 1739 1063 800 1180 1526 1951 1042 527 982 623 535 844 683 192 82 95 401 1994 1195 559 1367 729 1090 234 1716 529 81 1211 272 191 1321 341 467 16 1888 1598 834 715 1345 170 97 1080 416 80 869 1142 1904 238 1498 1509 1233 370 1200 316 1189 1089 1193 160 1874 1314 1975 140 1010 1456 1466 1131 1913 626 1330 1434 1230 1273 1221 1645 109 678 705 657 168 940 169 201 904 367 1163 250 482 1398 1416 1814 1150 1947 331 1225 353 1086 248 72 1404 156 1381 1217 1839 452 739 304 1387 1632 1290 961 1172 860 355 210 1351 638 292 937 1377 825 1689 641 1177 1846 1391 789 111 68 1565 1834 720 1201 723 1957 1430 47 1171 1667 139 347 773 1374 1754 1687 2 389 1610 653 1023 108 1190 718 1863 75 247 1083 243 155 461 1242 1062 1446 647 165 1306 1031 549 600 1248 1579 459 1309 1542 406 1151 1409 1952 782 414 1842 314 1593 1881 1125 1550 645 788 1439 328 214 1270 1512 497 1702 1657 1372 808 1386 411 1316 1788 1738 1983 954 266 1659 917 1121 1917 573 1560 1634 86 1637 1946 906 1003 1385 423 1223 485 726 539 340 929 1021 1630 317 851 1274 870 1041 402 831 89 1087 1186 756 1801 1084 568 1130 1335 1468 1304 1796 128 1329 184 1922 509 826 1664 1552 450 1756 614 1322 1137 1343 1880 357 693 1997 534 1681 500 709 1164 636 704 1157 1721 1052 777 384 776 1019 829 1963 1401 1029 1250 847 1283 421 126 991 1244 1424 114 1426 1194 1658 413 1924 1799 1310 1454 1229 778 993 1700 1239 1074 1187 1370 339 1143 1105 1956 806 1544 1784 488 258 895 74 1053 
minDistance: 3.57074
cost: 363247
capacity: 298795
time: 36797
maxTime: 60000
LS1: 20791/21651
LS2: 334/860
LS3: 0/0
shakeIters: 501
shakeLoops: 45
