3.07839:1349 3.16113:1909 3.16519:2623 3.2363:3633 3.26839:4091 3.34706:4964 3.35526:5343 3.36192:5645 3.38156:6039 3.39665:6299 3.42569:6651 3.44369:6786 3.48838:7673 3.49792:8627 3.51298:13544 3.52672:13826 3.5397:16374 3.54939:18218 3.55176:19636 3.55563:21521 3.56754:33392 3.59072:49729 3.60015:49846 3.60523:57752 
579 1797 580 1401 532 667 635 1390 974 935 1485 316 193 1649 243 782 1121 1947 168 1025 238 1983 435 1746 523 1856 1702 847 1544 58 953 806 1142 1322 1922 1377 903 478 1074 1333 1309 1157 1073 447 772 424 509 295 831 325 777 671 1681 1665 1562 628 139 351 1738 1904 904 873 468 1908 1314 680 995 698 894 1708 1842 800 534 165 1996 1630 461 48 45 1173 1387 57 479 425 597 575 864 80 28 1069 1461 4 1609 68 1180 1003 1131 1446 81 1053 353 1594 1997 192 100 600 1545 1385 1803 1414 1955 109 1313 875 870 672 242 392 527 825 1500 1422 476 170 854 986 1993 1091 209 1248 178 1058 1826 1063 1542 585 1355 1521 124 835 304 266 1913 1642 670 1640 111 5 1796 1508 1875 1454 1464 500 1255 1917 272 1029 234 1705 542 1645 1736 641 973 1123 993 1357 643 1032 657 50 1379 1600 1552 191 1837 1667 704 705 1637 437 264 155 1062 723 829 1684 129 1690 869 535 1360 1150 1040 1429 1716 1120 1089 475 1240 213 1988 1230 467 413 1659 1250 466 1229 991 485 1658 1606 699 169 248 624 1933 482 1952 718 695 128 1880 1187 1225 1238 214 1676 1794 804 1466 1533 1892 1604 788 309 526 1653 1304 262 1393 1086 1340 340 1124 778 685 845 851 30 1370 1371 519 1047 1033 832 1270 654 1369 15 152 1682 759 1345 1118 1572 645 394 1844 384 1476 568 755 1409 1169 1846 860 776 1599 1707 1801 82 233 1914 279 1008 726 1576 239 834 1381 1310 1336 1284 1189 1479 1335 1783 510 1654 1273 488 1664 1839 1172 687 1948 1700 1383 1239 1181 1963 493 1468 336 1834 13 593 1022 539 9 1274 513 576 432 969 406 1098 1527 941 1144 1773 801 401 1130 1745 1689 74 317 665 1632 1076 141 677 1686 1031 1106 293 314 1994 1498 97 1513 1870 1726 355 1957 247 1784 347 1066 842 1278 1795 69 1548 1909 1277 370 64 1328 734 202 638 110 1233 1946 886 1754 618 793 1067 653 1561 1951 639 474 1297 1741 773 1495 1223 838 375 307 218 173 1432 567 416 1028 982 990 919 770 1540 754 1264 1228 1815 23 1631 1306 331 1570 1143 258 570 389 1823 346 236 342 119 1342 146 35 189 881 108 421 1023 514 1930 1221 1612 1990 924 1367 1438 1177 
minDistance: 3.60523
cost: 364349
capacity: 298753
time: 57752
maxTime: 60000
LS1: 19115/19967
LS2: 427/852
LS3: 0/0
shakeIters: 401
shakeLoops: 37
