3.26615:2113 3.36192:3239 3.4014:3533 3.40151:5222 3.4056:5712 3.41802:5809 3.45523:6199 3.46947:6437 3.47335:7474 3.48838:8215 3.49729:8498 3.49754:9311 3.5164:11880 3.54527:12080 3.55563:12830 3.55839:18613 3.56652:20952 3.56754:36364 3.56803:36475 3.57167:36606 3.61817:38129 3.62244:38359 3.63298:48869 3.63635:57562 
1151 293 798 1127 776 2 1329 1540 600 160 1008 585 375 1610 222 1431 1120 464 1430 1126 50 1342 573 514 1314 475 1073 342 768 72 1374 657 795 665 509 1164 1545 1588 834 1017 248 500 207 723 394 68 1743 689 1919 1664 203 218 406 1733 485 844 1917 1023 1171 1694 1105 309 1062 744 1659 179 1142 984 1293 1986 1521 420 488 1177 304 1754 806 642 383 1333 97 1022 787 974 807 801 1517 1745 1240 236 1640 80 1684 395 706 1211 1182 466 973 1909 1658 1423 1834 1221 1455 1322 1487 1199 1654 1983 1409 532 1786 1727 576 497 1237 1706 625 847 23 1930 1933 243 1316 57 1060 1561 820 66 1401 1994 1302 677 1529 762 1997 1721 317 579 864 54 1291 667 1297 1246 770 1383 1386 1645 874 685 513 937 1560 315 74 1479 1726 1996 1217 1594 817 580 1922 1536 539 531 1797 699 467 841 1364 276 1795 1080 1988 327 990 124 1814 829 13 739 69 1089 1705 1562 1031 1250 993 775 1228 1201 705 517 1804 1836 214 1032 445 1468 1623 165 1947 658 1992 506 373 907 100 128 1453 1328 1839 623 953 247 421 242 357 1466 1716 1226 119 1454 1723 614 1145 254 1379 615 860 535 825 875 778 626 1370 1362 157 14 1187 238 269 410 1746 1681 1952 122 510 1239 704 779 209 370 1914 1702 1256 873 1576 24 1157 1150 1728 1747 389 1385 869 1461 1377 490 1137 1892 1846 1794 929 570 1700 1306 1130 1744 1029 963 81 901 645 1229 341 263 1489 917 991 1464 1173 152 1042 773 933 117 1194 303 1606 800 1803 1428 1840 1321 1330 1642 1570 756 1542 192 894 1977 168 624 772 835 1304 638 1427 1335 1169 1273 1880 1439 476 1456 879 1498 574 1815 1826 653 568 353 1429 1637 1598 1801 672 643 525 346 1689 654 842 272 1672 1782 1600 1823 1190 1796 1172 641 193 89 155 1354 314 108 1875 1552 1258 234 680 549 1325 1090 1021 351 1959 1665 1828 205 1446 1842 1695 1372 250 1083 5 384 1888 1656 940 1313 796 1124 935 1230 1593 1106 734 1544 593 1200 941 316 1097 1630 1676 1422 1076 1012 1780 982 58 1865 1951 1667 1290 1416 1432 279 468 1507 826 584 729 337 628 1063 111 1632 1357 1143 416 
minDistance: 3.63635
cost: 363384
capacity: 298814
time: 57562
maxTime: 60000
LS1: 21306/22159
LS2: 346/853
LS3: 0/0
shakeIters: 483
shakeLoops: 44
