2.49482:141 2.70947:264 2.82169:574 3.08266:1841 3.27193:3249 3.2726:4528 3.30653:4658 3.36076:5275 3.38095:5914 3.4014:6215 3.40151:6306 3.4056:6932 3.42569:7142 3.42593:8139 3.48838:8639 3.48886:16069 3.52113:22755 3.52672:26531 3.53616:27965 3.53938:28331 3.5397:29735 3.54976:34364 3.55402:34615 3.55563:34734 3.55968:37129 3.56652:39972 3.56754:41180 3.57074:41467 3.57167:44256 3.57682:45364 3.59838:46069 3.60015:46229 3.6134:52676 3.61745:58386 3.63298:59932 
248 619 272 1169 1226 519 480 1563 238 1454 654 341 357 637 539 834 116 1582 772 236 187 401 985 1826 1799 1561 431 47 1059 1955 398 1786 189 169 796 1443 1570 168 1409 625 1966 906 775 1795 340 963 1598 1852 359 789 1694 31 1637 736 1029 860 468 1473 342 1930 1239 1099 614 384 1684 1203 1919 1258 579 1997 115 1593 806 1364 966 1542 829 907 358 1328 1705 155 881 1090 1917 68 778 1938 770 821 325 1513 212 1741 705 1056 1042 845 1023 771 59 1837 1495 1291 1994 478 1873 1783 1797 828 838 672 1438 433 1322 214 1246 531 1404 1947 1672 1475 490 1721 211 258 66 723 1255 1120 1429 488 1106 1019 425 1840 825 140 1297 1274 1614 1144 1963 370 675 759 1544 1882 1110 1017 1880 1081 1641 1946 414 410 249 734 459 692 1186 403 1658 80 209 776 191 1632 683 406 316 918 1446 456 1656 1321 1500 74 1177 1076 1709 873 1552 1823 1784 1211 1654 1357 1073 1490 1210 1032 1540 1008 1583 1381 86 1842 1744 568 653 331 85 1130 81 862 100 615 509 720 1089 1105 119 657 250 1080 1189 641 23 801 576 1600 974 879 1803 336 600 584 677 961 628 1157 807 565 1194 1229 1200 1466 604 1623 279 1342 1723 1801 54 1983 1743 160 1996 1325 1667 1664 1349 1456 1240 1609 517 684 1959 58 192 474 894 420 395 1606 1401 1736 1131 1314 947 122 337 750 1745 1804 535 1024 1012 351 1907 1309 1031 704 1190 1335 1588 464 826 1952 170 233 427 662 1681 1521 1834 218 1033 953 110 773 203 128 990 1277 1306 1063 1333 1892 1193 1562 1726 1894 755 1021 573 645 982 467 222 903 1329 1256 89 1594 689 421 1700 1047 1754 97 1665 1383 1002 146 623 514 987 1686 1914 1293 729 1501 205 1126 593 1143 152 1145 1432 1014 304 1087 353 479 1379 1498 1217 1545 1350 1385 1992 1171 1875 1909 1273 292 626 1796 1479 1221 917 973 875 1766 1011 1428 1839 247 5 1230 1250 984 1195 251 50 314 1630 1290 744 1702 1150 596 820 13 585 1052 1142 466 254 389 1645 445 1442 1067 234 526 108 678 1431 1173 1659 1515 1124 1455 303 513 1354 506 266 1576 
minDistance: 3.63298
cost: 356679
capacity: 298799
time: 59932
maxTime: 60000
LS1: 19915/20768
LS2: 368/853
LS3: 0/0
shakeIters: 450
shakeLoops: 40
