3.23497:2193 3.26452:2550 3.39665:3935 3.4082:4337 3.41802:5684 3.41922:5875 3.42569:9272 3.42593:10794 3.48838:11316 3.4981:13330 3.53938:16726 3.5397:16902 3.54939:19328 3.55563:20175 
756 1180 1279 1667 796 1914 834 470 1726 1304 36 371 459 1270 1697 423 212 66 645 1407 1377 1512 1033 771 1640 1314 129 1952 1846 203 1443 1968 1641 773 851 432 1455 721 1181 1024 185 1356 1074 544 99 626 199 248 1306 1225 881 1106 340 375 1330 45 574 1063 353 869 160 213 317 1145 80 1430 1825 468 1494 1479 1468 383 618 244 1706 304 1823 576 1570 1325 50 351 357 565 643 1645 1709 427 625 1529 1265 204 1429 1612 412 744 253 1164 517 726 509 1118 966 1256 868 1954 1385 1801 628 1404 819 1797 1418 490 1137 316 1863 1336 238 1446 1959 1471 1283 1541 1439 1454 1229 917 58 754 1780 953 1318 97 342 705 1240 1210 573 138 1815 1297 281 1127 1630 1014 445 119 189 62 1239 550 619 403 651 358 585 772 1062 184 642 1467 482 1837 1540 1700 1873 1023 1053 1744 1544 124 1178 406 2 108 214 1563 133 1997 170 355 279 381 1350 778 5 801 600 1162 1201 1273 290 1924 704 1791 1730 1409 1022 780 341 1710 1461 860 367 1963 143 1912 1182 1957 593 1383 749 1913 384 202 1796 985 1892 701 382 1672 1684 1665 1698 1840 535 670 14 259 1610 298 1322 806 829 1986 309 1200 1058 1284 1834 128 464 1659 1019 961 807 122 488 1138 251 146 270 31 1548 539 1966 638 1802 672 870 100 303 838 1354 1600 1493 1017 1357 1217 1296 716 54 306 1122 1681 4 963 1143 1219 1379 663 1453 28 1333 1120 191 209 1593 1933 1186 1223 1002 776 236 1513 770 1754 247 314 1565 261 168 1157 192 399 1676 1177 1142 677 1664 152 532 1250 421 1060 1784 435 614 1783 755 1470 1087 1193 414 1803 1402 1658 641 1917 982 1416 734 1228 1527 693 1919 1620 779 757 874 467 173 1436 905 1368 1983 1247 1745 1342 47 984 1842 1875 1335 1090 408 1012 1274 1870 653 1151 1221 1011 1075 392 1720 559 1464 1255 1495 1956 695 615 1521 1599 1438 568 1309 630 657 903 1951 789 1786 1734 95 74 1654 519 433 523 254 336 1041 165 873 59 1705 452 425 1907 785 1466 689 974 1794 499 1930 895 1089 456 1345 1006 908 1637 1994 1613 1130 623 820 1828 57 370 497 1839 845 1032 234 1759 1340 729 297 500 991 907 
minDistance: 3.55563
cost: 362273
capacity: 298878
time: 20175
maxTime: 60000
LS1: 20836/21755
LS2: 436/919
LS3: 0/0
shakeIters: 469
shakeLoops: 42
