3.24514:2475 3.26452:2831 3.339:3445 3.35995:3771 3.38282:4102 3.4014:4329 3.4082:4898 3.42569:5533 3.44369:5733 3.4856:6303 3.48838:6559 3.50398:41599 3.51053:41694 3.52672:41919 3.53275:43936 3.53618:44272 3.53938:44552 3.5397:44739 3.54527:49212 3.56652:51146 3.56754:56005 
1909 1342 1369 1275 570 1600 744 1314 1357 1647 1485 1080 1422 1681 1356 1150 414 626 1716 1780 1184 354 333 1956 1706 1329 1797 1933 279 1743 1801 1527 1495 270 99 755 108 1730 266 1652 1654 1278 1239 1087 1544 335 443 74 1229 1924 1244 340 695 240 778 517 1614 2 129 1907 1823 1291 510 1053 1840 1238 532 756 924 1076 1151 1430 1548 1320 828 1689 446 1700 817 509 1728 1127 1432 385 1180 734 1008 673 5 698 80 726 434 325 431 124 911 1040 1288 1270 600 58 242 1946 1186 425 488 384 1815 1747 847 573 941 1835 445 860 100 1031 585 1387 619 1385 1041 961 307 982 1880 1684 353 829 1541 1398 133 412 567 729 775 834 850 1590 1120 155 1947 1336 1963 770 327 468 1173 737 1819 427 1468 1187 1143 1951 638 1507 1876 873 1347 1521 185 212 1489 667 1335 919 152 838 421 1873 1072 68 1446 1017 875 370 1994 1664 109 1598 973 1794 974 317 579 1359 1098 1044 718 1783 1089 881 1121 1697 954 128 1846 422 1230 963 1659 193 720 544 907 1381 262 944 891 677 1066 165 1754 1090 1130 1012 721 815 1124 1322 141 653 851 1073 1304 485 169 1637 754 406 652 628 1759 1223 251 1019 1725 535 625 1479 574 1513 748 1632 50 1131 699 1645 13 184 506 1033 1273 883 1439 519 894 727 623 1914 1409 1475 630 1520 773 1200 904 912 1105 580 1142 57 122 624 1594 88 1330 466 777 593 1655 95 1744 482 1795 168 1746 886 416 1922 233 1431 946 351 1542 1360 213 464 214 209 254 110 160 497 1391 845 825 1773 276 97 1014 686 1407 500 1466 1630 1137 1043 1011 959 437 1796 801 807 1179 670 1377 921 985 493 1126 1641 1540 1333 645 304 576 467 86 389 1579 824 568 1063 1570 1745 355 842 238 1866 1687 1842 205 1784 1529 1312 1918 1427 1837 1930 1667 1473 341 643 1454 1917 1738 36 1163 1211 772 435 704 1739 1325 4 203 614 879 984 1676 261 1240 1455 826 1401 1658 657 1952 253 615 342 1189 1997 606 730 776 337 28 35 1405 375 1429 880 420 1029 641 1734 1986 1350 1665 550 336 685 1067 248 990 1983 1839 709 119 869 1642 1023 236 1157 115 1162 1604 66 
minDistance: 3.56754
cost: 367178
capacity: 298934
time: 56005
maxTime: 60000
LS1: 19217/20086
LS2: 431/869
LS3: 0/0
shakeIters: 417
shakeLoops: 39
