2.95447:822 3.05099:1562 3.16147:2449 3.16213:2679 3.18426:2943 3.27106:3489 3.37591:4212 3.4014:4831 3.4082:5420 3.41051:5509 3.42569:6815 3.42593:7800 3.43964:8109 3.44137:8280 3.46369:9186 3.47335:9595 3.48838:10238 3.52513:18677 3.52672:20579 3.54939:21012 3.55563:21145 3.57556:29962 3.57682:30747 3.58088:34241 3.59838:36629 3.60015:41937 3.60527:42046 3.62379:49052 
1087 1946 1773 155 202 1796 160 1023 687 80 1428 510 370 1784 973 290 1846 1594 1426 750 806 437 138 1837 66 170 1744 941 1673 1314 860 412 1309 1866 81 1875 703 1267 1017 840 966 248 1658 1892 525 1664 1377 47 729 1211 414 1947 1996 1637 829 355 1052 641 1576 517 468 889 1952 1190 1193 2 527 1416 1277 704 779 1880 894 1316 211 989 709 734 1171 628 900 1684 1933 260 513 1230 1221 234 1786 1255 874 24 677 129 1169 653 1291 678 1783 1745 1803 778 1479 1830 1130 88 701 614 1788 1705 1434 643 1409 992 115 1654 532 1172 119 625 108 638 1239 254 908 669 1453 218 243 1150 905 645 279 1992 1297 247 1429 520 881 401 1422 1761 1659 1544 52 1672 1401 1262 1019 13 1917 576 1728 500 1894 1246 353 168 1201 1736 176 375 1256 1194 1229 1439 1386 466 705 381 1599 1164 1590 618 1461 116 48 1333 264 341 615 1468 771 953 1791 1432 859 1151 1120 323 1667 1681 1450 647 399 1495 604 961 262 14 1127 1330 1114 1540 1336 1270 141 464 1345 1801 875 1180 432 1106 169 214 1427 1997 122 1053 222 1956 1542 184 1526 1702 1186 97 1274 756 1823 474 1163 91 1304 1455 1126 1747 917 1322 342 178 69 394 1951 1548 50 89 384 801 1614 539 635 1454 1110 209 619 568 1031 1404 1834 1914 1464 192 1501 689 152 1922 1244 1022 1924 1485 770 349 212 523 1354 963 1273 832 1290 1508 1759 1778 845 357 1385 1090 272 954 499 100 74 1552 203 328 623 5 1325 834 974 1306 1852 1513 1493 985 1739 864 1994 1310 502 1350 1593 1733 1600 1782 1963 1794 990 1726 1498 1521 1839 165 488 117 67 1374 1261 1340 1907 233 553 1142 982 1250 128 1124 1240 189 1335 511 789 519 28 1381 1145 1913 1466 1076 478 670 236 316 1069 600 776 1476 509 1561 1063 1012 485 1398 1014 1058 1342 204 826 1494 1446 1909 140 111 1187 1073 1881 339 1754 1060 445 187 151 1645 1700 389 35 314 1357 1708 456 773 683 907 796 535 1730 880 1743 782 1873 1258 672 317 406 1930 873 193 359 251 775 991 1826 1143 1006 1836 1665 542 931 772 1797 1706 1606 266 755 1029 1570 919 238 1195 482 1842 
minDistance: 3.62379
cost: 363156
capacity: 298743
time: 49052
maxTime: 60000
LS1: 19914/20760
LS2: 369/846
LS3: 0/0
shakeIters: 449
shakeLoops: 40
