3.13879:1765 3.16113:2103 3.26615:3172 3.27106:3262 3.36192:4075 3.43964:4968 3.44137:5221 3.44369:8730 3.48838:11873 3.51298:13781 3.53938:15742 3.54939:18085 3.55563:20506 
62 1782 539 1097 500 133 840 1393 1924 432 1840 1888 1466 550 1185 1274 1446 1391 1600 820 304 788 1914 1407 695 1952 126 1335 1575 869 1946 490 744 678 213 1804 628 1066 425 1754 1363 704 941 870 532 886 100 699 1799 1842 1708 1063 1641 618 652 461 54 218 1846 808 1048 1150 236 773 1704 1640 163 955 1357 64 636 1565 1959 119 1223 1343 1121 1450 1609 785 212 1839 748 1572 1340 1008 933 1837 1083 963 1053 1023 1333 1184 136 778 1741 1975 1643 835 1118 1630 782 1256 881 831 1379 1230 982 1180 406 209 247 1797 635 653 894 1909 570 1824 593 57 1493 1963 903 1233 1780 1265 787 1087 624 574 510 617 97 314 403 623 1120 1731 1453 35 1189 394 723 1454 254 1702 47 1835 264 370 339 1756 42 1983 152 497 1994 1304 1649 770 31 542 1620 389 1131 1534 210 801 940 1954 1739 561 973 1579 553 984 826 726 1439 342 615 1664 795 331 309 1239 1138 1409 976 875 619 860 1427 81 1416 438 1996 69 1029 519 1658 1267 211 1794 1919 1570 77 192 604 1634 279 1680 1540 75 1088 1498 1248 1719 111 1086 1372 838 974 673 1183 1429 1443 258 1031 669 1401 1221 829 1196 488 1309 1721 755 1801 323 1527 1700 622 777 1076 960 1157 1647 95 1728 108 641 155 614 248 1374 355 1687 1041 842 1278 129 806 1006 165 580 1690 556 282 234 1789 238 1313 1594 959 647 340 381 86 626 341 452 193 1369 630 83 986 130 464 351 1667 776 18 937 74 1162 80 707 1059 535 775 68 1377 953 384 1552 643 1907 919 1487 1370 1645 1288 467 800 1390 1240 1250 466 1826 720 1306 476 1961 1143 354 680 1720 1211 233 1795 1367 358 128 1997 1014 1385 805 1177 151 1345 435 1544 1500 1089 327 1632 754 1689 1917 698 170 584 1387 1130 672 1747 1947 375 1020 1092 1314 219 13 1291 756 1625 5 807 834 2 1293 15 1355 1273 298 1665 412 1788 325 568 1050 316 1542 1943 1637 480 1124 1676 873 191 110 382 1195 929 423 845 759 1816 1856 585 474 705 1716 468 1873 1726 645 1468 176 1872 353 1330 437 638 1815 1894 865 686 1058 939 1467 1993 1736 168 99 1479 907 1541 1944 665 1072 485 1251 50 1151 1783 1745 1681 
minDistance: 3.55563
cost: 362546
capacity: 298823
time: 20506
maxTime: 60000
LS1: 21681/22577
LS2: 402/896
LS3: 0/0
shakeIters: 481
shakeLoops: 46
