3.41922:3056 3.43964:3807 3.48838:4299 3.49213:12148 3.4981:53263 3.51784:54707 3.52113:57098 3.5397:57240 3.55968:59117 
677 614 1658 179 1579 1826 1757 74 1789 373 50 773 123 485 425 248 1834 1870 1654 1354 1681 421 889 1377 1169 31 1649 1035 1150 600 1709 1912 631 628 1416 1783 333 370 1428 941 929 1126 429 1246 1466 264 1432 707 238 300 1656 1994 636 619 69 1230 1226 647 1479 192 423 734 1258 775 1194 1944 645 412 117 1240 819 186 279 1151 1342 1085 1292 754 1439 4 389 212 1314 1645 1730 1904 1824 341 613 1576 1014 1788 467 151 1401 1688 1012 1952 940 1526 713 1552 1233 1630 1541 1700 1031 770 47 108 339 534 1761 1651 809 860 1799 214 681 873 1097 1344 472 1802 1385 955 1695 355 1017 982 327 1242 1211 1191 1023 99 724 109 670 1423 1913 1593 1948 793 796 1836 445 1190 1493 1256 788 474 1128 1741 1357 394 1494 841 506 1080 299 211 234 347 859 1059 1304 1797 656 1182 1739 1454 1355 776 128 1277 488 1922 1721 1076 160 874 1583 559 847 383 894 342 1926 1284 104 1008 878 1405 375 437 5 1664 1438 1228 464 414 1476 1796 1019 1625 1498 13 1542 1819 482 845 500 1142 1914 424 1963 1546 1400 24 576 1404 640 1909 1329 316 384 203 1726 1560 1429 254 782 1861 726 869 653 351 1273 1733 1157 357 768 986 1143 593 80 1702 276 1391 568 772 1705 1634 1297 285 829 1066 817 1029 89 807 1363 778 1172 1335 937 81 54 535 1839 432 1200 1073 213 1290 1959 1291 1223 441 1888 97 358 757 816 1333 901 798 410 325 604 1105 290 272 801 1325 922 1130 509 1716 314 689 247 1468 1610 111 1986 1652 1924 41 517 709 1250 529 1637 755 643 971 1930 1614 1545 1003 1041 589 1217 1880 1124 527 1379 1659 1979 1754 1239 903 549 1529 141 1708 1177 1446 961 1738 371 526 1453 668 171 1957 881 468 309 906 1600 875 834 1037 1374 1801 1048 1409 1381 1996 626 14 1850 1885 974 672 1248 2 1784 1947 1892 1527 68 28 1394 304 623 461 585 218 853 233 1972 1544 918 1710 543 705 953 184 152 720 119 553 1846 466 838 917 683 687 831 1298 1910 1990 1917 422 1456 185 1370 1306 820 654 1193 1163 1737 1997 883 1189 1515 1351 1842 1060 704 1875 499 676 511 1640 1598 842 1090 1083 1837 1120 385 1063 266 987 911 519 1055 739 825 283 
minDistance: 3.55968
cost: 360273
capacity: 298794
time: 59117
maxTime: 60000
LS1: 15999/16903
LS2: 587/904
LS3: 0/0
shakeIters: 308
shakeLoops: 28
