3.16519:2152 3.23497:2495 3.33256:3103 3.33576:3719 3.4056:5734 3.4082:5876 3.43964:6563 3.45048:8266 3.48838:8593 3.50398:11734 3.52513:13544 3.5397:15629 3.55508:16244 3.55563:16880 3.55839:16988 3.56196:23257 
1527 643 1797 1143 1342 1304 1955 1683 630 218 907 597 651 1221 918 1594 895 1598 1788 242 635 579 100 314 1664 1234 288 987 754 889 414 906 490 300 1211 423 406 1416 1343 1763 1847 371 917 340 213 1610 1427 1164 1189 1739 254 275 619 544 778 1186 1466 1003 485 1066 698 1863 1630 1201 1472 236 1600 550 908 1314 1512 1648 967 437 467 1507 1490 1736 553 976 1267 1761 473 1612 59 535 1151 1620 1789 658 1409 478 1306 160 1404 307 757 1354 638 527 1926 1947 2 165 519 355 1193 1029 585 879 1526 991 1182 1689 214 384 1357 1359 353 893 1658 1012 33 1479 1517 1023 461 1754 54 600 1076 1922 304 18 1959 642 845 686 1924 1994 111 567 209 985 1002 1917 385 323 726 375 1870 341 509 1687 1171 393 796 238 146 72 1284 695 825 1248 1839 1826 629 1737 1124 869 1489 1195 253 1963 268 108 1716 276 1008 1744 883 1021 1142 1513 721 57 842 1336 1080 1291 470 657 1103 75 593 1453 1570 1322 1330 542 295 1439 1667 309 290 1137 445 1904 1073 1540 155 1179 1952 614 572 785 1120 1309 351 1875 247 286 443 1019 1913 324 1975 961 1223 1625 1726 1157 335 1634 1799 773 1225 860 1730 28 647 205 398 615 281 673 89 1815 1250 429 97 13 1454 1390 933 480 251 1801 1402 776 924 734 1986 412 1325 704 1335 1834 1178 163 1422 683 1548 881 770 1468 248 47 431 169 1063 416 623 50 873 212 568 466 1476 974 168 1579 628 636 468 438 1150 303 367 1880 1659 955 1145 119 514 1997 925 1177 1806 1676 1783 152 1233 870 654 807 1407 1544 815 834 720 1014 1351 1130 1126 1694 1391 1645 347 1556 1702 641 1709 576 441 875 1089 1401 370 865 1529 755 1108 667 1053 511 874 1256 756 1951 1796 425 529 1121 1273 829 1369 1394 1429 342 1706 1446 68 1328 1542 1846 1844 1665 1059 58 1647 1379 383 1842 1041 1333 589 1565 1058 1239 1255 1456 1363 1062 1431 1393 693 969 729 801 709 1278 1992 116 1162 1274 133 653 992 1946 424 1240 184 982 151 110 1681 707 1288 1912 389 912 488 80 854 74 435 62 715 1316 202 1184 1495 1637 677 1199 1641 333 5 1525 482 410 1230 903 1011 402 1552 223 
minDistance: 3.56196
cost: 363403
capacity: 298752
time: 23257
maxTime: 60000
LS1: 21132/22026
LS2: 420/894
LS3: 0/0
shakeIters: 458
shakeLoops: 43
