4.31628:1330 4.45158:1604 4.45193:1805 4.48713:2202 4.6061:2983 4.61402:3207 4.62717:3589 4.65609:3663 4.66881:4539 4.70697:4602 4.7162:4677 4.71943:4749 4.72917:5294 4.74262:6803 4.746:10438 4.7504:10929 4.75079:11074 4.79921:11602 4.80683:17827 4.82114:17954 4.82141:18254 4.83129:20500 4.84399:21442 4.84899:22009 4.85839:22119 4.87769:22216 4.88246:26445 4.8882:38587 4.89617:41509 4.91731:42973 4.92617:43704 4.93419:45716 
445 395 1430 1954 1612 626 1308 1180 1681 985 862 875 710 1596 1914 1542 252 1008 975 16 1576 1540 807 1552 1513 616 128 60 412 1037 1706 969 777 433 2 582 173 1190 634 715 297 1520 1163 239 656 1687 944 1053 901 1023 1057 590 198 669 431 317 1946 1012 642 684 1834 375 1761 1975 653 444 254 614 1788 828 877 355 309 468 779 5 1056 519 722 358 1466 1371 97 279 119 1216 1786 1837 443 1124 160 801 764 378 1383 1493 834 474 1183 806 814 1789 357 729 932 1951 1238 104 704 592 917 1250 1073 641 1248 499 1474 1819 961 214 1151 535 1647 159 1434 982 1193 1315 1184 1396 925 88 1801 1985 1437 364 744 829 689 874 1195 1676 668 1387 1694 138 1277 1240 907 1665 563 192 854 820 941 475 1255 1662 406 1429 456 339 115 1855 1374 670 427 1735 335 838 514 1561 112 476 1306 185 643 1200 1655 1682 1994 1754 1787 1262 432 1980 304 782 1177 1620 1353 780 227 630 695 1455 322 1746 727 1794 165 1534 771 1717 1432 50 1420 429 340 212 1448 627 775 1518 1138 1990 1781 847 168 359 367 1239 784 1727 1451 46 1446 315 1149 1702 984 585 382 199 1703 983 1081 62 568 1288 1852 1367 83 176 534 1783 264 1059 726 1907 1033 479 1427 527 370 293 1509 1614 1063 78 506 903 1569 1634 
minDistance: 4.93419
cost: 253013
capacity: 199288
time: 45716
maxTime: 60000
LS1: 35945/37303
LS2: 526/1358
LS3: 0/0
shakeIters: 800
shakeLoops: 73
