3.95588:599 4.11809:1132 4.14067:1222 4.26171:1576 4.41037:1820 4.45333:2113 4.45873:2894 4.54141:3161 4.54546:3579 4.5726:3721 4.60888:3788 4.62717:4506 4.64591:4675 4.65057:4961 4.65296:5025 4.65788:5175 4.67482:5806 4.68806:5968 4.699:6086 4.71646:6290 4.72437:6369 4.72917:7297 4.7504:16605 4.79354:16840 4.79585:17338 4.80666:19000 4.87728:22632 4.87763:22973 4.88759:23058 4.8882:23403 4.88952:24406 4.89343:24544 4.92571:25437 4.93419:32318 4.9503:34605 4.95331:35536 4.95682:37305 4.95757:38617 4.96438:45780 4.96988:46516 4.97276:52007 
668 1283 780 1697 854 97 1229 1687 433 1305 1059 1225 314 1449 198 509 1184 695 1886 922 1761 1626 1922 1797 1040 1100 1023 1262 1746 901 1692 1985 944 357 112 1914 788 227 1037 984 212 985 99 1306 379 634 239 704 1717 1119 642 975 629 535 1193 1666 1996 16 916 1786 715 770 903 1374 1573 1509 382 5 1019 1240 1432 1353 1180 568 1495 98 1063 1280 1994 1284 1889 1131 574 800 1954 318 456 1513 865 1078 1796 941 983 1727 1527 1855 459 347 1273 917 727 1002 726 1647 1434 838 801 1304 431 1507 641 160 1466 1975 192 450 88 1334 165 626 315 1081 293 579 829 1637 907 503 474 1410 1267 1408 1576 552 1274 904 1596 119 656 354 375 439 1124 795 1379 80 168 1907 1455 1542 534 123 1450 1223 1681 1050 203 1230 1454 262 1108 859 1102 585 565 670 1012 479 1706 445 1288 1612 1632 355 236 128 1248 1416 1602 193 214 1720 1177 69 1453 1894 1383 1579 1665 708 1485 1195 1662 976 860 1817 1399 528 689 50 879 321 748 683 1427 1250 529 1351 653 777 89 1053 1561 1219 1837 1216 412 821 346 279 423 1367 1114 1614 771 1396 1501 1834 1293 1990 729 58 580 1802 370 1446 1244 643 1105 1788 1634 1436 807 1840 563 152 720 1429 1371 869 900 982 253 1073 722 885 475 1337 272 1655 
minDistance: 4.97276
cost: 248738
capacity: 199165
time: 52007
maxTime: 60000
LS1: 35522/36761
LS2: 357/1239
LS3: 0/0
shakeIters: 841
shakeLoops: 76
