4.26171:1316 4.41037:1821 4.48713:2104 4.53304:2266 4.67684:3147 4.67936:3615 4.70281:5233 4.71943:5345 4.7504:5606 4.79354:5969 4.79375:6834 4.79585:8317 4.81022:9013 4.85519:9688 4.87604:9745 4.87769:20997 4.8811:24798 4.88246:24905 4.8882:27300 4.89858:33732 4.91624:36697 4.92214:37561 4.92716:37942 4.93151:38008 4.94135:38079 4.9503:38507 4.95682:46614 4.95757:57835 4.96438:58566 
1097 176 421 653 683 1367 1797 1293 1148 239 1432 1839 1466 1922 748 688 1983 1011 829 1437 865 932 1819 552 78 544 798 845 1665 1596 584 681 168 340 1280 916 907 60 1381 1399 185 207 1361 567 1023 83 771 1512 1773 353 1120 117 215 1138 1817 739 627 1053 279 535 468 1556 475 1248 68 720 1696 1131 780 309 1738 1200 432 1124 152 412 1855 173 1837 1996 99 1236 1913 1214 1195 985 1612 1014 1706 1154 641 236 1560 1474 165 669 1614 222 1123 647 13 450 1803 1238 1255 247 1098 1250 325 982 1225 506 1194 1057 1230 1726 703 603 1550 1429 668 1788 1781 825 1304 722 944 901 519 1968 1552 704 1396 1687 1063 119 1071 585 1306 318 1151 1019 1177 1634 456 1092 359 1509 1454 479 1576 1446 1162 193 878 264 1438 322 192 1914 1680 411 227 1277 613 1739 488 1794 433 1746 642 983 1771 1283 357 97 1059 41 838 1423 370 1222 615 917 1274 1626 801 1041 1048 807 293 250 1762 710 834 969 1394 1239 1431 180 1344 1705 1193 429 112 1966 1816 908 1129 1371 1081 974 1613 1975 1683 1646 160 1727 1223 1240 1172 715 1594 1229 1565 823 1681 875 354 860 877 528 527 643 1211 1032 1489 1735 1058 445 777 339 1416 1335 375 1056 1031 199 212 626 138 88 1647 1985 254 1801 689 1262 1573 1290 1183 1434 1314 
minDistance: 4.96438
cost: 243302
capacity: 199272
time: 58566
maxTime: 60000
LS1: 38070/39369
LS2: 420/1299
LS3: 0/0
shakeIters: 850
shakeLoops: 79
