4.34139:1188 4.54138:1577 4.6061:1830 4.64972:3853 4.66249:4029 4.7504:4224 4.75079:4849 4.75156:4990 4.75547:5601 4.77018:5778 4.80666:5912 4.80683:6320 4.81022:7664 4.85927:7766 4.87661:7902 4.88246:8160 4.88383:8945 4.88759:12551 4.89227:12924 4.89343:13011 4.92116:15127 4.92204:15183 4.93213:16270 4.94367:17064 4.9503:17992 4.95331:23502 4.97276:25611 4.9752:28510 4.97951:31968 4.98642:36082 4.98712:42085 5.00255:42229 
1980 1108 340 1952 772 720 577 253 1374 1840 1785 358 879 865 206 917 1889 318 185 1694 1244 574 1195 117 626 97 1262 1124 1230 666 668 234 1053 985 447 726 807 530 1453 1888 1992 2000 667 1788 953 1438 1817 1386 862 729 100 715 1283 1255 596 5 123 1063 519 1056 479 707 924 1379 279 907 1391 1019 845 293 1023 1872 1194 1172 466 1874 1922 439 1600 1637 1875 1509 192 1573 69 771 1351 821 1489 1846 1745 710 1410 665 236 1576 1330 450 1796 421 942 35 1320 1954 984 1662 60 1527 1746 389 497 370 539 94 1182 1565 1594 1786 1938 778 1466 1179 1334 1933 842 1513 227 770 80 1033 1434 903 1972 599 1014 66 1914 1614 1455 695 1720 641 1383 1866 1140 246 738 838 1564 1681 304 214 904 74 431 1164 119 1288 1446 1579 1429 82 49 89 276 1454 1081 1676 1783 1465 1123 1432 433 535 1706 780 491 660 1225 1221 1738 1560 689 13 1313 1801 168 1602 1367 1924 1657 58 213 210 475 112 758 1959 1240 969 1193 777 1032 88 1067 239 1479 1582 723 851 1727 315 322 1274 1683 1089 627 499 916 1073 558 1697 68 1408 798 355 1856 877 585 198 1935 212 973 1183 860 779 160 401 1371 1735 128 653 1485 643 303 446 1409 1596 1211 1894 1804 294 639 1729 792 165 1436 829 734 1423 444 
minDistance: 5.00255
cost: 239194
capacity: 199389
time: 42229
maxTime: 60000
LS1: 37287/38662
LS2: 520/1375
LS3: 0/0
shakeIters: 823
shakeLoops: 77
