4.30218:1177 4.59383:1811 4.6061:1911 4.61448:2310 4.62717:2438 4.63422:2502 4.66627:2731 4.71113:3891 4.718:3977 4.76477:4154 4.79921:4465 4.87763:4900 4.87922:5319 4.8882:5376 4.89343:8595 4.89871:8665 4.90391:13647 4.92342:25858 4.93151:26609 4.93419:27302 
212 947 777 97 877 535 1797 849 165 1647 1283 1064 1803 1454 1788 425 1565 357 1387 60 355 984 1637 1950 1275 1634 198 199 528 1942 1033 1541 1573 260 1154 1922 169 1177 1431 1985 1371 874 859 895 1056 250 403 1781 1739 52 1861 13 340 1427 1248 792 1379 1257 206 1990 628 1944 1554 614 1063 689 1216 80 917 254 875 643 205 1223 834 1914 370 1799 346 720 1794 1328 1017 641 295 475 359 699 915 1738 1552 155 770 695 1244 1681 412 1819 1542 1716 929 1980 1569 480 203 1222 585 1455 704 851 75 653 748 801 1386 1596 734 1274 1416 1968 1195 1225 164 782 1040 1019 211 1694 683 119 907 189 317 1954 136 1374 1230 466 865 668 1446 227 1917 1105 1994 1072 247 1151 1194 925 596 884 1600 1267 879 1656 1206 293 1334 318 468 210 1662 529 1124 1763 1817 456 1952 953 1576 845 1350 1412 236 364 1180 1028 862 1466 1284 1448 1829 446 252 666 431 527 1459 1526 1162 632 1474 1933 807 1073 1783 820 1959 703 1502 1203 1465 72 1041 1951 1620 160 758 780 1277 1657 1048 1659 779 89 233 1172 1081 860 1108 429 472 248 1561 1856 1221 1432 1612 88 778 1997 1357 1875 117 168 1516 239 1193 559 1665 1992 1023 128 903 253 1602 901 111 710 1550 552 59 1429 509 41 973 1705 1839 934 1240 1367 1888 1646 112 726 450 262 
minDistance: 4.93419
cost: 242671
capacity: 199181
time: 27302
maxTime: 60000
LS1: 39025/40291
LS2: 345/1266
LS3: 0/0
shakeIters: 901
shakeLoops: 87
