4.22343:1025 4.22536:1097 4.45184:1468 4.45333:1743 4.48713:2143 4.49544:2358 4.573:2813 4.60643:2959 4.61631:3055 4.61998:3143 4.64248:3203 4.66627:7702 4.70534:7879 4.70697:10580 4.71636:11593 4.71943:12299 4.746:12623 4.75512:13527 4.79585:14124 4.79921:18303 4.8193:18371 4.85519:18454 4.86439:18778 4.87604:21252 4.8811:24329 4.88383:24523 4.8882:25271 4.90391:26240 4.9079:26467 4.92342:27944 4.93213:30690 4.93419:33680 4.94172:40325 4.9427:41194 4.95331:45566 
1495 164 1105 1230 162 1542 1957 773 1351 1328 293 770 1334 1516 247 916 1002 487 807 1971 654 1944 1935 1502 1459 450 626 97 1773 357 128 975 689 488 527 1432 291 647 1964 1697 1509 1972 1003 155 1041 772 185 953 353 1194 1063 250 1124 1274 2 1797 559 341 1177 88 1938 720 845 212 641 642 966 227 653 1735 1211 1172 1946 1379 1738 1244 1434 1954 1696 879 1489 901 420 1665 249 1996 1306 668 1569 112 318 361 401 657 930 1933 509 355 917 1788 1081 628 574 667 612 1990 502 874 585 778 675 1681 206 875 492 756 1817 427 617 1985 1852 704 780 238 1180 1264 1914 1493 192 708 359 1980 433 1221 947 322 1240 72 1612 89 938 907 1682 1429 1023 1786 1008 1127 210 1637 165 1262 829 775 1466 1373 777 503 1438 50 528 1910 1248 1687 1250 1423 364 1875 1195 1565 119 798 535 900 1796 1446 1448 431 1410 1437 1040 1601 414 35 370 1928 475 1561 207 412 1465 1789 695 117 1255 198 1705 1526 895 534 1700 1383 1300 1662 1019 279 1839 80 727 519 1453 81 980 74 1367 1783 1620 1283 796 1222 335 1803 1073 862 358 1912 1513 1955 1647 1439 439 596 1922 599 1169 1216 1692 1894 464 58 1108 1746 1365 1313 1825 771 1151 517 1053 1056 1190 1926 530 877 1193 456 753 1717 1634 1072 726 
minDistance: 4.95331
cost: 245876
capacity: 199248
time: 45566
maxTime: 60000
LS1: 37298/38622
LS2: 504/1324
LS3: 0/0
shakeIters: 785
shakeLoops: 71
