4.31628:1451 4.42767:1730 4.45158:1848 4.45193:1985 4.53304:2280 4.61631:2536 4.62097:2727 4.66249:2901 4.66627:3807 4.74262:7635 4.746:10028 4.7504:10242 4.79921:11023 4.80482:11110 4.80683:11192 4.8193:11985 4.82114:12192 4.83129:12325 4.83425:12378 4.85519:13053 4.85851:13396 4.87604:13932 4.87728:32198 4.87763:32314 4.88383:32371 4.90391:32793 4.90513:34221 4.9079:34282 4.92204:34356 4.93213:35327 4.93419:38013 4.94984:44098 4.9503:49884 
246 1023 1944 35 940 552 1356 1495 1222 1342 1550 1454 1455 1330 1699 1081 1184 112 1466 773 1513 1493 1221 1878 1964 168 1803 838 859 726 901 1334 212 1912 1306 1256 439 1017 807 953 879 75 842 1041 1240 780 1797 835 1516 1801 1032 1376 1736 1195 80 1127 178 1011 1854 1614 1262 450 1067 1016 1933 777 1129 210 729 97 559 1889 1050 1665 218 723 1328 381 379 1783 1894 801 1313 535 1980 252 1409 1600 1420 165 1371 1369 1479 119 1377 1717 869 527 1786 509 748 1154 1935 820 1620 98 983 1040 1108 1922 1379 1255 1274 704 203 1506 479 1914 359 641 1277 370 1552 214 1509 878 695 1742 199 1394 917 99 1839 1972 1250 1248 907 1788 756 1459 1570 1647 414 1169 262 192 1746 1683 775 727 1898 1739 829 1053 16 668 1105 874 254 1063 1637 1994 506 1738 293 845 427 1527 128 1952 778 865 862 1662 1042 1666 708 1924 353 924 67 1008 1645 1705 1397 1968 1502 1100 628 1837 1284 596 1446 1124 475 1073 720 1561 1244 1357 1172 851 88 808 58 1985 1573 392 568 771 1410 1380 279 544 1399 164 1542 74 875 1089 689 155 1453 647 831 1689 903 1789 357 227 17 2 1434 160 627 1230 854 1329 984 1692 1438 355 1735 94 1576 125 442 1305 446 322 1126 1432 715 1794 613 612 1130 577 1190 1852 1612 931 
minDistance: 4.9503
cost: 242372
capacity: 199224
time: 49884
maxTime: 60000
LS1: 35602/36972
LS2: 523/1370
LS3: 0/0
shakeIters: 814
shakeLoops: 77
