4.28142:1106 4.30831:1274 4.37942:1603 4.45158:1928 4.51534:2262 4.60167:2639 4.63076:2857 4.65514:3018 4.699:3424 4.70697:4262 4.71696:5123 4.73964:5236 4.74262:6481 4.74325:7353 4.77126:7765 4.79354:8682 4.79585:8868 4.81022:12211 4.8666:14275 4.87661:16003 4.87759:16859 4.88383:17733 4.88569:17804 4.8882:27882 
1861 1675 379 446 97 576 1665 1023 304 1280 1368 456 1088 80 1315 1643 1952 1612 1799 796 178 1933 596 193 1073 72 1267 778 169 689 782 203 1273 1794 467 247 451 1162 1177 168 1738 450 519 13 874 1681 277 33 1954 503 165 119 1291 1124 820 1250 1172 654 1783 41 1277 1829 279 1263 879 1862 709 1602 1634 540 516 860 1387 627 340 1513 78 173 483 1063 425 771 1687 1187 1454 1682 1371 1086 207 1659 309 770 1694 1479 1666 1274 901 1014 212 807 1448 99 885 116 52 1410 808 1631 1270 459 215 1228 1446 779 849 599 645 1735 1692 529 1179 315 236 1033 641 1330 149 619 732 1229 1968 1565 1746 1762 1579 1815 666 1739 646 1509 726 1334 358 851 1351 1975 837 834 1781 1407 884 1495 642 1081 1596 202 1645 1240 845 1230 1367 935 862 695 653 1283 112 532 137 780 722 1797 1626 974 272 1470 46 1637 585 1613 79 1914 354 1203 1788 1994 704 1225 582 1761 1438 544 1748 114 1184 1105 975 439 1839 1412 1453 239 934 1697 961 222 476 1394 1855 907 550 1357 916 1048 1374 527 801 205 1335 1003 1928 364 1647 1376 243 1957 1067 155 1466 1662 1811 227 846 420 985 509 1243 359 433 1040 668 1922 1043 1123 777 986 1943 443 488 727 1548 370 878 138 1353 681 1193 715 250 657 81 675 535 1306 928 552 773 355 1529 1488 468 1863 
minDistance: 4.8882
cost: 248870
capacity: 199184
time: 27882
maxTime: 60000
LS1: 36860/38143
LS2: 499/1283
LS3: 0/0
shakeIters: 760
shakeLoops: 72
