4.09763:863 4.26171:1416 4.32913:1545 4.45333:1884 4.54546:2110 4.59009:2583 4.65788:2984 4.66627:3487 4.67588:3842 4.69316:4181 4.70534:4251 4.71113:4481 4.72917:4795 4.73964:6918 4.746:7617 4.7504:7896 4.77126:8367 4.79585:10254 4.79921:10689 4.87604:12246 4.8878:12325 4.8882:12388 4.89692:12456 4.90391:13063 4.91371:13747 4.91731:18048 4.91984:18806 4.92214:18994 4.92716:19696 4.93213:22554 4.93419:27434 4.94135:48712 4.94367:49322 4.9503:49377 4.95331:50816 4.95682:57040 
1542 573 317 1306 503 1180 668 1041 1951 97 517 411 1689 1255 1033 930 33 534 1659 875 1834 251 695 1590 628 615 1002 1761 1692 249 456 1665 1177 1839 779 89 734 46 1561 1526 403 877 1486 212 112 1610 807 1063 579 1706 1550 1219 782 1681 835 433 198 16 1571 1643 1225 626 1374 1300 94 1623 509 1455 704 341 1789 229 596 279 1230 1059 874 1187 155 60 983 945 1438 689 535 1657 917 527 675 563 1985 1788 1735 340 250 431 1416 208 907 1190 450 1381 1924 574 1012 1274 1854 730 459 1040 1703 168 1428 1437 1412 1315 439 254 1090 1521 185 355 1705 1717 1888 1727 358 1205 1513 916 699 644 1023 1968 1304 1829 869 901 1248 1894 1746 499 1379 1687 1283 710 432 210 641 1048 193 1184 304 1922 1244 359 895 1966 884 318 1552 1620 69 703 162 1803 838 1739 953 1320 1398 514 1100 585 1466 357 1454 801 392 1448 1280 1429 683 1647 845 1868 406 1601 1450 1875 1602 1073 1914 1662 1954 1367 1108 1855 924 78 1223 559 475 1828 680 1479 780 1031 1409 1837 227 639 1994 80 1996 1386 941 860 976 165 293 62 1453 1907 1573 1293 58 865 346 1745 1434 1516 1461 1423 370 1410 236 657 1195 1614 1081 1512 206 1273 524 1446 1053 98 1432 770 552 1509 777 1105 642 1222 1124 1664 820 1637 160 199 726 982 1240 
minDistance: 4.95682
cost: 240434
capacity: 199184
time: 57040
maxTime: 60000
LS1: 36522/37842
LS2: 437/1320
LS3: 0/0
shakeIters: 847
shakeLoops: 76
