4.30052:1333 4.31902:1450 4.45109:2088 4.47291:2164 4.52313:2309 4.59327:2649 4.62627:2904 4.62717:3119 4.64248:3427 4.66249:4059 4.68349:5930 4.71636:6096 4.71943:6206 4.73589:6281 4.746:6661 4.75079:6891 4.79354:7953 4.79468:8026 4.79921:9037 4.81022:11572 4.83425:15466 4.84399:17238 4.85851:18298 4.86973:19168 4.87604:21307 4.88246:22937 4.88383:27057 4.88569:51931 4.88759:52126 4.8882:55132 
1955 116 433 1565 304 885 35 450 1379 1554 1313 1187 933 1040 517 1371 425 1383 1256 1037 389 834 1620 772 1191 1754 1738 865 1678 18 726 1540 340 439 907 412 446 1063 46 1797 118 382 358 1014 585 595 901 552 247 879 1971 445 1573 1720 1521 935 727 1367 1509 41 1190 1513 1011 1002 264 613 710 72 97 897 206 472 1856 1796 642 777 945 185 1248 1507 970 114 1746 1703 1655 1626 1676 915 807 1250 744 1324 641 1535 1240 1394 1124 755 1432 829 596 1408 1234 599 1029 1913 1717 1455 1427 1436 1698 1108 373 236 1687 1716 1839 1788 1596 779 817 244 1647 137 1448 1177 1244 1081 80 806 838 1801 1151 1451 1983 1247 1023 903 1273 1624 969 295 318 1789 938 1230 1922 1391 1280 140 193 612 476 1706 1616 1205 704 884 484 1216 1902 1552 1761 1852 336 1466 1966 411 1219 982 626 1172 234 160 1270 1180 1267 729 1420 77 88 100 1019 1675 820 782 668 162 1053 499 1078 1465 1495 1021 918 1612 117 845 976 192 360 1142 984 862 1143 527 1933 1306 1387 906 67 250 1315 456 535 119 1637 1351 15 1012 1580 1073 479 1100 1811 1994 934 1834 1377 1520 1255 1453 1446 1409 1342 680 205 1399 1894 1914 1454 514 1437 168 121 801 1681 1449 689 539 1990 355 1304 1243 1134 953 475 1645 212 654 1692 821 1277 1302 944 1410 1067 
minDistance: 4.8882
cost: 247272
capacity: 199244
time: 55132
maxTime: 60000
LS1: 35366/36684
LS2: 508/1318
LS3: 0/0
shakeIters: 780
shakeLoops: 74
