4.24322:1055 4.275:1184 4.33431:1495 4.38295:1612 4.45333:1807 4.54532:2045 4.57214:2300 4.6061:2638 4.61631:2763 4.64972:2923 4.65057:5025 4.67096:5312 4.746:5567 4.79354:5858 4.79921:6004 4.80312:21374 4.85519:21582 4.86439:23034 4.87202:23190 4.87759:23253 4.8882:23420 4.88822:26943 4.89227:38947 4.89617:39954 4.90513:47886 4.92204:56615 4.92214:59075 4.9503:59311 
1401 1151 1721 1011 123 1652 359 1100 1066 354 1429 1646 249 1576 1195 895 641 1786 1637 907 476 1834 1573 1672 984 1662 117 353 1985 214 1334 37 427 1229 1227 178 585 1015 1023 1465 771 828 1794 80 1329 1033 999 597 1399 974 1274 961 1063 371 450 1705 869 475 1438 1333 379 1234 67 341 97 1620 820 1994 720 1374 1582 1804 119 924 1656 1687 596 317 1717 304 99 677 1432 931 160 479 653 807 1367 1527 1450 1581 874 982 1727 1665 1315 138 2 1739 507 199 357 293 985 695 370 1394 780 1034 1914 1223 474 315 1783 88 710 636 1142 1838 916 535 155 1059 1682 744 254 1466 777 212 642 877 1797 1561 210 1889 227 1446 1424 1098 1708 1602 944 192 1240 1666 563 1746 168 279 243 829 1040 1162 68 1698 1277 171 272 1048 1738 1761 1244 1579 1283 751 1780 74 58 539 1073 1262 1839 529 1002 739 335 1788 1888 446 973 1847 1210 1097 128 1042 1489 1706 517 16 953 318 206 929 55 859 1222 83 938 1448 1230 917 1552 456 1816 23 1703 202 1067 643 1173 1990 432 1357 1257 89 439 1368 826 1453 1681 980 1819 901 656 1926 1250 28 340 1194 1980 527 411 508 303 775 975 295 1799 1699 322 433 727 1455 1124 668 1922 903 1434 1306 1219 1997 1270 939 565 1556 100 846 239 1928 1614 1017 1081 1379 847 1105 704 355 
minDistance: 4.9503
cost: 246803
capacity: 199291
time: 59311
maxTime: 60000
LS1: 35420/36753
LS2: 536/1333
LS3: 0/0
shakeIters: 769
shakeLoops: 74
