4.35063:1208 4.38359:1330 4.4996:1615 4.51666:1824 4.56519:2141 4.65283:2492 4.65788:2750 4.66627:2840 4.67588:3062 4.68806:3148 4.70534:3681 4.71943:4713 4.72824:5470 4.77126:5628 4.80482:6055 4.85851:6134 4.8666:7783 4.8811:8810 4.8882:10361 4.9503:13548 4.95262:13971 4.95331:14115 4.95682:16153 4.96438:17947 4.9685:27962 4.96988:33458 4.97206:34161 4.97276:53022 
1029 322 1250 382 1216 1917 1780 709 1177 807 253 1846 1924 1361 58 585 1053 1954 1706 1243 630 2 74 1195 1429 907 1011 1293 1746 251 1980 641 1996 1550 1513 695 1248 1019 670 1240 903 770 722 1703 309 548 1 430 15 1364 1888 1416 1839 1023 1210 1432 370 1552 782 1509 628 1938 710 973 433 1041 1466 1110 210 1789 325 164 234 798 653 192 777 1596 1334 984 1828 358 160 1787 444 568 239 680 1219 1180 1130 596 1399 1040 643 738 772 1191 574 1614 1465 414 252 46 739 1788 1194 212 1933 304 254 1367 1446 1408 1063 1225 1124 1972 1662 1786 456 529 1066 396 778 466 860 879 1738 790 359 944 1033 450 1634 1274 1420 94 1681 1306 838 198 162 517 227 257 1453 80 1368 1100 119 668 1561 1801 439 1735 1478 917 117 851 1994 1716 42 727 1797 1154 1105 1027 552 1221 895 16 1409 1872 699 1439 1108 421 97 1410 1012 33 758 1837 654 1657 293 1894 1438 1637 901 250 509 1647 340 617 527 260 1502 1573 1990 475 1702 1230 1935 862 1056 997 829 1270 875 1437 1542 874 656 1955 318 1454 953 514 1783 1526 223 563 1371 50 947 403 1680 565 925 1944 1284 1190 112 1434 1138 1073 535 1796 1692 1922 904 194 1739 884 1329 1072 1971 626 1914 1705 203 689 1193 1048 1081 216 845 236 657 401 642 88 1803 
minDistance: 4.97276
cost: 244113
capacity: 199255
time: 53022
maxTime: 60000
LS1: 36571/37866
LS2: 426/1295
LS3: 0/0
shakeIters: 841
shakeLoops: 80
