4.41403:1345 4.45193:1472 4.45332:1570 4.45333:1759 4.53339:2413 4.5726:2519 4.6061:2592 4.67966:2867 4.68806:3372 4.69043:4085 4.71543:4156 4.72824:4504 4.73964:4583 4.746:4662 4.79921:4814 4.80312:5793 4.83441:6624 4.86439:6929 4.86973:8010 4.87604:8125 4.88759:9338 4.8882:10091 4.88822:17952 4.89342:18745 4.89343:19082 4.89871:19762 4.93419:19819 4.9503:25298 4.95331:25556 4.97055:25842 4.97206:29346 4.97276:29427 4.97951:34378 4.98677:38435 5.00996:42822 
1056 253 1985 585 340 1439 206 119 974 1560 124 924 1866 917 304 94 239 860 668 1626 829 1408 97 1773 984 907 1053 58 164 128 1180 1195 1596 1508 1449 1255 1839 1219 88 1048 83 1410 1801 137 1687 410 1409 563 944 1789 1027 1063 963 1834 1717 982 1614 1968 1003 1023 1485 715 1124 227 875 1814 1516 192 614 985 293 446 315 596 1248 1016 1306 318 1416 647 535 904 1328 1240 321 1040 346 117 1361 1454 825 325 1466 1527 472 654 1108 862 1634 359 1274 1271 1222 1513 193 1437 865 1362 1894 60 1032 425 1794 246 1263 771 236 1225 1304 798 1554 695 1190 1059 1706 599 1247 565 1703 1011 1797 1914 1667 641 1788 1922 842 50 1010 432 874 1283 433 1193 1889 576 1368 1183 895 1681 1479 155 244 1164 1134 710 198 780 1396 704 961 403 212 1374 1637 1399 1223 1990 1465 1050 1450 401 341 1735 1427 475 185 953 1647 1542 670 806 317 207 627 450 1720 626 1243 1556 807 941 1177 1863 112 89 502 821 834 1256 1697 727 74 1423 1379 1105 1203 214 577 1154 705 1705 357 1683 1432 1244 80 1550 1739 707 1446 1367 782 1983 720 1951 772 1429 1817 643 683 1738 1230 1250 1746 1786 1664 279 20 969 1277 1917 1696 1888 519 1796 699 1315 1561 370 1565 1081 81 1349 1573 1191 160 1334 1194 739 
minDistance: 5.00996
cost: 239447
capacity: 199158
time: 42822
maxTime: 60000
LS1: 38593/39890
LS2: 387/1297
LS3: 0/0
shakeIters: 875
shakeLoops: 81
