4.45158:1530 4.49544:1619 4.51373:1796 4.56935:2053 4.6061:2414 4.64248:2819 4.74262:3172 4.75439:3926 4.75687:4212 4.79354:4355 4.79921:4536 4.81022:6114 4.82114:8314 4.83834:12055 4.85519:13304 4.87763:16840 4.87769:19870 4.8811:19926 4.88383:22180 4.88759:22875 4.8882:23571 4.89871:29657 4.92571:30205 4.93702:32846 
1300 1324 171 511 668 513 548 865 1394 1187 941 262 1008 193 807 170 1255 1561 1659 1656 1789 1637 1290 1446 1926 844 212 253 720 1624 1367 1513 869 1797 1596 1680 689 138 777 272 459 1180 198 780 1016 1124 1527 897 1664 1985 573 626 985 1657 1063 1801 254 168 227 1274 414 97 1997 1662 1665 341 653 1230 1579 1353 1917 499 820 984 1387 595 367 1552 1172 1086 370 180 293 738 1787 1817 559 1280 514 1854 1794 1429 527 976 199 315 845 479 1221 1432 1894 203 1450 552 421 439 1073 1277 903 1019 1219 1449 1830 1875 1914 1569 710 1761 801 1954 795 205 862 829 770 1021 874 279 60 652 877 1634 1438 1398 934 1105 1050 925 823 860 1436 907 917 1283 488 1517 1110 1250 340 123 1542 2 945 939 643 704 1856 1681 1399 1023 778 1177 1305 304 901 412 838 1935 771 443 1225 1746 1837 1687 433 1573 1195 535 657 1610 1973 128 628 1705 357 1739 80 1350 1489 1162 879 895 1593 239 1248 1479 975 244 252 596 1048 727 1922 670 295 509 983 450 1164 1466 1123 517 510 112 1127 425 1081 577 1423 165 1888 1416 359 160 1442 1706 1839 303 1834 429 445 842 176 1453 1655 990 206 1011 136 645 1017 1620 1994 1334 1612 1304 411 654 1454 585 1437 1339 318 1306 1033 325 192 641 1502 1240 1788 1614 1059 1738 1408 
minDistance: 4.93702
cost: 243669
capacity: 199213
time: 32846
maxTime: 60000
LS1: 39202/40476
LS2: 395/1274
LS3: 0/0
shakeIters: 855
shakeLoops: 81
