4.28165:1447 4.42767:1790 4.57039:2086 4.59327:2321 4.6061:2579 4.61998:2921 4.62627:2986 4.63076:3473 4.65788:3791 4.66202:3993 4.66379:4126 4.67588:4234 4.68806:4358 4.69445:4624 4.70281:4737 4.70534:5602 4.72917:6518 4.7504:7486 4.79354:9158 4.79468:15552 4.81022:15686 4.83773:17296 4.84054:18092 4.87922:18262 4.88246:21031 4.8882:21765 4.89343:24367 4.89858:27162 
1230 1277 1177 1620 652 1283 1465 48 335 164 984 1889 1565 178 1576 1637 1059 160 1697 1172 165 1306 1624 74 1376 771 720 138 80 838 982 780 1222 726 1381 668 941 683 599 806 1602 1819 1089 192 279 1019 1387 527 1797 1389 1015 1415 675 964 325 1614 236 1053 475 1554 1612 764 1408 503 461 479 645 247 842 801 585 1789 1257 1191 1535 1271 525 1596 653 1193 727 834 772 468 295 1635 206 176 354 744 411 227 884 875 97 627 88 777 1288 1255 433 1240 845 1334 128 657 1994 917 1516 1662 1513 820 846 1206 334 1837 1063 1788 865 1190 412 1529 1081 358 821 704 1073 382 1344 815 269 254 1322 1675 1048 293 450 488 1645 1225 975 1399 359 429 1275 210 1151 1738 847 710 829 149 1562 180 1856 1739 535 953 1922 402 1502 211 1634 1560 1783 584 340 954 1761 1626 317 1796 5 1067 446 974 1041 1180 582 421 629 918 253 600 1394 1666 1256 168 592 230 1033 614 912 1746 1527 313 513 1466 1888 907 944 685 924 509 1990 823 638 1023 1105 1681 1011 825 1799 1250 1951 203 212 985 346 689 1290 519 903 323 1203 1181 641 1912 1834 1540 938 469 782 425 666 1509 1861 548 761 1985 13 1762 119 1964 1357 1438 879 1446 1409 1917 1216 703 1090 715 502 567 1130 596 1124 1179 1548 1369 480 4 874 304 1647 849 239 1542 
minDistance: 4.89858
cost: 245811
capacity: 199191
time: 27162
maxTime: 60000
LS1: 35621/36921
LS2: 471/1300
LS3: 0/0
shakeIters: 801
shakeLoops: 76
