4.02769:929 4.28142:1490 4.37942:1649 4.48713:2070 4.573:2357 4.59912:2999 4.62717:3420 4.65283:3630 4.66215:3773 4.68806:4217 4.70281:5134 4.7162:5330 4.72824:5429 4.73589:7752 4.7504:7818 4.76233:8723 4.78536:8878 4.78955:9082 4.79921:9166 4.80683:9228 4.8193:9347 4.84399:9518 4.86439:14050 4.86973:14236 4.88246:14922 4.88383:15635 4.88759:15693 4.8882:15964 4.89343:16646 4.92214:20595 4.92716:21417 4.93419:27126 4.9503:27348 4.95682:29445 4.96085:35554 4.96438:43675 4.9677:51025 4.9685:51890 
1801 722 1073 1626 1377 445 1510 1273 74 252 31 1687 1466 427 253 1706 1334 1105 973 86 1302 1248 119 272 961 370 907 1810 1682 653 212 771 403 739 1637 1996 895 1983 309 1011 945 1888 1012 262 1698 917 13 1579 527 1574 479 1788 1889 1100 1172 116 1454 60 1739 548 1933 459 862 1513 1109 1990 468 88 1479 128 1364 668 984 1240 1329 1349 1306 670 1034 751 1177 540 192 1717 904 1119 340 412 1124 1250 1552 5 1040 1738 1410 616 1783 2 475 378 860 1180 1647 1195 1432 293 1681 1409 1342 1041 68 155 1703 699 704 1975 322 1944 336 1048 614 160 1761 1565 78 1067 389 1872 1854 429 1778 1727 1596 1123 1954 1081 1837 100 1985 944 879 807 1855 1274 254 715 203 617 1573 1423 1614 627 903 357 247 236 1367 877 216 1665 688 227 1210 801 737 641 136 838 1966 317 1255 1222 842 513 1746 1408 1781 1142 80 1056 1576 552 1288 567 734 829 433 1992 168 574 859 1655 1922 901 325 318 206 1374 1420 1429 975 924 1438 778 198 1063 1515 1164 1205 985 777 1657 738 1446 845 1914 683 720 780 1634 689 1509 1023 626 1455 1230 596 707 1368 1527 266 239 874 695 1200 514 1535 50 1371 1669 559 1110 1284 1612 563 129 851 1656 1773 535 1465 1090 279 484 1225 1972 123 1926 354 1315 1129 1789 1434 89 
minDistance: 4.9685
cost: 245567
capacity: 199316
time: 51890
maxTime: 60000
LS1: 36428/37734
LS2: 452/1306
LS3: 0/0
shakeIters: 816
shakeLoops: 76
