4.04359:760 4.23078:1206 4.45158:1510 4.46524:1630 4.55214:2207 4.56935:2318 4.61448:2523 4.62299:2595 4.64285:2659 4.64972:3921 4.65283:4234 4.68349:4547 4.72437:4860 4.79354:5051 4.80666:5113 4.84899:5257 4.87604:5432 4.89343:8542 4.89871:12712 4.92214:14301 4.93213:16254 4.93419:17067 4.9503:17805 4.95331:22329 4.95682:23671 4.96438:29030 4.9677:30058 4.9685:38640 4.97276:40233 4.9752:46017 4.97767:48210 
1210 279 1780 193 479 168 1455 1801 825 615 540 1429 121 1096 315 1193 715 695 58 1432 1944 474 1229 1078 976 798 1367 1634 271 1861 1063 260 212 599 720 834 80 1602 1019 1108 1304 1607 1364 1834 1056 739 357 1717 1230 1508 917 1288 123 1328 1450 1368 1351 708 1576 1394 1903 1124 1118 1913 2 1527 247 1700 1814 1081 439 219 23 904 1983 1250 1195 1836 878 1762 1796 1928 1437 1365 236 206 1033 230 433 421 301 1222 13 185 780 751 1994 642 1216 528 1194 829 924 1573 1623 456 8 627 509 1151 214 1053 1993 1786 1262 965 2000 801 1788 879 703 847 1315 1073 933 727 497 411 1513 5 1889 808 903 1244 772 1612 1626 1100 83 1374 552 475 1274 1545 1131 722 1293 535 1855 1819 1641 683 375 1011 97 1399 420 1048 199 1506 953 1283 243 985 777 704 1438 1985 1059 1454 1446 117 807 881 1655 1371 293 1761 370 89 1416 516 574 1225 744 1966 699 133 1548 1797 1256 1501 81 1190 771 210 1423 689 653 1434 982 1647 325 192 641 1914 1240 1027 1154 1223 718 483 288 119 406 1134 529 1579 846 657 1956 1926 1556 1703 862 1687 1922 1023 198 1697 1284 938 707 1681 1510 1379 1535 1257 1453 227 612 1248 1894 1542 1012 388 1565 668 626 323 643 1637 1739 941 88 1040 527 514 1058 1495 831 1996 907 450 916 392 974 
minDistance: 4.97767
cost: 246470
capacity: 199201
time: 48210
maxTime: 60000
LS1: 35823/37159
LS2: 507/1336
LS3: 0/0
shakeIters: 798
shakeLoops: 75
