4.23273:1214 4.28165:1372 4.31628:1672 4.45158:1929 4.50677:2175 4.61631:2545 4.62299:2924 4.66249:3212 4.66627:3271 4.71113:3495 4.71943:3642 4.72917:4063 4.78955:4752 4.79354:5016 4.79585:5086 4.79722:6194 4.79921:7056 4.84399:8278 4.85452:8617 4.85519:9703 4.87604:10068 4.87922:12001 4.89343:17232 4.90391:32159 4.92116:33015 4.92266:59133 
670 1180 1789 1710 431 341 1702 834 806 1602 198 975 117 683 563 771 729 860 1856 1230 726 509 1620 1542 295 260 998 613 80 304 1466 58 1240 1172 792 1697 656 1485 1138 720 1834 239 1796 584 1448 1105 1687 932 357 1855 309 508 89 1761 1394 50 1184 815 35 171 1875 206 1692 1446 211 948 1975 49 1280 1291 1657 1415 456 1073 614 1954 279 1408 13 1637 445 1837 1416 1284 1238 1513 682 1288 1131 1019 934 1996 917 140 704 1002 293 1051 346 1706 1797 192 1122 1324 1255 1610 1672 479 1852 1023 1449 823 1560 1632 641 1894 340 1434 1994 517 1676 710 703 1262 1626 1177 1040 780 60 829 535 97 1302 573 1203 1783 160 1350 1399 16 180 1614 845 821 443 869 1576 1190 1681 1410 475 599 379 1053 1124 1277 421 907 668 450 984 1739 901 254 1427 375 1194 1573 193 1590 335 499 1799 544 877 1273 4 1474 1334 1708 433 1386 820 412 1367 1950 1914 168 1187 165 1389 982 722 178 1862 1216 138 99 828 838 1397 248 1840 199 212 1059 1561 318 1432 875 1428 321 985 1662 1225 1554 1727 1726 429 1401 1357 5 364 918 1003 1556 128 382 1151 590 777 770 236 1788 1489 1243 1271 657 1786 355 807 638 534 585 642 203 801 41 643 1387 1339 630 234 1381 1443 1569 253 1315 315 478 1596 303 227 1997 1063 1420 1081 1738 
minDistance: 4.92266
cost: 246090
capacity: 199182
time: 59133
maxTime: 60000
LS1: 37168/38436
LS2: 417/1268
LS3: 0/0
shakeIters: 825
shakeLoops: 78
