4.11922:885 4.37942:1377 4.45333:1568 4.54138:1932 4.55214:2094 4.573:2947 4.62717:3401 4.66379:4407 4.67096:4549 4.68795:4604 4.68806:4664 4.69689:4809 4.70281:4915 4.718:5168 4.79354:5541 4.80683:5779 4.81476:5928 4.87922:8682 4.88759:9024 4.8882:9118 4.88822:10470 4.93419:10795 4.93616:16319 4.95682:17721 4.95757:33050 4.96438:33180 4.9677:35826 4.9685:46959 4.97206:47017 
975 739 1334 1716 509 1257 1951 1002 1786 528 695 322 513 1889 375 1799 192 901 168 778 846 807 722 411 869 585 653 1735 47 1200 1223 1124 206 1861 1513 860 1250 262 798 642 80 88 1789 1081 1495 647 821 1727 123 1408 1922 370 916 443 985 917 1248 1180 1662 1454 112 1172 780 657 169 136 1738 297 1108 708 630 210 1450 1834 1371 1409 1240 684 1274 845 1914 1329 1451 1073 1314 1773 429 1221 1656 1669 214 770 456 1016 318 689 1954 748 1687 1356 715 1596 808 801 574 99 563 16 160 1634 1509 1059 920 907 924 1717 1612 777 1190 178 1151 544 13 253 1839 643 487 1828 720 74 1193 599 227 1682 641 552 903 199 535 1637 1788 727 1014 908 529 89 1284 1700 212 844 23 1195 900 1683 1434 644 165 1465 1761 239 185 1315 1980 309 925 984 1781 539 339 468 1620 1011 1975 476 1040 1996 347 155 704 1432 1222 432 1008 1489 1437 1427 1972 1944 1576 1194 1429 357 317 1050 877 433 1696 1681 78 1705 1291 667 293 1455 236 1416 668 1306 1383 583 315 1453 1023 1399 1367 250 1614 128 1436 1657 1283 527 1328 1542 584 1357 764 1391 1012 729 1829 119 1990 1797 1333 325 874 838 97 1665 472 1647 427 359 1225 117 1177 961 559 1964 1689 941 1063 1819 1123 450 254 1985 1446 1837 98 
minDistance: 4.97206
cost: 244300
capacity: 199215
time: 47017
maxTime: 60000
LS1: 37711/38999
LS2: 380/1288
LS3: 0/0
shakeIters: 879
shakeLoops: 83
