4.21209:1046 4.45109:1618 4.45333:1714 4.57126:2139 4.61631:2311 4.62604:2558 4.62717:2778 4.65296:2926 4.68806:3357 4.746:3694 4.7504:3777 4.76477:3871 4.77165:4020 4.78136:4164 4.80482:4765 4.81022:4899 4.82141:4975 4.83773:6026 4.85519:6261 4.87769:6569 4.87922:7577 4.88383:7804 4.8882:10665 4.89343:15136 4.91371:18964 4.92116:21005 4.92214:23666 4.93419:26320 4.9503:26616 4.95682:32454 4.95757:38924 4.9685:43613 4.97276:43772 4.97767:54588 4.97951:56129 4.98289:58928 
585 630 1997 1250 1306 1952 1560 180 1351 13 1788 1985 1942 1794 1272 1909 1540 1243 689 615 1972 1542 433 965 1512 421 1053 722 1437 653 552 1855 506 1933 845 1379 1063 74 1819 304 1031 117 375 1577 1739 89 1507 846 1924 1526 1244 703 1662 364 370 68 707 112 1329 849 479 1454 1479 1017 1966 900 227 879 1556 168 944 726 907 1081 33 340 1255 354 806 1705 723 247 969 322 1382 851 1681 1364 1573 1200 1230 695 325 924 771 1702 842 710 1839 1283 1182 357 829 1727 1446 530 932 1576 573 704 1889 210 1951 1678 917 1416 1935 250 1429 1124 735 1058 1626 904 729 1367 246 1856 1735 431 1687 1191 1398 1239 1453 46 1773 206 239 982 680 1697 878 251 643 294 1761 973 577 1914 1996 1913 165 1610 535 584 1172 780 191 81 1277 1223 353 1184 670 185 1801 1432 807 1195 336 916 1389 875 1596 293 903 514 236 1240 1082 770 318 1536 219 1177 521 1399 199 20 641 959 192 1120 214 447 1614 303 1391 198 669 1922 1041 475 1696 1703 727 382 626 410 798 1056 1513 1466 264 718 1229 801 1450 1002 1193 1222 1134 94 1003 1816 860 1565 1854 1194 35 668 1248 341 953 862 1600 1274 97 1438 414 1023 425 567 1666 248 1183 1225 1019 1509 279 1057 974 1738 1717 450 1489 527 1706 1131 1954 
minDistance: 4.98289
cost: 246316
capacity: 199289
time: 58928
maxTime: 60000
LS1: 36501/37875
LS2: 483/1374
LS3: 0/0
shakeIters: 855
shakeLoops: 79
