4.45158:1469 4.45332:1658 4.5726:2126 4.60167:2344 4.60821:2634 4.61448:3162 4.62299:3305 4.63076:4718 4.64545:5677 4.68806:5934 4.70999:6928 4.73732:7192 4.74325:7443 4.7504:9177 4.75156:9955 4.77126:10779 4.77165:11160 4.78232:14729 4.79354:14850 4.80666:15564 4.80683:15970 4.84584:16284 4.86202:22508 4.88383:23324 4.89227:25843 4.89692:28787 4.89858:29511 4.92342:34662 4.92659:36116 4.93151:36181 4.93419:36332 
318 406 1682 359 375 1746 1387 1943 1527 227 901 1081 1283 475 370 450 1576 1702 829 1980 1191 1423 1542 1655 1107 176 917 1788 1073 1306 119 1509 1308 198 72 703 78 502 252 1288 1105 325 825 1489 1416 1681 726 1223 1216 907 574 112 50 1434 975 1371 1353 464 13 194 984 695 1928 812 199 1716 777 775 1990 924 260 1072 1613 1193 643 1280 1577 247 160 1662 192 1304 630 1108 353 1914 527 756 1389 1486 778 1100 727 1098 1626 1465 1889 1027 1450 583 1151 1367 152 1229 772 1432 1926 859 849 1828 807 1717 585 780 81 1565 1123 834 1240 1816 1454 1624 97 626 1781 1917 1463 1154 23 171 88 1344 1438 1797 1021 1656 1834 89 1337 1274 1057 548 689 847 1211 722 1653 976 340 1078 1244 293 202 1700 212 1195 479 862 1839 1172 1786 1239 845 1492 193 1996 903 932 203 1368 1687 357 1596 421 653 510 1250 961 1379 246 1177 715 447 304 1383 614 1938 401 641 729 1573 1063 433 164 1561 128 999 1033 73 1933 668 1780 1907 1056 1623 1041 503 1023 1735 1697 860 206 1513 1255 1862 985 953 627 1680 1466 2 1284 1446 1349 1374 723 1230 1612 414 492 704 1602 1994 965 1634 509 1875 123 1399 1429 354 535 234 1124 1437 900 1187 1556 1131 210 720 303 214 1011 879 735 1620 634 842 552 459 
minDistance: 4.93419
cost: 242702
capacity: 199165
time: 36332
maxTime: 60000
LS1: 36377/37653
LS2: 423/1276
LS3: 0/0
shakeIters: 822
shakeLoops: 75
