4.18346:975 4.275:1236 4.36401:1590 4.45158:1955 4.46524:2069 4.50683:2390 4.5528:2794 4.59009:3086 4.62717:3470 4.66033:4109 4.66627:4629 4.70999:7051 4.72917:7256 4.74262:12166 4.75156:12822 4.77126:12892 4.80683:13857 4.81677:13913 4.83649:14004 4.85519:14232 4.8811:14351 4.89378:14435 4.89871:14582 4.93213:16198 4.93419:21586 4.9503:36314 4.95331:36497 4.95682:39181 4.96438:50788 4.96988:56422 
1985 756 715 668 1794 1837 406 1193 1500 202 689 1223 527 807 1573 1740 1398 726 1190 1466 1788 1230 247 1334 1042 1274 1429 657 727 1746 81 293 808 456 1124 974 1195 318 552 1913 1056 1502 585 210 198 1229 879 704 1631 917 1064 1634 1356 1238 599 1364 1244 1662 78 1716 975 1108 1180 1637 1971 788 370 50 1216 901 1177 1284 483 1697 117 165 60 382 1431 1247 99 528 1040 903 1596 777 1935 23 630 1561 1797 1023 503 1222 544 1888 1063 875 1105 534 801 1803 1542 641 168 1486 1383 1081 1100 325 1172 1894 908 1283 720 1614 1225 193 1304 798 380 254 353 862 613 1011 1160 1665 1717 627 1829 340 112 647 433 124 858 614 341 164 1702 1556 1006 375 915 626 450 1368 1576 877 1696 354 1154 147 475 206 1131 860 1680 1620 1786 1250 907 236 1643 1432 1922 1839 239 1416 942 1550 128 155 359 227 1996 427 1184 1914 778 976 1966 369 780 1059 559 1330 916 821 1379 710 1211 1367 985 203 1610 1021 953 1735 1412 1526 357 1454 1437 773 379 1681 414 1248 1461 895 1647 97 1041 1306 573 80 1288 643 429 1446 58 1835 529 1240 425 941 1773 671 1565 140 1410 1448 249 1350 13 492 748 1277 89 1513 987 1476 1664 1221 1885 1187 563 1761 214 653 718 1427 628 1194 487 1669 1428 535 1527 212 
minDistance: 4.96988
cost: 239566
capacity: 199240
time: 56422
maxTime: 60000
LS1: 36764/38067
LS2: 472/1303
LS3: 0/0
shakeIters: 801
shakeLoops: 75
