4.5726:1609 4.573:1854 4.6093:2086 4.62717:2264 4.63076:2438 4.64972:2768 4.73964:3435 4.75929:3744 4.76233:3971 4.78057:4111 4.79354:5650 4.79921:6647 4.84054:8196 4.87604:8936 4.8882:13094 4.90391:19684 4.91984:19934 4.94135:21393 4.95757:23315 4.96988:25636 4.97055:26516 4.97276:29996 4.98209:44332 4.98712:44472 
206 1692 1788 1626 1059 1509 99 735 668 798 321 829 1759 1560 353 1190 1244 1681 778 1575 772 1023 1073 720 579 1450 1817 877 1270 916 1799 1362 1032 5 335 627 1990 293 715 574 931 1985 1613 250 535 1240 1383 1438 1229 1797 1682 193 254 339 94 364 907 771 169 1542 1594 585 695 1222 1550 1688 1993 1875 432 1055 210 643 821 358 288 1466 641 1194 1322 1067 1489 1951 704 1746 138 838 1288 1191 592 1796 1980 1479 117 429 1446 1786 1255 1371 89 565 1374 168 1150 1453 50 1935 295 1410 80 1391 920 165 874 1657 1308 1513 119 1056 1344 74 710 917 126 1081 780 1717 807 653 657 689 1225 185 509 1662 1866 1379 1834 1816 1040 1041 1248 88 1434 647 1230 599 1669 334 722 1304 1687 1994 1836 1429 764 475 875 1607 820 730 1124 708 519 480 563 483 1274 729 1702 1008 1861 975 1399 1195 1738 903 1365 1066 534 1614 961 1328 577 325 1996 247 527 476 439 1394 1719 862 192 645 370 777 1180 1014 1367 16 1803 487 212 1623 198 727 1727 801 431 60 1003 1647 1179 1476 279 1223 860 1855 1193 953 630 770 1637 617 1954 1451 421 1283 639 239 1495 1063 1781 174 1924 456 1357 1200 544 1053 468 375 983 318 985 1581 792 128 97 236 227 1562 1437 1219 178 1914 450 304 112 1211 726 1576 433 359 
minDistance: 4.98712
cost: 246396
capacity: 199182
time: 44472
maxTime: 60000
LS1: 35483/36765
LS2: 445/1282
LS3: 0/0
shakeIters: 813
shakeLoops: 78
