4.30831:1279 4.35743:1695 4.45158:1978 4.53304:2185 4.53339:2246 4.59327:2693 4.60167:3490 4.60821:3562 4.66049:3835 4.66627:3930 4.71977:5388 4.73964:5915 4.79354:6035 4.79585:6108 4.79805:6190 4.79921:7059 4.80683:7211 4.81022:7466 4.83441:7525 4.85452:14860 4.87604:16852 4.87759:21612 4.87922:21877 4.8882:27327 4.89342:31111 4.89617:31219 4.89871:31272 4.90741:38384 4.91731:38525 4.93213:38630 4.93419:44306 
1573 1183 1230 795 643 723 969 729 614 1041 168 1455 1423 726 904 862 1542 647 179 1399 370 1951 779 780 479 234 923 1394 1040 869 773 826 585 1448 279 1195 689 192 985 653 1451 1247 1666 1351 227 1016 318 1727 1193 1124 917 1443 1387 322 1383 782 579 1614 807 1250 627 704 865 1552 1367 1914 1271 1554 97 1219 1238 744 1633 1676 410 1935 304 844 1368 1379 1306 446 1012 884 1023 47 1835 1337 1645 401 236 341 710 80 2 1894 50 412 715 1117 984 450 1437 1466 83 1544 1248 838 1430 58 1844 1334 1968 437 1391 1119 875 207 1594 530 1540 1565 1624 1973 46 626 406 991 535 1647 293 1172 953 1149 1449 641 1470 112 1410 1304 941 1216 165 727 1888 502 459 1210 1909 1019 1692 1513 1059 1032 35 772 829 1576 845 1277 1225 33 596 1256 1789 1274 1889 906 421 1211 1416 823 1983 1610 854 834 806 193 1434 1875 1516 1454 617 1273 1108 488 1154 1409 1801 124 916 1374 1788 432 1240 901 798 1990 445 212 389 1794 239 295 552 1288 1465 554 354 1708 1011 1063 668 57 1073 1861 67 1217 1393 573 982 683 771 5 1053 1637 340 1575 346 1994 555 252 1626 1151 1096 527 1634 1329 907 695 1255 492 1376 1432 358 355 456 206 1720 1507 1796 160 1131 1244 1797 1681 1081 1015 1665 931 269 1024 1438 1852 
minDistance: 4.93419
cost: 245412
capacity: 199375
time: 44306
maxTime: 60000
LS1: 36792/38210
LS2: 578/1418
LS3: 0/0
shakeIters: 809
shakeLoops: 75
