4.24353:991 4.36825:1229 4.41403:1345 4.5335:1802 4.59912:2026 4.61448:2573 4.62717:2728 4.64248:2908 4.67966:3481 4.69445:3806 4.72917:3956 4.7504:4104 4.75186:4164 4.75547:4241 4.79921:4376 4.80312:7565 4.85185:8589 4.86439:8827 4.87922:9019 4.88246:11664 4.8882:32132 4.89343:52473 4.93419:52641 4.94984:56120 4.95331:56937 
475 1917 509 1151 1802 1450 1304 903 922 1053 1837 838 1509 1448 879 1907 1776 782 164 335 1664 982 1914 317 1613 1280 704 643 1889 479 1315 751 203 801 1797 193 1073 1437 668 450 238 254 447 1354 354 1429 1975 1794 1041 155 340 446 1283 1513 128 206 5 657 1703 1465 214 573 137 1359 1717 820 1427 815 1687 907 23 779 771 1131 414 1788 420 1451 1501 535 431 1662 1573 1626 16 210 1746 380 984 293 770 361 244 1399 991 585 1994 869 358 1515 1032 727 1442 1500 1614 1577 1270 1682 108 1531 406 565 921 1410 1015 357 443 780 1059 901 877 1796 165 642 1542 1572 1180 379 1997 1248 1526 456 1100 528 1386 1637 427 1647 1334 596 1743 1216 1416 1330 234 272 389 1357 1681 89 695 35 944 95 353 845 1044 249 50 1262 687 403 1789 726 760 653 341 149 849 540 1980 80 1219 976 1668 1150 1665 1040 97 211 1720 975 1383 279 1122 720 641 1255 1240 1016 126 807 168 178 439 239 773 355 1124 1108 924 1023 1861 1401 729 1322 1284 563 884 860 1033 917 1225 88 236 1453 1606 1230 2 680 1657 1288 227 1579 1434 1552 1666 503 1894 599 1314 1002 689 251 1466 559 1786 829 1446 433 1922 1634 124 699 1019 1223 1486 1680 1888 1409 839 749 370 1273 1729 1834 1194 123 1367 1193 1689 1620 1081 1527 99 527 1063 1374 1274 160 
minDistance: 4.95331
cost: 244944
capacity: 199280
time: 56937
maxTime: 60000
LS1: 37143/38454
LS2: 502/1311
LS3: 0/0
shakeIters: 784
shakeLoops: 76
