4.03737:799 4.22536:1303 4.5726:1956 4.573:2025 4.66249:2188 4.66627:2271 4.70534:3952 4.73993:5885 4.746:5980 4.78136:7761 4.78955:7927 4.79921:9979 4.81484:10081 4.8374:10821 4.85519:10961 4.87095:11030 4.87759:11295 4.88246:11350 4.8882:13807 4.88822:29174 4.89617:33415 4.91371:34155 4.92214:37701 4.94367:37838 4.95331:38607 
1516 815 1255 467 1293 479 1250 1594 1432 907 668 600 1582 1059 1011 1797 626 1446 1656 1926 1801 699 1350 1081 916 1466 705 1108 775 1459 507 205 421 1662 1097 1735 514 771 1280 1407 901 982 1262 895 13 1374 1637 1561 1687 1717 1645 412 859 573 879 128 260 1489 340 585 262 744 1063 164 929 1033 1368 1972 1089 875 253 619 923 1334 1573 777 582 1048 67 112 1240 149 670 4 254 1922 798 304 930 1377 1453 1454 1193 1415 1968 355 807 1465 565 568 780 207 100 1271 1761 527 1655 80 710 1408 1438 723 1012 1612 1456 1803 874 1706 1073 1190 1912 1576 1091 1996 97 865 1229 1508 1780 168 660 1666 1019 406 403 199 1367 429 1015 1990 315 1837 359 411 1082 1246 1040 974 461 1373 1154 1130 239 439 488 1783 1951 1216 250 941 1369 1746 720 1788 246 904 1815 35 1773 1124 683 483 522 845 227 1256 202 975 1105 212 382 801 1875 137 715 838 5 341 1191 160 1817 1614 704 214 1523 727 1626 1596 1102 685 1914 445 279 1819 303 653 829 204 1552 450 468 1852 849 695 1273 1510 78 509 1244 918 641 1560 1257 375 842 1862 917 1376 1023 1067 354 1449 192 739 1306 1696 1305 247 1031 1177 1289 1739 1288 1898 860 627 1151 1698 293 1834 990 89 357 772 932 722 519 433 1681 516 1786 1066 638 535 1230 1379 88 
minDistance: 4.95331
cost: 248560
capacity: 199240
time: 38607
maxTime: 60000
LS1: 35119/36551
LS2: 693/1432
LS3: 0/0
shakeIters: 714
shakeLoops: 69
