4.28142:1051 4.5726:1595 4.6061:1741 4.70999:2206 4.71636:2479 4.745:2635 4.76477:2843 4.79354:3279 4.79921:7756 4.80666:7834 4.80683:8564 4.81022:13115 4.85519:13211 4.86439:14057 4.86497:14706 4.87763:16351 4.88569:17309 4.8882:17364 4.89871:19603 4.9317:19661 4.93213:19713 4.93419:23019 4.93476:44510 4.93702:47292 4.95331:48282 4.96615:48527 4.9677:56003 
907 99 239 1449 117 315 1056 639 917 357 904 630 50 1416 1288 1787 370 340 1728 1194 1697 89 450 807 1280 825 1124 1379 643 879 1019 1256 771 901 41 1992 985 1384 1959 1432 875 165 236 1479 1195 654 427 80 667 1451 1666 596 1244 720 1486 439 1386 1839 1786 729 81 1273 1773 1935 178 828 1409 1367 1680 1391 1623 903 97 1330 544 884 1681 627 1183 1283 94 1034 801 860 1796 535 1073 1687 845 1819 1177 1337 975 1717 304 58 1513 199 695 358 1438 1788 206 653 1466 1783 1329 98 1894 16 137 1596 1446 844 1856 1033 447 984 974 1655 1284 1801 1966 341 704 636 613 689 726 1040 552 941 559 1855 1688 1658 668 1676 656 456 1928 1011 1794 1612 168 778 1637 1527 969 476 318 563 710 744 234 1996 585 1972 13 715 1240 1694 862 1248 1434 883 1647 953 1548 1645 2 322 1738 1376 379 798 128 1914 192 772 1374 68 1257 722 1746 1834 1509 1735 1756 792 214 1535 1703 1255 472 1542 445 1010 1888 1053 155 1863 1797 1912 1172 169 1131 1816 782 88 119 599 642 433 1702 1063 1614 1383 1761 790 160 900 1540 1573 1453 734 1696 1922 1023 508 1913 355 1328 1081 777 1274 1230 1665 527 279 641 1262 1465 1225 1983 1852 829 916 1316 353 288 227 780 294 212 645 756 293 1507 1943 1454 1626 1180 
minDistance: 4.9677
cost: 242748
capacity: 199168
time: 56003
maxTime: 60000
LS1: 37104/38446
LS2: 510/1342
LS3: 0/0
shakeIters: 805
shakeLoops: 76
