4.28165:1279 4.30133:1880 4.38359:2087 4.45158:2412 4.48713:2531 4.61631:2930 4.62717:3231 4.63616:3308 4.68806:3824 4.699:5732 4.71113:6112 4.76477:6414 4.79354:7261 4.79921:17581 4.83425:22469 4.86439:28064 4.87769:31447 4.8811:35193 4.8882:35355 4.89342:38405 4.89871:40267 4.90768:45637 4.92214:46665 4.93213:46842 
584 1399 582 782 1193 1681 513 5 723 1603 727 1796 1267 1561 647 1277 1924 653 941 1997 1797 214 1124 1437 1190 1040 1687 626 249 1834 1904 808 530 1990 74 1369 315 185 1149 1423 1019 456 1697 929 540 982 1164 1542 1852 1304 834 1100 1053 1264 1320 1861 168 1689 638 829 1789 1564 146 1376 817 1059 1466 1944 689 1535 1579 88 1509 907 1273 309 657 359 668 568 1430 1664 173 924 1996 984 1448 1358 917 450 511 704 475 1952 1454 1954 1573 339 1410 1738 364 1306 1993 484 1023 596 401 414 534 772 262 1786 369 585 1288 227 667 1051 675 682 1225 858 272 83 1240 895 160 469 1409 1485 1647 1926 205 1169 1012 1031 433 1105 97 1250 985 1364 431 1889 429 878 1527 1788 1394 573 193 918 16 1600 1878 279 1994 243 687 128 1953 517 192 1073 1914 503 780 341 1637 1367 1230 322 464 903 1387 1682 1248 189 807 1730 1081 1526 1479 514 1334 645 35 199 1446 1840 254 884 1727 425 773 492 1438 155 1091 720 1432 1096 1576 468 528 1443 874 165 1935 1356 1329 80 124 212 81 1645 1837 1247 751 138 479 1626 535 1191 726 770 218 1612 1328 234 1172 1717 777 357 634 1680 931 1666 1855 771 1937 901 1746 641 1383 1946 210 1211 236 1620 845 1735 1420 325 123 1888 1255 1634 1481 869 695 552 1072 1130 340 1763 94 1614 
minDistance: 4.93213
cost: 248255
capacity: 199206
time: 46842
maxTime: 60000
LS1: 34474/35813
LS2: 553/1339
LS3: 0/0
shakeIters: 762
shakeLoops: 72
