4.04359:695 4.47291:1501 4.52289:1699 4.573:1903 4.60888:2174 4.62717:3760 4.64248:3943 4.65283:4159 4.66249:6077 4.66379:6237 4.66627:6938 4.70281:9043 4.711:9307 4.79354:9547 4.84054:11937 4.87922:12722 4.8882:15156 4.89617:16595 4.9086:16716 4.92214:18509 4.9503:19545 4.95262:25777 4.96438:26682 4.97055:28620 4.97206:32523 4.97276:33982 4.98335:36521 4.98642:40407 5.00255:41638 5.00996:44113 5.01551:47043 5.01966:48156 5.01971:57485 5.02098:59903 
211 1194 726 1195 1073 1788 1337 425 1924 1446 322 1371 1454 1255 80 1840 410 785 128 723 1572 375 879 1647 1179 780 1739 1506 95 340 1229 1356 1600 1183 1438 194 629 1240 1485 1561 294 16 1216 1408 984 1034 1053 423 653 907 1662 227 772 969 99 476 318 1573 1914 807 1697 1429 1465 1560 94 828 1273 1330 1834 563 1474 508 1717 1063 1015 1230 367 439 1040 212 1033 703 210 934 626 475 173 1376 1304 534 1997 41 253 643 1315 68 1059 903 1012 875 1637 895 1738 1985 1596 359 119 1655 1527 1244 574 689 1954 1306 58 771 191 1410 1513 528 431 97 1105 1048 1594 160 358 1839 1401 66 953 1726 985 982 83 845 1613 1614 674 450 695 1542 1706 1405 1335 1846 1177 535 1786 1250 1108 401 782 1894 1803 630 519 874 1439 912 838 1727 516 1702 1067 1657 1334 1032 1466 932 748 820 1801 1796 69 1351 1014 1453 1648 1994 1666 1164 1922 1379 1478 961 1124 1190 1283 1735 623 1687 1681 117 1746 862 1817 770 1526 1191 12 1206 192 1222 1003 1917 193 515 1367 641 808 743 720 1703 1682 775 239 421 185 433 1172 829 1399 1517 1023 1804 1787 13 1223 165 1720 1951 1362 636 1664 293 1078 1002 821 668 710 842 1394 1423 1450 1509 355 1280 370 1274 1797 1689 878 1081 860 1626 1288 88 
minDistance: 5.02098
cost: 243600
capacity: 199210
time: 59903
maxTime: 60000
LS1: 36683/38004
LS2: 446/1321
LS3: 0/0
shakeIters: 841
shakeLoops: 78
