4.34139:1351 4.42588:1579 4.47291:1951 4.55023:2484 4.6061:2789 4.60888:3842 4.62239:3969 4.62717:4108 4.63669:4284 4.64658:5330 4.65609:5507 4.65788:7968 4.66046:9497 4.66049:9601 4.66627:11517 4.67588:17199 4.70999:17301 4.75186:19578 4.79921:21286 4.81022:28314 4.84049:29329 4.87604:29543 4.88383:47475 4.88759:47960 4.8882:48014 4.89343:48680 4.90391:54959 4.91371:57910 
198 964 847 1750 492 81 279 1131 1889 1762 807 445 1799 1804 1687 1786 35 382 1387 808 13 901 1972 684 1596 1788 1662 1502 628 1105 1032 1980 627 1954 1031 254 1612 1357 1190 704 727 1381 689 1944 439 1697 710 1368 1542 917 89 1063 845 1634 1797 568 1283 1657 209 1229 1448 1817 1134 1210 672 1453 683 1613 1173 1081 1225 1194 1328 99 1122 916 60 751 1554 1781 429 771 1432 642 357 117 1819 801 243 68 295 879 934 1356 619 203 918 468 504 1834 1994 1647 1277 224 1561 953 1437 358 795 1935 1255 97 930 396 346 585 1216 478 1637 322 780 726 884 1952 178 1429 1250 1579 1240 1624 1154 325 1495 985 1438 753 1124 643 900 483 123 722 720 80 1466 772 796 1840 1863 1443 1416 1565 1019 192 433 1040 1600 834 318 1783 778 641 1861 1334 1012 596 199 450 1738 1011 524 1746 829 119 1073 1023 1302 938 1151 234 1796 336 1705 1200 412 1614 1434 1257 1199 1367 1223 1729 1379 519 1221 253 1172 1439 653 912 1306 155 1383 907 535 456 1947 164 1059 904 544 272 112 1183 1364 212 1456 748 128 1509 782 1527 1211 1053 1267 695 1465 755 466 1914 668 715 1193 293 1485 1990 777 1856 1244 88 1582 1839 758 528 1446 379 370 1455 770 1513 1274 165 1450 903 1262 1681 488 
minDistance: 4.91371
cost: 241946
capacity: 199240
time: 57910
maxTime: 60000
LS1: 35597/36873
LS2: 433/1276
LS3: 0/0
shakeIters: 815
shakeLoops: 76
